(0 "FOAM to Fluent data File")

(33 (918 3444 1074))
(300 (1 1 1 0 0 1 918)(
0.266742
0.9298
0.0226445
0.266024
-0.0147217
0.896875
-0.793062
0.441663
0.246816
-0.372722
-0.39171
0.238478
0.757436
0.524296
-1.4187
-0.257883
0.394797
-0.67184
0.245819
-0.121699
0.486293
0.253464
0.256506
0.247105
0.307953
0.507652
0.63823
-0.00901246
0.0143491
-0.00587654
-0.0203982
-0.0824331
-0.109492
0.780501
0.831612
0.854292
0.215613
0.0435755
-0.649467
-0.722677
-0.710892
-0.839591
0.433585
0.437805
-0.456782
0.441769
0.453548
0.234205
0.246167
0.247106
0.248217
0.24713
0.248542
0.141096
-0.377625
-0.409892
-0.354084
-0.345024
-0.187234
-0.377494
-0.357416
-0.403154
-0.392792
0.168783
0.235499
0.232997
0.24346
0.250664
0.869351
0.84124
0.867388
0.781146
0.797622
0.735378
0.707977
0.544381
0.566089
0.510797
0.499553
-1.85995
-2.82918
-0.819303
-0.563217
-0.00712325
-0.270556
-0.279145
0.384511
0.387166
0.394543
0.406948
0.790281
-0.666734
-0.806516
0.245883
0.244673
0.253182
0.253863
0.249871
0.248963
-0.17201
-0.227748
-0.0402344
-0.0934332
-0.0786137
0.472341
0.468809
0.247661
0.244696
0.258294
0.280369
0.270572
0.00825626
0.314921
0.33301
0.325281
0.495286
0.490638
0.498838
0.611627
0.575483
0.675421
0.698531
0.00163356
-0.00119949
-0.245029
-0.144587
-0.185391
0.21166
0.204571
0.229875
0.218885
0.221239
-0.040886
-0.177307
0.129599
0.153205
-0.558739
-0.623975
-0.730418
-0.744484
-0.852982
0.291087
0.424616
0.425484
-0.474859
-0.393492
-0.534681
-0.319809
-0.384828
0.224656
0.231532
0.22658
0.241904
0.236444
0.238378
0.250443
0.247536
0.24907
0.203016
0.325698
0.0696752
0.0373672
-0.528617
-0.42911
-0.517408
-0.332785
-0.337827
-0.192293
-0.162124
-0.200195
-0.187949
-0.335347
-0.340972
-0.333413
-0.385158
-0.360915
0.161722
0.151129
0.180142
0.187249
0.227328
0.228317
0.230711
0.229317
0.658616
0.680967
0.688618
0.662391
-3.83746
-6.65618
-0.231704
-0.0915437
-0.00972332
-0.00310397
-0.00138558
0.000609019
0.00126968
-0.0114049
-0.202364
-0.212975
-0.249422
-0.236264
0.369338
0.370234
0.706874
0.700452
0.692648
0.645783
0.233946
0.236113
0.241666
0.237519
-0.344731
-0.279989
-0.305506
0.450846
0.46098
0.46035
-0.0273717
-0.111879
0.0543467
0.0814404
0.355374
0.338522
0.354201
0.386919
0.424733
0.706033
0.724413
0.722527
0.731067
0.775095
0.791491
0.756901
0.192516
0.201697
0.196835
0.233123
0.230777
0.231734
0.226836
0.22849
0.226133
-0.33077
-0.717713
0.212088
0.230162
0.200314
0.214285
0.366391
0.438386
0.405003
0.414713
0.416363
-0.252893
-0.313454
-0.00101811
-0.0368701
0.106344
0.139849
0.1213
0.629827
0.59037
0.640383
0.613621
0.575029
0.600416
-0.669765
-2.19376
-1.29965
0.266887
0.0759877
0.165595
-0.200072
-0.18636
-0.182189
0.688475
0.768437
0.381651
0.541632
0.554367
0.463795
0.494096
0.549063
0.475518
0.509324
0.543736
0.524078
0.251055
0.223607
0.218783
0.508548
0.56472
-0.139484
-0.192108
-0.23982
-0.152789
-0.0910635
-0.118759
0.736169
0.625138
0.70047
0.244417
0.245101
-0.0217883
-0.0507967
0.249205
0.249254
-0.024588
-0.0898496
0.147473
-1.12794
-0.151721
0.237601
0.228058
0.244785
-0.35916
0.0986379
-0.365659
-0.186967
-0.244586
0.236369
0.178034
0.141386
-0.0152448
-0.280748
-0.19199
-0.485494
0.242073
0.240408
0.244276
0.245323
0.245951
-0.0427667
-0.0427078
-0.0255247
-0.172674
-0.103091
-0.107817
0.209904
0.226372
-0.445706
0.244463
0.246551
0.24641
0.239489
0.245236
0.243401
-0.178434
-0.124171
-0.240611
-0.0413311
0.0751711
0.397484
0.495999
0.3603
0.132574
-0.107912
0.295734
0.362368
0.263319
0.424184
0.415699
0.431545
-0.0902803
-0.236796
-0.082305
-0.136774
0.235534
0.234162
0.226312
0.223493
0.239702
0.23776
0.242399
0.239279
0.242244
0.243643
-0.318964
-0.342796
-0.357725
-0.419043
0.0570214
0.314177
-0.00848374
0.0287942
-0.124485
-0.402
-0.383268
-0.350335
-0.338324
-0.287356
-0.254553
-0.214394
-0.195924
-0.274141
-0.253002
-0.34854
-0.305695
-0.323248
0.230291
0.229338
0.235514
0.242398
0.187235
0.190995
0.158287
0.177177
0.162436
0.108053
0.141197
0.116566
-0.0180652
-0.019223
-0.00550194
-0.28388
-0.319196
-0.144908
-0.0853196
-0.122314
-0.0864574
-0.0944359
-0.287927
-0.299668
-0.446799
-0.563032
0.692151
0.638084
-0.171525
0.231329
0.237696
0.234533
0.239192
0.242327
0.24324
0.240974
0.237558
0.227085
0.228925
0.225081
0.225466
-0.386819
-0.521626
-0.346855
-0.413376
-0.149878
0.346534
0.0882064
0.0286877
0.0240296
0.24044
0.640099
0.439649
0.444391
0.469279
-0.629191
-0.230612
-0.561522
0.0585064
-0.118612
0.394773
0.44601
0.468931
0.415608
0.366381
-0.403732
0.254641
-0.33213
-0.28895
-0.0993866
-0.201858
0.438959
0.399127
0.40381
0.418814
0.43798
0.403043
0.381515
0.378659
0.41524
0.420352
0.213271
-0.00915122
-0.0537972
-0.0912636
0.380847
0.254692
0.311406
0.227001
0.230311
0.233215
0.231713
0.214632
0.221914
0.217714
0.222991
0.226178
0.235469
0.235828
0.231161
0.233575
-0.319271
-0.327182
-0.300575
-0.40827
-0.400819
-0.446923
-0.342757
-0.207787
-0.243868
-0.0510472
0.0589344
-0.231888
-0.348199
-0.31838
-0.289829
-0.106143
-0.080805
-0.189538
-0.099491
-0.10744
-0.119484
-0.0170388
-0.0134024
-0.349995
-0.30794
-0.307497
-0.346643
-0.228491
-0.17011
-0.158779
-0.432544
-0.414152
-0.397952
-0.38527
-0.2813
-0.291882
-0.293998
-0.240486
-0.245599
-0.25748
-0.305966
-0.453047
-0.341808
-0.359024
0.225366
0.226815
0.226951
0.236431
0.249159
0.264065
0.229263
0.207938
0.199313
0.202331
0.17753
0.187236
0.182258
0.195314
0.214667
0.221805
0.221288
0.223541
0.20733
0.209248
0.19663
0.199527
0.177235
0.160362
0.149474
-0.146711
-0.0863549
-0.133636
-0.114846
-0.0479512
-0.0750135
-0.309711
-0.308576
-0.324406
-0.315188
-0.305531
-0.201604
-0.206242
-0.359898
-0.285316
-0.47038
-0.502229
-0.571898
0.601756
0.710907
0.529583
0.313628
0.317011
0.546496
0.639493
0.278716
0.452404
0.481093
0.264411
0.527751
0.23615
0.235719
0.233316
0.232752
0.23421
-0.303121
-0.202998
-0.186841
-0.138621
-0.0194129
0.0966275
0.000920816
-0.122248
0.0157924
0.024586
0.341607
0.358123
0.302544
0.327723
0.326128
0.153252
0.229257
0.284162
0.238993
0.282359
0.304302
0.265547
0.295346
0.2434
0.201438
0.200213
0.145752
0.166774
0.144382
0.126199
0.225813
0.204536
0.214375
0.20565
0.225321
0.253107
0.247731
0.274584
0.286522
0.210831
0.172224
0.181108
0.208441
0.170713
0.183927
0.198586
-0.0781685
-0.178318
-0.0894901
-0.381287
-0.295112
-0.31115
-0.356851
-0.315891
-0.029195
-0.729804
-0.701136
-1.33739
0.193749
0.667814
0.395425
0.367144
0.434292
0.41186
0.414715
0.441051
0.447596
0.369977
0.3883
0.391704
0.342767
0.368566
0.393097
0.39052
0.223942
0.105523
0.0968075
0.0579378
-0.064582
-0.0333594
0.170992
0.0929847
0.0200437
0.0248101
0.188694
0.0796853
0.144899
0.182955
0.115796
0.0721794
0.269997
0.337882
0.32955
0.303356
0.218776
0.230982
0.25726
0.293491
0.319904
0.355133
0.223037
0.228613
0.22982
0.227274
0.224735
0.227481
0.227535
0.230069
0.230933
0.233926
0.232886
-0.31808
-0.296097
-0.327347
-0.339305
-0.29324
-0.299942
-0.251487
-0.263651
-0.272775
-0.263785
-0.301217
-0.301351
-0.304917
-0.29124
-0.17173
-0.155027
-0.16578
-0.212576
-0.0380683
0.100128
0.163761
0.0471012
-0.0613004
-0.031494
-0.0073886
-0.264379
-0.242289
-0.252172
-0.208305
-0.218538
-0.417114
-0.435132
-0.440202
-0.419365
-0.390834
-0.425752
-0.346358
-0.398546
-0.395959
-0.383762
-0.35922
0.209733
0.203271
0.205489
0.199836
0.198471
0.211906
0.215963
0.217431
0.222194
0.22381
0.21548
0.220061
0.223337
-0.403321
-0.312912
-0.363395
-0.438289
-0.352541
-0.284536
-0.324101
-0.180975
-0.250921
-0.245085
-0.287111
-0.410712
-0.353235
0.178555
0.173989
0.189964
0.402956
0.256629
0.174095
0.266824
0.36958
-0.0355383
0.165821
-0.00335499
0.578485
0.46584
0.608929
0.237269
-0.0614228
0.0906123
0.144163
-0.0520116
0.0180579
0.0367826
-0.0741493
-0.0438832
-0.0143736
0.0864122
-0.0354867
-0.0641142
-0.310555
-0.126671
0.00272189
-0.0190581
0.116597
0.181465
-0.0512464
-0.12663
-0.169982
0.332265
0.35268
0.371556
0.341267
0.365681
0.287941
0.278656
0.297361
0.306613
0.30058
-1.06519
-0.773071
-1.71611
-1.02517
-0.576269
0.229465
0.185636
0.467885
0.356355
0.428001
0.411096
0.36992
0.334021
0.344669
0.37898
0.081066
0.190824
0.164685
0.171733
0.0750242
0.00811792
0.306746
0.300304
0.338309
0.362654
0.327806
0.362353
0.220864
0.220384
0.220311
0.217114
0.21514
0.217177
-0.212918
-0.230197
-0.208394
-0.227411
-0.241471
-0.248051
-0.483044
-0.462389
-0.510452
-0.485385
-0.480975
-0.462523
-0.144358
-0.200192
-0.27077
-0.244336
-0.299288
-0.363937
-0.380434
-0.283749
-0.195973
-0.203545
0.0990347
0.351307
0.175984
0.345931
0.182831
0.240448
0.184799
0.179053
0.210774
0.0789747
0.154412
-0.0781062
-0.583587
-0.490256
0.482682
0.503292
0.294037
0.10359
-0.125922
0.0649736
0.253327
0.191699
0.232204
0.300199
0.294116
-0.294412
-0.22429
0.0256817
0.252603
-0.0701051
-0.0770205
-0.0817938
0.086437
0.0125551
))
(300 (1 10 1 0 0 919 1018)(
0.266742
0.9298
0.0226445
0.266024
0.896875
-0.793062
0.441663
-0.372722
-0.39171
0.238478
0.757436
0.524296
-1.4187
0.394797
-0.67184
0.245819
-0.121699
0.486293
0.247105
0.307953
0.507652
0.63823
-0.00901246
0.780501
0.215613
-0.722677
-0.839591
0.437805
-0.456782
0.453548
0.234205
-0.409892
-0.345024
-0.357416
-0.392792
0.168783
0.232997
0.250664
0.797622
0.707977
0.566089
0.499553
-2.82918
-0.563217
0.387166
0.406948
-0.806516
0.244673
0.248963
-0.227748
-0.0786137
0.468809
0.244696
0.270572
0.00825626
0.33301
0.325281
0.498838
0.575483
0.698531
0.204571
0.229875
0.221239
-0.623975
-0.852982
0.425484
-0.534681
-0.384828
0.22658
0.238378
-0.517408
-0.337827
-0.333413
-0.360915
0.151129
0.187249
0.227328
0.229317
0.662391
-0.0915437
0.370234
0.233946
0.237519
-0.305506
0.46035
-0.111879
0.0814404
0.354201
0.424733
0.731067
0.196835
0.231734
0.226133
0.416363
-0.313454
0.1213
0.613621
0.165595
0.509324
-0.23982
))
(300 (1 11 1 0 0 919 926)(
0.266742
0.266024
0.246816
0.253464
0.247106
0.248542
0.253182
0.24907
))
(300 (1 12 1 0 0 919 922)(
0.9298
0.896875
0.854292
0.867388
))
(300 (1 13 1 0 0 919 926)(
0
0
0
0
0
0
0
0
))
(300 (1 14 1 0 0 919 952)(
-0.0147217
-0.257883
-0.109492
0.0435755
0.141096
-0.187234
-0.279145
0.790281
-0.185391
-0.177307
0.153205
0.291087
0.325698
0.0373672
-0.162124
-0.187949
-6.65618
-0.202364
-0.236264
0.700452
0.645783
-0.717713
0.212088
0.214285
0.438386
-0.0368701
-1.29965
-0.182189
0.768437
0.554367
0.218783
0.56472
-0.118759
0.70047
))
(300 (1 15 1 0 0 919 2754)(
0.266742
0.266742
0.9298
0.9298
0.0226445
0.0226445
0.266024
0.266024
-0.0147217
-0.0147217
0.896875
0.896875
-0.793062
-0.793062
0.441663
0.441663
0.246816
0.246816
-0.372722
-0.372722
-0.39171
-0.39171
0.238478
0.238478
0.757436
0.757436
0.524296
0.524296
-1.4187
-1.4187
-0.257883
-0.257883
0.394797
0.394797
-0.67184
-0.67184
0.245819
0.245819
-0.121699
-0.121699
0.486293
0.486293
0.253464
0.253464
0.256506
0.256506
0.247105
0.247105
0.307953
0.307953
0.507652
0.507652
0.63823
0.63823
-0.00901246
-0.00901246
0.0143491
0.0143491
-0.00587654
-0.00587654
-0.0203982
-0.0203982
-0.0824331
-0.0824331
-0.109492
-0.109492
0.780501
0.780501
0.831612
0.831612
0.854292
0.854292
0.215613
0.215613
0.0435755
0.0435755
-0.649467
-0.649467
-0.722677
-0.722677
-0.710892
-0.710892
-0.839591
-0.839591
0.433585
0.433585
0.437805
0.437805
-0.456782
-0.456782
0.441769
0.441769
0.453548
0.453548
0.234205
0.234205
0.246167
0.246167
0.247106
0.247106
0.248217
0.248217
0.24713
0.24713
0.248542
0.248542
0.141096
0.141096
-0.377625
-0.377625
-0.409892
-0.409892
-0.354084
-0.354084
-0.345024
-0.345024
-0.187234
-0.187234
-0.377494
-0.377494
-0.357416
-0.357416
-0.403154
-0.403154
-0.392792
-0.392792
0.168783
0.168783
0.235499
0.235499
0.232997
0.232997
0.24346
0.24346
0.250664
0.250664
0.869351
0.869351
0.84124
0.84124
0.867388
0.867388
0.781146
0.781146
0.797622
0.797622
0.735378
0.735378
0.707977
0.707977
0.544381
0.544381
0.566089
0.566089
0.510797
0.510797
0.499553
0.499553
-1.85995
-1.85995
-2.82918
-2.82918
-0.819303
-0.819303
-0.563217
-0.563217
-0.00712325
-0.00712325
-0.270556
-0.270556
-0.279145
-0.279145
0.384511
0.384511
0.387166
0.387166
0.394543
0.394543
0.406948
0.406948
0.790281
0.790281
-0.666734
-0.666734
-0.806516
-0.806516
0.245883
0.245883
0.244673
0.244673
0.253182
0.253182
0.253863
0.253863
0.249871
0.249871
0.248963
0.248963
-0.17201
-0.17201
-0.227748
-0.227748
-0.0402344
-0.0402344
-0.0934332
-0.0934332
-0.0786137
-0.0786137
0.472341
0.472341
0.468809
0.468809
0.247661
0.247661
0.244696
0.244696
0.258294
0.258294
0.280369
0.280369
0.270572
0.270572
0.00825626
0.00825626
0.314921
0.314921
0.33301
0.33301
0.325281
0.325281
0.495286
0.495286
0.490638
0.490638
0.498838
0.498838
0.611627
0.611627
0.575483
0.575483
0.675421
0.675421
0.698531
0.698531
0.00163356
0.00163356
-0.00119949
-0.00119949
-0.245029
-0.245029
-0.144587
-0.144587
-0.185391
-0.185391
0.21166
0.21166
0.204571
0.204571
0.229875
0.229875
0.218885
0.218885
0.221239
0.221239
-0.040886
-0.040886
-0.177307
-0.177307
0.129599
0.129599
0.153205
0.153205
-0.558739
-0.558739
-0.623975
-0.623975
-0.730418
-0.730418
-0.744484
-0.744484
-0.852982
-0.852982
0.291087
0.291087
0.424616
0.424616
0.425484
0.425484
-0.474859
-0.474859
-0.393492
-0.393492
-0.534681
-0.534681
-0.319809
-0.319809
-0.384828
-0.384828
0.224656
0.224656
0.231532
0.231532
0.22658
0.22658
0.241904
0.241904
0.236444
0.236444
0.238378
0.238378
0.250443
0.250443
0.247536
0.247536
0.24907
0.24907
0.203016
0.203016
0.325698
0.325698
0.0696752
0.0696752
0.0373672
0.0373672
-0.528617
-0.528617
-0.42911
-0.42911
-0.517408
-0.517408
-0.332785
-0.332785
-0.337827
-0.337827
-0.192293
-0.192293
-0.162124
-0.162124
-0.200195
-0.200195
-0.187949
-0.187949
-0.335347
-0.335347
-0.340972
-0.340972
-0.333413
-0.333413
-0.385158
-0.385158
-0.360915
-0.360915
0.161722
0.161722
0.151129
0.151129
0.180142
0.180142
0.187249
0.187249
0.227328
0.227328
0.228317
0.228317
0.230711
0.230711
0.229317
0.229317
0.658616
0.658616
0.680967
0.680967
0.688618
0.688618
0.662391
0.662391
-3.83746
-3.83746
-6.65618
-6.65618
-0.231704
-0.231704
-0.0915437
-0.0915437
-0.00972332
-0.00972332
-0.00310397
-0.00310397
-0.00138558
-0.00138558
0.000609019
0.000609019
0.00126968
0.00126968
-0.0114049
-0.0114049
-0.202364
-0.202364
-0.212975
-0.212975
-0.249422
-0.249422
-0.236264
-0.236264
0.369338
0.369338
0.370234
0.370234
0.706874
0.706874
0.700452
0.700452
0.692648
0.692648
0.645783
0.645783
0.233946
0.233946
0.236113
0.236113
0.241666
0.241666
0.237519
0.237519
-0.344731
-0.344731
-0.279989
-0.279989
-0.305506
-0.305506
0.450846
0.450846
0.46098
0.46098
0.46035
0.46035
-0.0273717
-0.0273717
-0.111879
-0.111879
0.0543467
0.0543467
0.0814404
0.0814404
0.355374
0.355374
0.338522
0.338522
0.354201
0.354201
0.386919
0.386919
0.424733
0.424733
0.706033
0.706033
0.724413
0.724413
0.722527
0.722527
0.731067
0.731067
0.775095
0.775095
0.791491
0.791491
0.756901
0.756901
0.192516
0.192516
0.201697
0.201697
0.196835
0.196835
0.233123
0.233123
0.230777
0.230777
0.231734
0.231734
0.226836
0.226836
0.22849
0.22849
0.226133
0.226133
-0.33077
-0.33077
-0.717713
-0.717713
0.212088
0.212088
0.230162
0.230162
0.200314
0.200314
0.214285
0.214285
0.366391
0.366391
0.438386
0.438386
0.405003
0.405003
0.414713
0.414713
0.416363
0.416363
-0.252893
-0.252893
-0.313454
-0.313454
-0.00101811
-0.00101811
-0.0368701
-0.0368701
0.106344
0.106344
0.139849
0.139849
0.1213
0.1213
0.629827
0.629827
0.59037
0.59037
0.640383
0.640383
0.613621
0.613621
0.575029
0.575029
0.600416
0.600416
-0.669765
-0.669765
-2.19376
-2.19376
-1.29965
-1.29965
0.266887
0.266887
0.0759877
0.0759877
0.165595
0.165595
-0.200072
-0.200072
-0.18636
-0.18636
-0.182189
-0.182189
0.688475
0.688475
0.768437
0.768437
0.381651
0.381651
0.541632
0.541632
0.554367
0.554367
0.463795
0.463795
0.494096
0.494096
0.549063
0.549063
0.475518
0.475518
0.509324
0.509324
0.543736
0.543736
0.524078
0.524078
0.251055
0.251055
0.223607
0.223607
0.218783
0.218783
0.508548
0.508548
0.56472
0.56472
-0.139484
-0.139484
-0.192108
-0.192108
-0.23982
-0.23982
-0.152789
-0.152789
-0.0910635
-0.0910635
-0.118759
-0.118759
0.736169
0.736169
0.625138
0.625138
0.70047
0.70047
0.244417
0.244417
0.245101
0.245101
-0.0217883
-0.0217883
-0.0507967
-0.0507967
0.249205
0.249205
0.249254
0.249254
-0.024588
-0.024588
-0.0898496
-0.0898496
0.147473
0.147473
-1.12794
-1.12794
-0.151721
-0.151721
0.237601
0.237601
0.228058
0.228058
0.244785
0.244785
-0.35916
-0.35916
0.0986379
0.0986379
-0.365659
-0.365659
-0.186967
-0.186967
-0.244586
-0.244586
0.236369
0.236369
0.178034
0.178034
0.141386
0.141386
-0.0152448
-0.0152448
-0.280748
-0.280748
-0.19199
-0.19199
-0.485494
-0.485494
0.242073
0.242073
0.240408
0.240408
0.244276
0.244276
0.245323
0.245323
0.245951
0.245951
-0.0427667
-0.0427667
-0.0427078
-0.0427078
-0.0255247
-0.0255247
-0.172674
-0.172674
-0.103091
-0.103091
-0.107817
-0.107817
0.209904
0.209904
0.226372
0.226372
-0.445706
-0.445706
0.244463
0.244463
0.246551
0.246551
0.24641
0.24641
0.239489
0.239489
0.245236
0.245236
0.243401
0.243401
-0.178434
-0.178434
-0.124171
-0.124171
-0.240611
-0.240611
-0.0413311
-0.0413311
0.0751711
0.0751711
0.397484
0.397484
0.495999
0.495999
0.3603
0.3603
0.132574
0.132574
-0.107912
-0.107912
0.295734
0.295734
0.362368
0.362368
0.263319
0.263319
0.424184
0.424184
0.415699
0.415699
0.431545
0.431545
-0.0902803
-0.0902803
-0.236796
-0.236796
-0.082305
-0.082305
-0.136774
-0.136774
0.235534
0.235534
0.234162
0.234162
0.226312
0.226312
0.223493
0.223493
0.239702
0.239702
0.23776
0.23776
0.242399
0.242399
0.239279
0.239279
0.242244
0.242244
0.243643
0.243643
-0.318964
-0.318964
-0.342796
-0.342796
-0.357725
-0.357725
-0.419043
-0.419043
0.0570214
0.0570214
0.314177
0.314177
-0.00848374
-0.00848374
0.0287942
0.0287942
-0.124485
-0.124485
-0.402
-0.402
-0.383268
-0.383268
-0.350335
-0.350335
-0.338324
-0.338324
-0.287356
-0.287356
-0.254553
-0.254553
-0.214394
-0.214394
-0.195924
-0.195924
-0.274141
-0.274141
-0.253002
-0.253002
-0.34854
-0.34854
-0.305695
-0.305695
-0.323248
-0.323248
0.230291
0.230291
0.229338
0.229338
0.235514
0.235514
0.242398
0.242398
0.187235
0.187235
0.190995
0.190995
0.158287
0.158287
0.177177
0.177177
0.162436
0.162436
0.108053
0.108053
0.141197
0.141197
0.116566
0.116566
-0.0180652
-0.0180652
-0.019223
-0.019223
-0.00550194
-0.00550194
-0.28388
-0.28388
-0.319196
-0.319196
-0.144908
-0.144908
-0.0853196
-0.0853196
-0.122314
-0.122314
-0.0864574
-0.0864574
-0.0944359
-0.0944359
-0.287927
-0.287927
-0.299668
-0.299668
-0.446799
-0.446799
-0.563032
-0.563032
0.692151
0.692151
0.638084
0.638084
-0.171525
-0.171525
0.231329
0.231329
0.237696
0.237696
0.234533
0.234533
0.239192
0.239192
0.242327
0.242327
0.24324
0.24324
0.240974
0.240974
0.237558
0.237558
0.227085
0.227085
0.228925
0.228925
0.225081
0.225081
0.225466
0.225466
-0.386819
-0.386819
-0.521626
-0.521626
-0.346855
-0.346855
-0.413376
-0.413376
-0.149878
-0.149878
0.346534
0.346534
0.0882064
0.0882064
0.0286877
0.0286877
0.0240296
0.0240296
0.24044
0.24044
0.640099
0.640099
0.439649
0.439649
0.444391
0.444391
0.469279
0.469279
-0.629191
-0.629191
-0.230612
-0.230612
-0.561522
-0.561522
0.0585064
0.0585064
-0.118612
-0.118612
0.394773
0.394773
0.44601
0.44601
0.468931
0.468931
0.415608
0.415608
0.366381
0.366381
-0.403732
-0.403732
0.254641
0.254641
-0.33213
-0.33213
-0.28895
-0.28895
-0.0993866
-0.0993866
-0.201858
-0.201858
0.438959
0.438959
0.399127
0.399127
0.40381
0.40381
0.418814
0.418814
0.43798
0.43798
0.403043
0.403043
0.381515
0.381515
0.378659
0.378659
0.41524
0.41524
0.420352
0.420352
0.213271
0.213271
-0.00915122
-0.00915122
-0.0537972
-0.0537972
-0.0912636
-0.0912636
0.380847
0.380847
0.254692
0.254692
0.311406
0.311406
0.227001
0.227001
0.230311
0.230311
0.233215
0.233215
0.231713
0.231713
0.214632
0.214632
0.221914
0.221914
0.217714
0.217714
0.222991
0.222991
0.226178
0.226178
0.235469
0.235469
0.235828
0.235828
0.231161
0.231161
0.233575
0.233575
-0.319271
-0.319271
-0.327182
-0.327182
-0.300575
-0.300575
-0.40827
-0.40827
-0.400819
-0.400819
-0.446923
-0.446923
-0.342757
-0.342757
-0.207787
-0.207787
-0.243868
-0.243868
-0.0510472
-0.0510472
0.0589344
0.0589344
-0.231888
-0.231888
-0.348199
-0.348199
-0.31838
-0.31838
-0.289829
-0.289829
-0.106143
-0.106143
-0.080805
-0.080805
-0.189538
-0.189538
-0.099491
-0.099491
-0.10744
-0.10744
-0.119484
-0.119484
-0.0170388
-0.0170388
-0.0134024
-0.0134024
-0.349995
-0.349995
-0.30794
-0.30794
-0.307497
-0.307497
-0.346643
-0.346643
-0.228491
-0.228491
-0.17011
-0.17011
-0.158779
-0.158779
-0.432544
-0.432544
-0.414152
-0.414152
-0.397952
-0.397952
-0.38527
-0.38527
-0.2813
-0.2813
-0.291882
-0.291882
-0.293998
-0.293998
-0.240486
-0.240486
-0.245599
-0.245599
-0.25748
-0.25748
-0.305966
-0.305966
-0.453047
-0.453047
-0.341808
-0.341808
-0.359024
-0.359024
0.225366
0.225366
0.226815
0.226815
0.226951
0.226951
0.236431
0.236431
0.249159
0.249159
0.264065
0.264065
0.229263
0.229263
0.207938
0.207938
0.199313
0.199313
0.202331
0.202331
0.17753
0.17753
0.187236
0.187236
0.182258
0.182258
0.195314
0.195314
0.214667
0.214667
0.221805
0.221805
0.221288
0.221288
0.223541
0.223541
0.20733
0.20733
0.209248
0.209248
0.19663
0.19663
0.199527
0.199527
0.177235
0.177235
0.160362
0.160362
0.149474
0.149474
-0.146711
-0.146711
-0.0863549
-0.0863549
-0.133636
-0.133636
-0.114846
-0.114846
-0.0479512
-0.0479512
-0.0750135
-0.0750135
-0.309711
-0.309711
-0.308576
-0.308576
-0.324406
-0.324406
-0.315188
-0.315188
-0.305531
-0.305531
-0.201604
-0.201604
-0.206242
-0.206242
-0.359898
-0.359898
-0.285316
-0.285316
-0.47038
-0.47038
-0.502229
-0.502229
-0.571898
-0.571898
0.601756
0.601756
0.710907
0.710907
0.529583
0.529583
0.313628
0.313628
0.317011
0.317011
0.546496
0.546496
0.639493
0.639493
0.278716
0.278716
0.452404
0.452404
0.481093
0.481093
0.264411
0.264411
0.527751
0.527751
0.23615
0.23615
0.235719
0.235719
0.233316
0.233316
0.232752
0.232752
0.23421
0.23421
-0.303121
-0.303121
-0.202998
-0.202998
-0.186841
-0.186841
-0.138621
-0.138621
-0.0194129
-0.0194129
0.0966275
0.0966275
0.000920816
0.000920816
-0.122248
-0.122248
0.0157924
0.0157924
0.024586
0.024586
0.341607
0.341607
0.358123
0.358123
0.302544
0.302544
0.327723
0.327723
0.326128
0.326128
0.153252
0.153252
0.229257
0.229257
0.284162
0.284162
0.238993
0.238993
0.282359
0.282359
0.304302
0.304302
0.265547
0.265547
0.295346
0.295346
0.2434
0.2434
0.201438
0.201438
0.200213
0.200213
0.145752
0.145752
0.166774
0.166774
0.144382
0.144382
0.126199
0.126199
0.225813
0.225813
0.204536
0.204536
0.214375
0.214375
0.20565
0.20565
0.225321
0.225321
0.253107
0.253107
0.247731
0.247731
0.274584
0.274584
0.286522
0.286522
0.210831
0.210831
0.172224
0.172224
0.181108
0.181108
0.208441
0.208441
0.170713
0.170713
0.183927
0.183927
0.198586
0.198586
-0.0781685
-0.0781685
-0.178318
-0.178318
-0.0894901
-0.0894901
-0.381287
-0.381287
-0.295112
-0.295112
-0.31115
-0.31115
-0.356851
-0.356851
-0.315891
-0.315891
-0.029195
-0.029195
-0.729804
-0.729804
-0.701136
-0.701136
-1.33739
-1.33739
0.193749
0.193749
0.667814
0.667814
0.395425
0.395425
0.367144
0.367144
0.434292
0.434292
0.41186
0.41186
0.414715
0.414715
0.441051
0.441051
0.447596
0.447596
0.369977
0.369977
0.3883
0.3883
0.391704
0.391704
0.342767
0.342767
0.368566
0.368566
0.393097
0.393097
0.39052
0.39052
0.223942
0.223942
0.105523
0.105523
0.0968075
0.0968075
0.0579378
0.0579378
-0.064582
-0.064582
-0.0333594
-0.0333594
0.170992
0.170992
0.0929847
0.0929847
0.0200437
0.0200437
0.0248101
0.0248101
0.188694
0.188694
0.0796853
0.0796853
0.144899
0.144899
0.182955
0.182955
0.115796
0.115796
0.0721794
0.0721794
0.269997
0.269997
0.337882
0.337882
0.32955
0.32955
0.303356
0.303356
0.218776
0.218776
0.230982
0.230982
0.25726
0.25726
0.293491
0.293491
0.319904
0.319904
0.355133
0.355133
0.223037
0.223037
0.228613
0.228613
0.22982
0.22982
0.227274
0.227274
0.224735
0.224735
0.227481
0.227481
0.227535
0.227535
0.230069
0.230069
0.230933
0.230933
0.233926
0.233926
0.232886
0.232886
-0.31808
-0.31808
-0.296097
-0.296097
-0.327347
-0.327347
-0.339305
-0.339305
-0.29324
-0.29324
-0.299942
-0.299942
-0.251487
-0.251487
-0.263651
-0.263651
-0.272775
-0.272775
-0.263785
-0.263785
-0.301217
-0.301217
-0.301351
-0.301351
-0.304917
-0.304917
-0.29124
-0.29124
-0.17173
-0.17173
-0.155027
-0.155027
-0.16578
-0.16578
-0.212576
-0.212576
-0.0380683
-0.0380683
0.100128
0.100128
0.163761
0.163761
0.0471012
0.0471012
-0.0613004
-0.0613004
-0.031494
-0.031494
-0.0073886
-0.0073886
-0.264379
-0.264379
-0.242289
-0.242289
-0.252172
-0.252172
-0.208305
-0.208305
-0.218538
-0.218538
-0.417114
-0.417114
-0.435132
-0.435132
-0.440202
-0.440202
-0.419365
-0.419365
-0.390834
-0.390834
-0.425752
-0.425752
-0.346358
-0.346358
-0.398546
-0.398546
-0.395959
-0.395959
-0.383762
-0.383762
-0.35922
-0.35922
0.209733
0.209733
0.203271
0.203271
0.205489
0.205489
0.199836
0.199836
0.198471
0.198471
0.211906
0.211906
0.215963
0.215963
0.217431
0.217431
0.222194
0.222194
0.22381
0.22381
0.21548
0.21548
0.220061
0.220061
0.223337
0.223337
-0.403321
-0.403321
-0.312912
-0.312912
-0.363395
-0.363395
-0.438289
-0.438289
-0.352541
-0.352541
-0.284536
-0.284536
-0.324101
-0.324101
-0.180975
-0.180975
-0.250921
-0.250921
-0.245085
-0.245085
-0.287111
-0.287111
-0.410712
-0.410712
-0.353235
-0.353235
0.178555
0.178555
0.173989
0.173989
0.189964
0.189964
0.402956
0.402956
0.256629
0.256629
0.174095
0.174095
0.266824
0.266824
0.36958
0.36958
-0.0355383
-0.0355383
0.165821
0.165821
-0.00335499
-0.00335499
0.578485
0.578485
0.46584
0.46584
0.608929
0.608929
0.237269
0.237269
-0.0614228
-0.0614228
0.0906123
0.0906123
0.144163
0.144163
-0.0520116
-0.0520116
0.0180579
0.0180579
0.0367826
0.0367826
-0.0741493
-0.0741493
-0.0438832
-0.0438832
-0.0143736
-0.0143736
0.0864122
0.0864122
-0.0354867
-0.0354867
-0.0641142
-0.0641142
-0.310555
-0.310555
-0.126671
-0.126671
0.00272189
0.00272189
-0.0190581
-0.0190581
0.116597
0.116597
0.181465
0.181465
-0.0512464
-0.0512464
-0.12663
-0.12663
-0.169982
-0.169982
0.332265
0.332265
0.35268
0.35268
0.371556
0.371556
0.341267
0.341267
0.365681
0.365681
0.287941
0.287941
0.278656
0.278656
0.297361
0.297361
0.306613
0.306613
0.30058
0.30058
-1.06519
-1.06519
-0.773071
-0.773071
-1.71611
-1.71611
-1.02517
-1.02517
-0.576269
-0.576269
0.229465
0.229465
0.185636
0.185636
0.467885
0.467885
0.356355
0.356355
0.428001
0.428001
0.411096
0.411096
0.36992
0.36992
0.334021
0.334021
0.344669
0.344669
0.37898
0.37898
0.081066
0.081066
0.190824
0.190824
0.164685
0.164685
0.171733
0.171733
0.0750242
0.0750242
0.00811792
0.00811792
0.306746
0.306746
0.300304
0.300304
0.338309
0.338309
0.362654
0.362654
0.327806
0.327806
0.362353
0.362353
0.220864
0.220864
0.220384
0.220384
0.220311
0.220311
0.217114
0.217114
0.21514
0.21514
0.217177
0.217177
-0.212918
-0.212918
-0.230197
-0.230197
-0.208394
-0.208394
-0.227411
-0.227411
-0.241471
-0.241471
-0.248051
-0.248051
-0.483044
-0.483044
-0.462389
-0.462389
-0.510452
-0.510452
-0.485385
-0.485385
-0.480975
-0.480975
-0.462523
-0.462523
-0.144358
-0.144358
-0.200192
-0.200192
-0.27077
-0.27077
-0.244336
-0.244336
-0.299288
-0.299288
-0.363937
-0.363937
-0.380434
-0.380434
-0.283749
-0.283749
-0.195973
-0.195973
-0.203545
-0.203545
0.0990347
0.0990347
0.351307
0.351307
0.175984
0.175984
0.345931
0.345931
0.182831
0.182831
0.240448
0.240448
0.184799
0.184799
0.179053
0.179053
0.210774
0.210774
0.0789747
0.0789747
0.154412
0.154412
-0.0781062
-0.0781062
-0.583587
-0.583587
-0.490256
-0.490256
0.482682
0.482682
0.503292
0.503292
0.294037
0.294037
0.10359
0.10359
-0.125922
-0.125922
0.0649736
0.0649736
0.253327
0.253327
0.191699
0.191699
0.232204
0.232204
0.300199
0.300199
0.294116
0.294116
-0.294412
-0.294412
-0.22429
-0.22429
0.0256817
0.0256817
0.252603
0.252603
-0.0701051
-0.0701051
-0.0770205
-0.0770205
-0.0817938
-0.0817938
0.086437
0.086437
0.0125551
0.0125551
))
(300 (2 1 3 0 0 1 918)(
0.985168 -0.000498304 0 
0.00500825 2.96625 0 
-0.0317914 1.46324 0 
0.979701 0.00214853 0 
0.00789429 1.45173 7.01458e-20 
-0.0070378 2.94879 -1.90565e-18 
0.841046 1.18156 6.98079e-19 
0.372472 0.169342 -9.75468e-21 
0.999906 -0.000291971 0 
0.0575335 0.851581 0 
-0.00642985 0.627741 0 
0.732727 -0.00872091 0 
0.011094 2.93039 0 
0.00205119 2.7949 0 
-0.0174849 3.16098 1.04854e-18 
0.0152547 1.20778 2.48181e-19 
0.46924 0.0679913 6.1388e-19 
0.189419 1.2147 5.99278e-19 
0.962823 0.00498653 0 
-0.0437561 0.95079 0 
0.0992875 0.21017 -4.83347e-19 
1.002 -0.00498464 0 
1.00021 -0.00980524 0 
0.975707 -0.00644629 0 
0.619861 -0.0444481 0 
0.0164117 2.6369 0 
-0.0150161 2.91012 6.6187e-19 
-0.0787556 1.42023 0 
-0.0812316 1.59871 0 
-0.0455573 1.44101 0 
-0.000872083 2.04563 0 
0.055377 1.49528 -5.54249e-20 
0.0377716 1.23694 0 
-0.0206256 2.98759 -6.67929e-23 
-0.0166977 3.0053 1.48121e-18 
0.00210314 3.0002 0 
0.870007 -0.00937381 0 
0.403286 0.941032 -8.12329e-21 
0.818818 1.20033 -9.68092e-19 
0.968232 1.036 9.14935e-19 
0.686889 1.29591 -1.61953e-19 
0.685184 1.28635 9.08103e-19 
0.413306 0.26343 9.5171e-21 
0.403429 0.152089 0 
1.15592 0.559291 0 
0.374393 0.266479 4.39845e-20 
0.325887 0.171632 -4.56475e-20 
0.919626 -0.00752314 0 
1.00029 0.0001512 0 
0.999912 0.000344964 0 
1.00364 -0.00779098 0 
1.00095 -0.0009516 0 
1.00017 1.93978e-05 0 
0.0771609 1.78086 -2.67729e-19 
0.045046 0.998893 0 
0.088959 0.935406 0 
0.0188982 0.936456 0 
0.0382615 0.784823 0 
-0.00882482 1.98182 0 
0.027858 0.775279 0 
0.00821189 0.669509 0 
-0.0147004 0.739443 0 
-0.0217024 0.633725 0 
0.832423 -0.0140794 0 
0.85321 0.0250741 0 
0.766755 0.00143703 0 
0.828785 0.0300725 0 
0.707103 -0.0167531 0 
0.0146959 3.0004 6.98319e-19 
0.011514 3.00792 0 
0.00613049 3.00282 0 
0.0135308 2.99733 7.79631e-24 
0.00799441 2.95848 -1.03787e-18 
0.0144814 2.98209 0 
0.0108033 2.90363 0 
0.0247371 2.93076 1.40956e-24 
0.00437859 2.82492 0 
0.030717 2.91601 0 
-0.00581782 2.74442 0 
0.310399 3.56029 0 
-0.132151 3.64215 0 
0.140776 3.25181 -9.75798e-19 
-0.0120142 2.98544 0 
-0.159696 1.93085 0 
0.033431 1.42329 -2.44753e-19 
-0.0532795 1.2673 2.41432e-19 
0.541938 0.153958 -2.11567e-19 
0.468506 0.0382091 -2.0464e-19 
0.521775 0.180541 -6.38928e-19 
0.452295 0.0898645 -4.27472e-19 
0.215256 0.910394 0 
0.26948 1.35498 -6.30947e-19 
0.385922 1.30337 1.03721e-18 
0.987564 0.00852706 0 
0.942141 0.00588485 0 
1.0003 0.000573631 0 
1.00287 0.00930215 0 
1.00302 0.00842452 -1.2679e-18 
0.991924 0.00971669 9.57343e-19 
-0.0662653 1.0181 0 
-0.0423018 0.829205 0 
-0.0966356 1.37833 0 
-0.0537596 1.15879 0 
-0.0247374 1.09691 0 
0.149929 0.218551 1.49265e-19 
0.201392 0.195944 0 
0.993513 -0.00840387 0 
0.954362 -0.00649295 0 
0.789698 0.0321327 0 
0.748681 0.041771 0 
0.675453 -0.0333871 0 
0.961051 -0.0035078 0 
0.683399 0.0589504 0 
0.521321 -0.0203319 8.28458e-19 
-0.0365506 2.86395 3.5556e-19 
0.0424633 2.90859 0 
0.0550637 2.8845 0 
-0.0050307 2.69838 0 
-0.0131563 2.98533 6.09457e-19 
-0.0180716 2.89537 0 
-0.0153261 2.98815 -1.92564e-18 
-0.0133956 2.92524 6.64575e-19 
-0.163006 1.63676 0 
-0.155779 1.72145 0 
0.0685357 1.40603 7.25741e-21 
0.071473 1.39748 0 
0.0117589 1.20364 0 
0.937408 -0.00776319 0 
0.855291 -0.00938039 0 
0.864295 0.00707941 0 
0.948757 -0.00796355 0 
0.88331 -0.008393 0 
0.516454 1.1358 1.83025e-22 
0.566974 1.18807 0 
0.365475 0.883568 7.69595e-21 
0.30787 0.743644 0 
0.928116 1.07468 -2.63892e-19 
1.04169 0.876129 5.39654e-19 
0.379824 1.39404 0 
0.54065 1.36305 0 
0.545264 1.32387 0 
0.10377 0.171415 -1.52364e-19 
0.456097 0.247351 0 
0.436909 0.139092 1.22395e-19 
1.01212 0.930059 0 
1.07999 0.777312 0 
1.10531 0.719549 -4.69401e-19 
1.13579 0.618627 0 
1.18461 0.403736 5.72353e-20 
0.957286 -0.00864624 0 
0.96225 -0.0100803 0 
0.901338 -0.00815505 0 
0.984107 -0.0091964 0 
0.97456 -0.00937625 0 
0.936975 -0.00631055 0 
1.00018 0.00232255 0 
1.0009 0.00143593 0 
0.999903 0.000848317 0 
0.0362489 2.04353 1.6958e-19 
0.120292 1.7184 0 
0.0148584 2.15504 1.54006e-19 
0.0583973 1.85505 -6.76693e-20 
0.136804 1.20567 -4.96079e-19 
0.0451856 1.08183 0 
0.0959703 1.07834 0 
0.0253934 0.879314 0 
-1.24185e-05 0.726526 0 
-0.022048 2.18012 2.60968e-21 
0.016789 1.97905 0 
-0.0588762 2.13187 1.69022e-19 
-0.0303821 1.93511 -3.37239e-19 
-0.000941936 0.851858 0 
0.0132685 0.824951 0 
-0.00401725 0.688997 0 
-0.0306212 0.755101 0 
-0.0303883 0.669472 0 
0.928591 0.00751953 0 
0.838292 -0.0128226 0 
0.922429 -0.00069328 0 
0.838004 -0.0110408 0 
0.813885 0.00490652 0 
0.904082 0.0181614 0 
0.882338 0.020726 0 
0.790175 0.00303796 0 
0.00583846 3.06493 -6.16622e-21 
0.0165915 3.05789 0 
0.0147211 2.96911 0 
0.00860526 2.87629 0 
0.929067 3.97947 0 
1.24473 3.31146 1.0042e-18 
0.0708596 3.07747 0 
-0.0273351 2.90747 0 
-0.222372 1.72195 0 
-0.22419 1.89187 0 
-0.1837 1.80552 0 
-0.0397998 2.05889 -1.19336e-20 
-0.173902 1.99934 0 
-0.102259 1.96851 0 
-0.109232 1.66614 1.17067e-20 
-0.105211 1.69816 -1.8061e-19 
-0.0480617 1.5189 -2.46853e-19 
-0.107669 1.4354 0 
0.570118 0.124647 3.10979e-19 
0.485577 0.0138243 -3.0423e-19 
0.260448 1.5449 0 
0.262683 0.686016 -2.19221e-19 
0.178743 1.63319 -7.35388e-19 
0.226327 1.16166 7.37247e-19 
0.902563 0.00668945 0 
0.967626 0.0109848 0 
0.974769 0.0107547 0 
0.923663 0.00666846 0 
-0.0371533 0.805838 0 
-0.0437351 0.889849 0 
-0.0491966 0.742169 0 
0.318167 0.258137 4.02092e-19 
0.260221 0.234254 -4.8155e-19 
0.271407 0.183448 0 
1.08944 0.0868569 -6.12991e-22 
1.07301 0.0404918 0 
1.00102 0.0415594 0 
0.89576 0.0011479 0 
0.593676 0.0955615 0 
0.623575 0.0707414 -1.33244e-18 
0.500545 -0.000507752 5.07374e-19 
0.00941785 2.98176 4.3996e-19 
-0.0321272 2.86695 4.83261e-20 
0.00368624 3.0502 -1.33004e-20 
0.0200909 3.04346 4.77737e-19 
-0.0150152 2.99657 2.20752e-20 
-0.0129581 2.94945 -8.93423e-23 
-0.0172578 3.01199 -4.17924e-19 
0.0147922 3.02403 3.02169e-19 
0.00730827 3.03672 -4.72272e-19 
0.930849 -0.00104408 0 
0.937553 -0.00378878 0 
0.843412 -0.00855813 0 
0.956935 0.0114857 0 
0.943492 0.0124257 0 
0.882347 0.00640839 0 
0.91955 0.0153251 0 
0.927498 0.0142311 0 
0.840154 0.00584921 0 
0.722135 1.41643 2.96614e-19 
0.756291 1.52609 0 
0.204281 0.354111 3.09362e-20 
0.192316 0.634243 2.52205e-19 
0.253039 0.710805 -1.46244e-19 
0.275295 0.557918 2.77916e-19 
0.31117 0.736197 8.4956e-19 
0.117265 0.200307 2.32041e-19 
0.499687 0.200523 4.57705e-19 
0.482385 0.221025 1.16012e-19 
0.446046 0.116 2.30383e-19 
1.17283 0.460531 2.70652e-19 
1.18534 0.255421 2.80315e-19 
0.00454928 2.1791 1.70182e-20 
0.0480108 1.90506 0 
0.956006 0.0310671 0 
0.928718 0.015154 0 
0.855254 -0.010694 0 
0.0110866 3.07435 0 
0.0197858 2.94417 8.24514e-19 
0.0164784 2.95635 0 
0.00626407 2.85069 -8.17754e-19 
0.00628769 3.09162 1.95715e-19 
0.00725302 3.08266 0 
0.789902 1.8297 -2.31012e-19 
1.25252 2.50943 6.33147e-19 
0.772274 1.96975 -1.46503e-18 
0.0204496 2.98227 -3.29948e-19 
0.0364717 3.00355 0 
-0.0331519 2.87965 0 
-0.0911919 2.04572 1.78633e-21 
-0.131317 1.88909 3.32959e-19 
-0.0874359 1.84536 5.96495e-21 
0.274232 1.35232 7.16465e-19 
0.2135 0.464991 -4.93565e-19 
0.0633268 1.965 4.86295e-19 
0.137806 1.85275 -6.06799e-19 
0.178598 1.45694 8.58996e-20 
0.00372679 3.11793 -1.13741e-18 
0.0170441 3.118 1.21634e-18 
-0.00892994 2.98086 5.32229e-19 
-0.00299462 2.97744 -4.75121e-19 
-0.0215157 2.88187 -5.42059e-19 
0.00872485 3.09876 -1.43452e-18 
0.00200388 3.10682 1.3961e-18 
0.251561 0.650779 0 
0.210164 0.639526 -5.05022e-19 
0.10429 0.216004 2.27467e-19 
0.332355 0.857518 6.97583e-19 
0.175757 0.240607 -1.06922e-18 
1.17656 0.173466 -4.48267e-20 
1.1857 0.308883 0 
1.16486 0.121173 1.06429e-19 
0.00647147 2.1994 2.15862e-21 
0.00321745 2.20071 0 
0.0218364 1.94435 0 
0.337269 1.25055 -2.59626e-19 
0.356782 1.06993 -5.5387e-19 
0.186671 0.335009 9.57854e-19 
1.00584 -0.0108995 0 
1.00765 -0.00767641 2.31869e-19 
-0.18805 1.57812 0 
-0.19106 1.53036 0 
1.00221 0.00352523 1.82006e-21 
1.00372 0.00945731 4.76445e-19 
-0.044538 2.08721 1.51934e-20 
-0.0218981 2.12365 0 
0.0374418 3.18033 1.4071e-19 
0.397986 3.49597 0 
1.12827 0.647867 5.23792e-20 
1.01298 0.0130509 -2.11051e-21 
1.02116 -0.0105271 0 
1.00173 0.000157631 9.9719e-23 
0.104627 1.35479 0 
0.149346 2.57565 0 
0.0845161 1.13622 0 
-0.00344856 2.61714 -1.87835e-19 
-0.0747871 2.61466 -1.99528e-19 
1.00651 0.029218 2.73125e-21 
1.05845 -0.00263446 0 
1.08278 0.0174221 0 
-0.24176 1.89886 0 
-0.164071 2.4008 0 
-0.232477 1.22503 0 
0.275259 1.46459 -4.09423e-19 
1.01124 -0.00973355 0 
1.00933 -0.0149885 0 
1.00249 0.000727603 2.96011e-19 
1.00548 -0.00487218 -3.48132e-19 
1.00119 -0.00104467 0 
-0.310567 1.79213 0 
-0.243284 1.59895 0 
-0.257392 1.7231 0 
-0.227805 1.24287 0 
-0.235095 1.39919 0 
-0.189414 1.29055 0 
1.03435 -0.00688203 0 
1.02082 0.0154832 -1.03579e-21 
0.786609 1.25566 4.92076e-19 
1.00222 0.000373105 -2.93628e-19 
1.00411 0.00526532 3.47394e-19 
1.00116 0.00204181 0 
1.01291 0.010208 2.89233e-19 
1.00798 0.00823212 -3.57127e-19 
1.00867 0.0145781 0 
-0.140143 2.38671 0 
-0.0649477 2.24325 -1.86858e-19 
-0.0615212 2.2611 1.56224e-19 
1.20012 0.260374 -4.84972e-21 
1.13754 0.0887487 0 
0.0474433 3.07757 -5.45885e-19 
0.0666376 2.85276 -4.28804e-20 
0.144521 3.19491 8.72039e-19 
0.139496 3.22401 -1.94655e-20 
0.137528 3.23727 0 
0.0204925 3.13777 1.22235e-19 
0.0781852 3.16137 5.32736e-19 
0.0711019 3.18762 -2.35079e-19 
0.023423 3.12943 0 
0.658984 0.316478 0 
0.577212 0.371057 0 
1.0997 0.676467 -2.09859e-19 
1.09685 0.808603 3.33985e-19 
1.15726 0.568015 0 
1.18689 0.513271 0 
1.01616 0.0132978 -5.35739e-19 
1.01497 0.0142229 6.69793e-19 
1.02507 -0.0103135 0 
1.02299 -0.0124624 0 
1.00657 0.00243684 0 
1.01049 0.00360682 0 
1.00436 0.00185965 0 
1.00977 0.00615006 0 
1.00789 0.00577508 0 
1.00452 0.0046018 0 
0.0934747 1.35434 0 
0.0880969 1.31738 0 
0.119806 1.38224 0 
0.133671 1.40758 0 
0.147381 2.59764 0 
0.188815 2.65709 -2.24478e-19 
0.0993454 2.65463 0 
0.0864695 2.65723 2.71378e-21 
0.02849 2.68018 1.87855e-19 
0.0789161 1.09218 0 
0.0179998 0.971742 0 
0.128135 1.18869 0 
0.0261775 1.14153 0 
0.0457937 2.023 2.73846e-19 
-0.0802851 2.6311 -2.58156e-19 
-0.0182904 2.66109 -3.09124e-19 
-0.0537594 2.66608 0 
-0.136453 2.64989 5.56371e-19 
-0.167812 2.62251 3.62445e-19 
0.0277865 2.11087 -1.77742e-19 
-0.0561377 2.51756 3.63858e-19 
0.00928517 2.4963 3.70798e-19 
1.01517 0.0350561 5.36553e-19 
1.00869 0.0197877 -6.5974e-19 
1.00683 0.0404734 -5.44405e-19 
0.988616 0.0203185 7.01772e-19 
1.05931 0.00328184 0 
1.04615 -0.0110858 0 
1.08218 0.0245246 0 
1.06611 0.0044926 0 
1.06231 -0.00526344 0 
1.12134 0.0781741 0 
1.09437 0.0408953 0 
1.09581 0.0335542 0 
-0.155267 2.13126 5.50493e-21 
-0.268925 2.03641 0 
-0.197268 2.0334 0 
-0.209621 2.52454 -1.75556e-19 
-0.197574 2.50523 6.87902e-21 
-0.390478 1.8978 -1.32023e-19 
-0.315654 1.80497 1.3291e-19 
-0.335582 1.53703 0 
-0.334325 1.56612 0 
-0.304395 1.59413 0 
-0.22647 1.19714 0 
-0.119291 1.02526 0 
0.371572 1.47684 7.74909e-19 
0.405104 1.48895 3.1025e-19 
0.592312 2.44291 -1.63919e-19 
0.405946 2.53619 4.5178e-19 
0.352142 2.08578 -3.65978e-20 
1.02091 -0.00848695 0 
1.01545 -0.00992163 0 
1.0148 -0.01561 0 
1.00773 -0.0014573 0 
1.00497 -0.00110098 0 
1.00773 -0.00491828 0 
1.00922 -0.00381269 0 
1.01408 -0.00452997 0 
1.02156 0.0157795 5.13349e-19 
1.01816 0.0157419 -6.61219e-19 
1.02207 0.0175512 -5.1467e-19 
1.01948 0.0162598 6.44387e-19 
0.754691 1.30606 0 
0.688451 1.36037 5.71649e-19 
0.864975 1.19914 3.30825e-19 
0.909267 1.15662 -4.40076e-19 
1.15979 2.61601 -4.5205e-19 
0.829398 0.0971466 3.25778e-19 
1.13795 0.104035 0 
1.18143 0.185441 7.86726e-21 
1.16629 0.158146 4.50489e-22 
0.998166 0.128304 0 
0.140192 2.96351 1.82497e-19 
0.118531 2.86928 -7.10573e-19 
0.0299239 2.36716 5.01398e-19 
0.094735 0.0369444 -2.12053e-19 
0.342884 3.42488 -4.14246e-19 
0.19684 3.31659 0 
0.238986 3.35922 5.39483e-19 
0.249431 3.03649 -8.79972e-19 
0.34344 3.1955 0 
0.00605399 3.12099 2.77813e-20 
0.0167582 3.12969 -3.49835e-19 
0.0146144 3.12567 5.14893e-19 
0.0361181 3.14011 0 
0.0346997 3.15096 0 
1.2207 2.61619 0 
0.549298 0.840959 -2.74171e-19 
1.02803 0.983319 -1.82095e-19 
0.965561 1.05327 0 
0.811452 0.955705 3.68562e-20 
1.05076 0.86649 3.02672e-20 
0.37839 0.419563 -5.65307e-19 
0.701341 0.326866 -2.28927e-20 
0.690339 0.254547 2.51316e-19 
0.591406 0.40102 1.91965e-20 
0.513188 0.379614 -7.8194e-19 
0.669582 0.355162 0 
0.69174 0.433677 4.14568e-19 
0.697597 0.431898 0 
0.628594 0.387897 0 
0.612065 0.321207 0 
0.77883 0.611529 1.6478e-19 
1.19698 0.278553 -1.12881e-20 
1.19188 0.414711 0 
1.20611 0.362891 0 
0.769531 0.204168 3.6958e-19 
0.824374 0.542395 -2.10456e-19 
0.731349 0.517042 3.47726e-19 
0.920473 0.418562 -3.37127e-19 
1.02002 0.0144017 3.55302e-19 
1.01795 0.0140917 -3.60883e-19 
1.016 0.0155125 0 
1.03557 -0.00643106 0 
1.02931 -0.00882645 -3.27792e-19 
1.02706 -0.0127492 3.244e-19 
1.02522 0.00942215 0 
1.02387 0.0129796 0 
1.01147 0.00391707 0 
1.01436 0.00876844 0 
1.01518 0.00358693 0 
1.01408 0.00274195 0 
0.0657093 1.34285 0 
0.0605954 1.28117 0 
0.153141 1.3353 3.02835e-19 
0.257747 1.46254 2.32313e-19 
0.152253 1.43709 4.93383e-19 
0.180222 1.4448 -8.06749e-19 
0.177767 1.37304 0 
0.126362 1.59795 2.40645e-19 
0.116944 1.56782 0 
0.350708 2.04041 5.31773e-20 
0.351128 2.3709 2.70247e-19 
0.184336 1.43923 -2.09987e-19 
0.26141 1.36315 1.73525e-19 
0.196049 1.3533 -1.38975e-19 
0.269899 1.30125 2.73174e-19 
0.23913 1.57613 0 
0.252094 1.61729 -1.74319e-19 
0.0476162 2.27232 9.16834e-20 
0.0420559 2.6687 0 
0.0705528 2.40185 -1.52858e-19 
0.0408612 2.42157 0 
0.0654361 2.66752 -4.25123e-21 
0.042792 2.69714 0 
0.173317 1.48591 3.57554e-19 
0.157445 1.57145 0 
0.139526 1.38768 0 
0.197245 1.38049 -4.11831e-19 
-0.00479806 2.6448 -2.78435e-20 
0.0251608 2.69725 -2.46289e-19 
0.0123219 2.7182 -1.72141e-21 
0.0673968 2.07664 -3.34632e-19 
0.141943 1.79159 -1.38986e-19 
-0.0279052 0.983075 0 
-0.0225433 0.899892 0 
0.051653 1.604 -3.89511e-19 
0.101395 1.45196 -4.04089e-19 
0.0933705 1.58838 5.13225e-19 
0.0419126 1.60773 0 
-0.293695 2.33187 6.67311e-19 
-0.241568 2.52954 -2.58652e-19 
-0.258451 2.52463 8.2448e-20 
-0.0367569 2.07142 4.06447e-19 
-0.22322 2.58944 1.34957e-19 
-0.136888 2.55538 -4.50365e-19 
1.02076 0.0203513 -3.49541e-19 
1.0181 0.0259721 3.5177e-19 
1.01476 0.0173607 0 
1.01809 0.0572083 5.00009e-19 
0.996707 0.048636 -5.83664e-19 
0.961229 0.0304191 6.70157e-19 
1.01637 0.0883868 -6.521e-20 
1.04179 -0.00682468 0 
1.04884 -0.00340348 2.97563e-19 
1.03801 -0.0108285 -2.97656e-19 
1.0656 0.0325926 -1.66628e-20 
1.05889 0.0143652 1.47796e-19 
1.06283 0.0451374 0 
1.05841 0.0376457 -5.44397e-20 
1.0362 0.0348543 0 
1.03045 0.0324119 0 
1.0273 0.0125663 0 
1.02437 0.0152495 0 
1.04214 0.0257416 1.13138e-19 
1.03868 0.0200047 -2.56649e-19 
1.05299 0.0227604 -1.16273e-19 
1.05063 0.0231033 -1.31819e-19 
1.07219 0.0537762 2.41418e-19 
1.08342 0.0468678 0 
1.09089 0.0935865 0 
-0.314305 2.30724 1.73346e-19 
-0.303953 2.08092 1.06149e-20 
-0.303589 2.12385 0 
-0.222109 2.31088 -1.72287e-19 
-0.16298 2.18332 -1.59417e-20 
-0.191321 2.25291 3.18879e-20 
-0.19673 2.63826 -2.91379e-19 
-0.221729 2.59253 2.54245e-20 
-0.230688 2.58674 -1.02004e-19 
-0.214751 2.60033 2.12539e-19 
-0.217348 2.58309 -2.52628e-19 
-0.442694 1.73584 -1.6604e-20 
-0.370897 1.92198 -2.88046e-19 
0.362141 1.40865 -3.8093e-19 
0.358171 1.35148 -3.53857e-19 
0.637723 1.40749 -5.52876e-19 
0.506521 1.47275 -2.99711e-19 
0.555308 1.44901 0 
0.58864 2.41686 1.32528e-19 
0.655937 2.40639 2.36799e-19 
0.411366 2.51213 7.97005e-20 
0.405139 2.55566 -2.10729e-19 
0.515019 2.51233 3.00219e-19 
0.545976 2.45633 0 
0.487878 2.50445 -3.7398e-19 
0.249458 2.58379 6.42888e-19 
0.354333 2.55939 -8.02957e-20 
0.286378 2.64324 -9.65018e-19 
0.930258 2.3838 2.92266e-19 
0.828364 2.38245 0 
1.01082 7.94367e-05 1.17796e-20 
1.01501 -0.00553352 -9.55092e-21 
1.01747 -0.0036672 -1.73243e-19 
1.01472 -0.00097106 1.74134e-19 
1.01215 0.000772774 0 
0.624782 1.27705 0 
0.638081 1.15923 0 
0.741064 1.06483 0 
0.630272 1.13261 0 
1.18699 2.63272 5.66507e-20 
1.07695 2.3736 0 
0.8441 2.21524 -1.14579e-21 
0.827768 2.47481 0 
0.921131 2.56071 -2.48588e-20 
0.957358 2.51508 1.65835e-20 
0.839566 0.147127 0 
0.807923 0.138657 9.29069e-20 
0.926355 0.122224 4.87789e-19 
0.8578 0.118616 -1.93287e-19 
0.841477 0.0625868 -5.80808e-19 
1.05207 0.220084 -3.18723e-19 
0.969229 0.273268 -1.57552e-20 
0.907162 0.270168 4.46594e-19 
0.986433 0.201049 3.39134e-19 
0.941824 0.16077 -6.20822e-19 
0.914255 0.170012 7.97654e-20 
0.940965 0.232467 -1.58469e-19 
0.918205 0.192134 0 
0.981746 0.160877 2.99729e-19 
1.02958 0.168315 0 
1.02357 0.194303 0 
1.08559 0.112083 1.04439e-19 
1.05532 0.160491 -1.3147e-20 
1.0465 0.223792 -5.81801e-20 
1.0807 0.194257 0 
1.02674 0.0389296 2.65964e-19 
1.04684 0.0486852 3.19427e-19 
1.03844 0.0357656 -2.64773e-19 
1.04877 0.0547099 -2.14791e-19 
1.02388 0.061336 -3.52003e-19 
0.983171 0.13036 0 
1.00151 0.0832316 0 
0.97156 0.0457978 -2.4205e-19 
0.927401 0.0618406 9.95569e-20 
1.03878 0.0874409 3.00458e-19 
1.05958 0.112675 -3.15108e-19 
1.06397 0.14042 2.87047e-19 
1.02821 0.128286 0 
1.06845 0.0997375 0 
1.05637 0.0793874 -1.30633e-19 
1.04973 0.084181 -2.41713e-19 
0.585226 1.09029 -6.71298e-20 
0.620186 1.42822 1.69434e-19 
1.16069 2.74999 6.22062e-20 
1.22737 3.08917 -6.18473e-20 
1.25162 2.73143 4.80887e-19 
1.28321 2.71483 -3.04158e-19 
1.2112 2.35499 -8.98503e-21 
1.2141 2.99365 1.5987e-19 
1.23265 2.95916 -1.61231e-19 
1.21909 3.24286 -2.53317e-19 
1.38053 2.97561 3.5055e-19 
1.3725 2.89352 0 
0.545563 0.848045 -1.77889e-20 
0.147554 1.26887 3.96718e-19 
0.525115 0.47902 3.71527e-19 
0.363011 0.239845 4.03753e-19 
0.532542 0.406743 4.39426e-19 
0.542678 0.490576 -6.85183e-19 
0.544516 0.493001 5.61199e-19 
0.499352 0.424214 -2.24132e-19 
0.433038 0.364406 5.14959e-19 
0.771213 0.258133 -2.07405e-19 
0.732363 0.288479 0 
0.727317 0.227429 1.03815e-20 
0.714009 0.518864 2.13257e-19 
0.681509 0.490821 -7.86535e-19 
0.603261 0.487022 1.66489e-20 
0.619256 0.476357 0 
0.673288 0.728634 1.78623e-19 
0.809677 0.76398 9.82787e-20 
0.739109 0.841759 -1.21787e-19 
0.85241 0.799044 -3.35008e-20 
0.882254 0.836975 8.24386e-21 
0.89095 0.839104 -8.44007e-21 
0.81986 0.640055 -2.79554e-19 
0.899192 0.69355 3.1126e-20 
0.953843 0.703453 0 
0.943598 0.677883 -3.59676e-20 
0.995525 0.314378 7.99923e-20 
1.10952 0.286983 3.5251e-20 
1.03632 0.255953 1.30279e-19 
0.97486 0.347287 -1.77031e-19 
1.02042 0.413096 0 
1.07537 0.402413 0 
0.895459 0.353064 5.24101e-21 
0.837171 0.287705 0 
0.854539 0.276199 2.26404e-19 
0.890743 0.277467 -6.31162e-21 
0.91252 0.421588 9.26085e-19 
0.869741 0.484672 2.36628e-19 
0.87386 0.449177 -2.90511e-19 
0.804636 0.435971 3.11849e-19 
0.78797 0.436438 2.0707e-19 
0.755621 0.42204 -2.03252e-19 
1.02815 -0.000696352 2.76345e-19 
1.02013 -2.03328e-05 0 
1.01855 0.000992412 1.85753e-19 
1.02128 -0.00218739 -4.18496e-19 
1.02212 0.00402616 2.03494e-19 
1.02032 0.0107355 -4.27122e-19 
1.02139 0.0101725 0 
1.02102 0.0103633 -8.98863e-20 
1.01598 0.00739967 2.25558e-19 
1.01678 0.0100743 -1.12747e-19 
1.01747 0.00933504 8.28965e-20 
0.0803101 1.26549 0 
0.12657 1.33283 0 
0.0653927 1.31995 0 
0.0508505 1.21923 0 
0.0575258 1.3835 -6.43769e-19 
0.0821184 1.34651 2.05173e-19 
0.103204 1.5097 1.4245e-19 
0.0880996 1.34876 -1.61122e-19 
0.0683824 1.4705 3.90329e-19 
0.0587042 1.45231 -2.98524e-19 
0.0586939 1.37093 -4.47801e-21 
0.0654991 1.37869 3.91021e-19 
0.0755926 1.34686 5.76356e-20 
0.075528 1.40075 5.18877e-20 
0.104188 2.39347 1.69931e-19 
0.0995057 2.42761 0 
0.173382 2.06516 -2.36047e-20 
0.100982 1.71416 -9.53837e-20 
0.227915 2.06884 1.86164e-20 
0.211356 2.45384 0 
0.269456 2.4074 -1.68063e-19 
0.302638 2.40862 1.19802e-19 
0.227365 2.02221 5.16152e-20 
0.149967 2.18442 1.16761e-20 
0.147861 2.30808 0 
0.0285061 1.87906 4.00573e-19 
-0.0190145 2.39031 4.2864e-19 
-0.0101946 2.17556 0 
0.012026 2.45215 -1.30053e-20 
-0.0044914 2.30508 -1.85139e-19 
0.137974 1.41051 -7.76225e-20 
0.0606037 1.27508 1.31672e-18 
0.0505034 1.35889 -3.88156e-19 
0.143667 1.46856 -4.19892e-19 
0.15571 1.52549 0 
-0.0116223 1.24384 0 
-0.140365 1.0483 -4.03084e-19 
-0.157199 1.15408 1.32697e-19 
-0.0800773 1.18245 0 
-0.089456 0.969133 -3.0869e-19 
-0.0837961 0.95318 6.05033e-19 
1.04073 0.00989153 0 
1.04647 0.00580988 -2.79696e-20 
1.03939 0.018444 -2.04451e-19 
1.04817 0.0144098 0 
1.05085 0.0137997 0 
1.03516 0.00959462 -6.15619e-21 
1.03111 0.0104444 3.34867e-19 
1.03092 0.0144473 4.05382e-19 
1.02613 0.0187329 0 
1.02386 0.019568 0 
1.03512 0.0212911 2.05629e-19 
1.02632 0.0251861 0 
1.02592 0.0234359 0 
-0.280963 2.27998 0 
-0.390145 2.02685 -5.447e-20 
-0.36515 2.17168 -1.48983e-19 
-0.161104 1.27263 0 
-0.386464 1.86882 -2.84322e-19 
-0.388815 1.64573 1.06231e-19 
-0.300401 1.30965 0 
0.390884 1.69697 0 
0.358754 1.27771 5.78968e-19 
0.300794 1.33662 0 
0.412228 1.27223 -7.60626e-19 
0.458835 1.44539 0 
0.438494 1.3839 3.55727e-19 
1.0296 2.70355 -5.60097e-21 
0.953989 2.41766 -3.68762e-19 
0.897014 2.17875 4.17603e-19 
0.840354 2.37576 1.33031e-19 
0.844465 2.51793 0 
0.912684 2.51132 0 
0.912414 2.37767 0 
0.892494 2.358 -5.06476e-19 
0.692875 2.49365 -5.09531e-20 
0.801463 2.48478 -2.18525e-20 
0.813392 2.45664 1.67216e-20 
0.689549 2.38538 0 
0.793492 2.38427 0 
0.753004 2.39424 -2.4286e-19 
0.770412 2.50655 0 
0.59803 1.0842 0 
0.493506 0.939864 -6.22996e-20 
0.554046 0.966664 -5.07807e-21 
0.524118 1.0696 0 
0.527394 1.02414 9.59041e-20 
0.761932 0.859643 -3.03116e-21 
0.767587 1.00017 0 
0.743454 0.957628 -3.51181e-20 
0.633579 1.02064 0 
0.638882 0.93588 0 
1.16532 2.77186 2.26072e-20 
1.14409 2.83548 9.83907e-20 
0.936285 2.36123 -2.39525e-19 
0.902926 2.33814 2.2128e-20 
1.12892 2.74599 0 
1.08054 2.71701 -2.64158e-20 
1.08782 2.49661 -1.06826e-19 
0.983301 2.23632 -3.00572e-20 
0.498249 1.37243 0 
0.508363 1.08002 5.92238e-20 
0.544103 1.14945 0 
0.860524 0.215958 0 
0.817284 0.168581 0 
0.774157 0.15339 0 
0.85145 0.222571 -3.56132e-19 
0.791682 0.219518 2.18802e-19 
0.936527 0.0511849 -2.0442e-19 
0.952001 0.0996014 0 
0.925398 0.105061 9.07821e-20 
0.882245 0.0824753 3.70029e-19 
0.866428 0.0456999 -2.28039e-19 
1.16719 3.36801 -9.49556e-19 
1.21442 3.28732 0 
1.16576 3.39534 -1.87771e-18 
0.652077 3.55553 1.61033e-18 
0.879277 3.12138 3.35288e-19 
0.522321 0.869617 2.83581e-19 
0.44422 0.867723 0 
0.349364 0.512342 -9.20483e-20 
0.45159 0.689118 4.44711e-19 
0.528959 0.480859 -1.2187e-19 
0.507245 0.523763 1.42405e-19 
0.648644 0.541308 2.96077e-19 
0.678862 0.565369 0 
0.635889 0.619858 0 
0.589747 0.560838 0 
0.95027 0.58612 -3.68372e-20 
0.871635 0.532097 -2.29181e-19 
0.898436 0.565929 1.24394e-19 
0.930334 0.501411 -1.69956e-19 
1.0328 0.471342 0 
1.0433 0.558861 -1.63766e-20 
0.831029 0.388086 -4.5969e-19 
0.835933 0.372579 -5.36858e-19 
0.785809 0.383537 3.602e-19 
0.778978 0.352056 -4.00505e-19 
0.835191 0.310332 -2.98159e-19 
0.789957 0.305725 3.66423e-19 
1.02651 0.00517427 -2.1706e-19 
1.02609 0.00565925 4.44742e-19 
1.02895 -0.000973966 2.62986e-19 
1.03305 0.000431235 -3.24768e-19 
1.03317 0.00813273 0 
1.02973 0.00829044 -5.24354e-19 
0.0293536 1.65358 -5.5869e-20 
0.0404205 1.57049 0 
0.072016 1.69802 -4.59941e-19 
0.085821 1.68404 4.24483e-19 
0.0813983 1.51333 -2.67074e-19 
0.0738898 1.48373 0 
-0.0621625 2.07054 0 
-0.0472328 1.56579 1.57817e-19 
-0.197812 1.56154 -1.43912e-19 
-0.284067 1.85912 -4.06695e-20 
-0.239732 2.27278 2.73619e-19 
-0.182977 2.24633 -1.11929e-19 
0.492682 1.38003 3.44366e-19 
0.488108 1.38568 -3.69281e-19 
0.434288 1.27154 3.74954e-19 
0.429664 1.29196 -2.23191e-20 
0.615997 1.28555 0 
0.535488 1.3746 4.88792e-19 
0.549891 1.38342 -4.75544e-19 
0.4407 1.26011 -3.60965e-19 
0.494944 1.21544 0 
0.549731 1.18526 0 
0.658415 2.45135 7.48999e-20 
0.669149 2.47759 6.0649e-19 
0.718046 2.49435 -4.17288e-19 
0.623544 2.47699 -1.29095e-19 
0.561219 2.57051 1.17928e-19 
0.512336 2.5427 -3.44494e-19 
0.968667 2.38058 -2.26262e-19 
1.01022 2.40008 0 
0.91209 2.15903 -2.92129e-19 
1.04902 2.69754 0 
1.05104 2.68455 0 
0.622436 2.28202 1.85866e-19 
1.04804 3.16914 4.34723e-19 
0.91891 3.03828 -3.72334e-19 
0.287928 0.938236 0 
0.332523 0.802845 -1.78738e-19 
0.493549 0.759532 -1.09341e-19 
0.397301 2.02914 0 
0.4694 2.78802 -2.33405e-19 
0.428949 2.55268 0 
0.683681 0.679383 -3.72497e-19 
0.75628 0.673563 4.83449e-19 
0.77491 0.62238 -4.73721e-19 
0.664727 0.6513 -5.36512e-20 
0.711683 0.600653 -2.20342e-19 
1.00984 2.77448 -3.3053e-19 
1.04381 2.82933 2.3089e-19 
0.647956 2.16819 1.50495e-19 
0.607847 1.72982 -1.33474e-19 
0.706322 1.92025 4.7675e-20 
0.994988 2.45796 -7.35842e-20 
0.997382 2.45212 -1.06468e-19 
0.67284 1.86177 -9.38145e-22 
0.463961 1.35056 -5.12799e-20 
))
(300 (2 10 3 0 0 919 1018)(
0 0 0 
0 0 0 
0 0 0 
0 0 0 
0 0 0 
0 0 0 
0 0 0 
0 0 0 
0 0 0 
0 0 0 
0 0 0 
0 0 0 
0 0 0 
0 0 0 
0 0 0 
0 0 0 
0 0 0 
0 0 0 
0 0 0 
0 0 0 
0 0 0 
0 0 0 
0 0 0 
0 0 0 
0 0 0 
0 0 0 
0 0 0 
0 0 0 
0 0 0 
0 0 0 
0 0 0 
0 0 0 
0 0 0 
0 0 0 
0 0 0 
0 0 0 
0 0 0 
0 0 0 
0 0 0 
0 0 0 
0 0 0 
0 0 0 
0 0 0 
0 0 0 
0 0 0 
0 0 0 
0 0 0 
0 0 0 
0 0 0 
0 0 0 
0 0 0 
0 0 0 
0 0 0 
0 0 0 
0 0 0 
0 0 0 
0 0 0 
0 0 0 
0 0 0 
0 0 0 
0 0 0 
0 0 0 
0 0 0 
0 0 0 
0 0 0 
0 0 0 
0 0 0 
0 0 0 
0 0 0 
0 0 0 
0 0 0 
0 0 0 
0 0 0 
0 0 0 
0 0 0 
0 0 0 
0 0 0 
0 0 0 
0 0 0 
0 0 0 
0 0 0 
0 0 0 
0 0 0 
0 0 0 
0 0 0 
0 0 0 
0 0 0 
0 0 0 
0 0 0 
0 0 0 
0 0 0 
0 0 0 
0 0 0 
0 0 0 
0 0 0 
0 0 0 
0 0 0 
0 0 0 
0 0 0 
0 0 0 
))
(300 (2 11 3 0 0 1019 1026)(
1 0 0 
1 0 0 
1 0 0 
1 0 0 
1 0 0 
1 0 0 
1 0 0 
1 0 0 
))
(300 (2 12 3 0 0 1027 1030)(
0 3 0 
0 3 0 
0 3 0 
0 3 0 
))
(300 (2 13 3 0 0 1031 1038)(
-0.0317914 1.46324 0 
0.00789429 1.45173 7.01458e-20 
-0.0812316 1.59871 0 
-0.000872083 2.04563 0 
-0.159696 1.93085 0 
-0.155779 1.72145 0 
-0.1837 1.80552 0 
-0.102259 1.96851 0 
))
(300 (2 14 3 0 0 1039 1072)(
0 0 0 
0 0 0 
0 0 0 
0 0 0 
0 0 0 
0 0 0 
0 0 0 
0 0 0 
0 0 0 
0 0 0 
0 0 0 
0 0 0 
0 0 0 
0 0 0 
0 0 0 
0 0 0 
0 0 0 
0 0 0 
0 0 0 
0 0 0 
0 0 0 
0 0 0 
0 0 0 
0 0 0 
0 0 0 
0 0 0 
0 0 0 
0 0 0 
0 0 0 
0 0 0 
0 0 0 
0 0 0 
0 0 0 
0 0 0 
))
(300 (2 15 3 0 0 1073 1072)(
))
