(0 "FOAM to Fluent data File")

(33 (918 3444 1074))
(300 (1 1 1 0 0 1 918)(
0.556513
1.18544
0.00112838
0.555941
-0.0126709
1.15247
-0.508675
0.676081
0.536703
-0.110462
-0.044603
0.536559
1.01297
0.778927
-1.12509
-0.00990336
0.651625
-0.383144
0.535801
-0.0551279
0.701791
0.543251
0.546277
0.536857
0.600251
0.754965
0.893874
0.0216142
0.00918464
0.00477846
-0.0122646
-0.0396997
-0.0333431
1.03612
1.0872
1.10989
0.504553
0.331978
-0.373967
-0.445664
-0.435576
-0.547434
0.67157
0.669609
-0.205914
0.679375
0.682655
0.523759
0.536071
0.53698
0.538011
0.53699
0.538372
0.40411
-0.112702
-0.144593
-0.0910332
-0.0822487
0.0550893
-0.0450624
-0.047654
-0.0434522
-0.0427685
0.453861
0.53088
0.527803
0.541769
0.552511
1.12499
1.09692
1.12306
1.03666
1.0532
0.990969
0.963646
0.79967
0.821375
0.763976
0.75248
-1.55765
-2.51054
-0.53448
-0.283444
-0.0105088
-0.00709727
-0.00105572
0.648193
0.648981
0.651241
0.654634
1.08008
-0.37999
-0.480965
0.535941
0.534748
0.543078
0.543778
0.539797
0.538888
-0.045513
-0.0416229
-0.0471191
-0.0510256
-0.0503178
0.690703
0.691021
0.537388
0.534394
0.559634
0.580079
0.571087
0.278452
0.608585
0.623394
0.585349
0.748876
0.741402
0.750862
0.86735
0.830925
0.931163
0.954269
0.0166679
8.339e-05
-0.0148393
-0.0193318
-0.0180517
0.500398
0.49296
0.520223
0.507977
0.510475
0.24844
0.114737
0.417157
0.442186
-0.29191
-0.356657
-0.430788
-0.459948
-0.567565
0.611125
0.665423
0.662617
-0.217895
-0.145549
-0.277743
-0.0720382
-0.134556
0.514043
0.521043
0.516049
0.53158
0.526052
0.528013
0.540336
0.537408
0.538967
0.46647
0.590229
0.330231
0.294999
-0.246193
-0.160869
-0.246902
-0.0699148
-0.0649534
0.0688613
0.094236
0.0421136
0.0305156
-0.0588771
-0.0504098
-0.0544445
-0.0418391
-0.041632
0.446644
0.435487
0.466535
0.474072
0.518754
0.520155
0.524487
0.522511
0.914465
0.936697
0.944351
0.918241
-3.50172
-6.28631
0.0418542
0.178519
-0.00677343
-0.0090821
0.00216931
-0.00581864
0.000610656
-0.00188898
-0.00531153
-0.00674715
-0.00174537
-0.000232613
0.641814
0.642718
1.00171
1.00783
0.978123
0.93068
0.524138
0.526215
0.531722
0.5276
-0.0412023
-0.0416942
-0.0412827
0.68533
0.689549
0.688003
0.240221
0.150997
0.329228
0.358172
0.635301
0.623376
0.633582
0.644987
0.681428
0.961634
0.979877
0.978134
0.986594
1.0307
1.04717
1.01241
0.479885
0.489847
0.484808
0.523327
0.521102
0.522004
0.517817
0.519143
0.517091
-0.0359817
-0.416501
0.490101
0.507398
0.491816
0.494905
0.691221
0.769701
0.654788
0.659051
0.657867
-0.00351323
-0.0618605
0.250594
0.21688
0.386405
0.422699
0.401726
0.885552
0.846198
0.89624
0.869507
0.831024
0.856402
-0.36809
-1.86962
-0.98764
0.528321
0.342384
0.429399
0.0123613
-0.0046434
-6.19154e-05
1.00084
1.07381
0.646082
0.820539
0.823611
0.719329
0.749174
0.804098
0.730724
0.764656
0.798869
0.779908
0.567373
0.50333
0.519203
0.838896
0.894627
0.121498
0.0609387
0.0169339
0.112829
0.169839
0.144057
1.0343
0.94861
1.01896
0.534153
0.53487
-0.00425826
-0.0181401
0.539098
0.539152
-0.0119329
-0.000950269
0.412999
-0.833147
0.102851
0.527666
0.517623
0.534719
-0.0933174
0.355623
-0.0458684
0.0497263
-0.0060687
0.531509
0.464949
0.424181
0.00226104
-0.0182418
-0.0456091
-0.215562
0.531823
0.530129
0.534187
0.535134
0.535811
-0.0171191
-0.0127499
-0.00954164
-0.043567
-0.0386933
-0.0485727
0.498726
0.517642
-0.170364
0.534332
0.536463
0.536283
0.529533
0.535168
0.533416
-0.00883704
-0.014512
-0.017035
0.221384
0.35165
0.653043
0.740943
0.624196
0.400075
0.164856
0.556115
0.619624
0.52511
0.678998
0.66146
0.676409
0.168398
0.0181531
0.176695
0.118049
0.525526
0.524232
0.515878
0.512852
0.529586
0.527697
0.532257
0.529271
0.532222
0.533607
-0.0505617
-0.0763108
-0.0875856
-0.156861
0.310289
0.571998
0.253387
0.283761
0.142759
-0.0400454
-0.0408511
-0.044859
-0.0505245
0.00293663
-0.0209732
0.0447108
0.0453221
0.0174421
-0.00877267
-0.00483659
-0.0157755
-0.0118527
0.524826
0.52394
0.528846
0.537585
0.474569
0.478341
0.443283
0.463988
0.44928
0.388179
0.423355
0.398598
-0.00398343
0.00516484
-0.00117199
-0.0156172
-0.0123573
-0.031015
-0.02771
-0.0239348
-0.0195898
-0.0262292
-0.040799
-0.0426293
-0.172992
-0.287835
0.988447
0.910519
0.135363
0.520982
0.527431
0.524196
0.529098
0.532226
0.533033
0.530749
0.527302
0.517982
0.519517
0.516342
0.517235
-0.102235
-0.242618
-0.0707942
-0.143857
0.143398
0.627033
0.363568
0.299847
0.29486
0.522625
0.918092
0.702704
0.67744
0.686948
-0.343177
0.0469212
-0.27915
0.336861
0.163645
0.651992
0.701588
0.723925
0.671376
0.624238
-0.103904
0.55475
-0.0698508
-0.0186544
0.182077
0.0604021
0.672379
0.6473
0.65149
0.667722
0.683725
0.653263
0.63886
0.63399
0.663106
0.665096
0.487835
0.252203
0.20368
0.165112
0.64178
0.522935
0.575938
0.49322
0.520722
0.523328
0.521963
0.503545
0.511114
0.506647
0.513177
0.516659
0.525301
0.525756
0.521052
0.523182
-0.0557779
-0.0598323
-0.0304674
-0.138612
-0.13226
-0.194994
-0.0639103
0.0743945
0.0348154
0.236225
0.340995
0.0518778
-0.059145
-0.031815
0.0100919
0.179378
0.20651
0.0745486
0.162816
0.152557
0.135043
0.237073
0.241103
-0.0246557
-0.0284528
-0.0317727
-0.0338959
0.0207407
0.0910154
0.100814
-0.00258216
-0.00855701
-0.0381283
-0.0378646
-0.0212448
-0.0259775
-0.0220185
0.0100109
-0.0509511
-0.0180493
-0.00387031
0.000371705
-0.00190071
-0.00753643
0.517442
0.519952
0.519504
0.525269
0.54148
0.556096
0.518315
0.496731
0.487537
0.490548
0.463458
0.47379
0.46945
0.48319
0.504338
0.513999
0.511313
0.514136
0.496466
0.498189
0.48469
0.488406
0.463155
0.444072
0.432216
-0.0403141
-0.00132892
-0.00952217
-0.0355865
-0.00561824
-0.0178021
-0.00820245
0.0108371
-0.00521054
-0.00721793
-0.0178527
-0.0236025
-0.0229518
-0.0747815
0.0115335
-0.184095
-0.22
-0.292314
0.890297
1.01433
0.81022
0.583338
0.602911
0.846091
0.930831
0.543443
0.73544
0.758791
0.586091
0.853336
0.525815
0.525418
0.523019
0.522499
0.523714
-0.00742306
0.0981991
0.0979782
0.160036
0.275287
0.38725
0.317534
0.19307
0.323418
0.325935
0.619498
0.631568
0.587013
0.61107
0.610488
0.425519
0.501201
0.553345
0.512027
0.564447
0.585619
0.540296
0.572881
0.523082
0.478012
0.473884
0.424472
0.444139
0.420177
0.40317
0.515065
0.492748
0.503191
0.4936
0.512556
0.540347
0.535915
0.561369
0.57565
0.497445
0.452652
0.462047
0.49235
0.45327
0.46845
0.485005
0.230425
0.132084
0.215027
-0.071696
0.00109857
-0.012076
-0.0604071
-0.0101374
0.274483
-0.417936
-0.394029
-1.02217
0.500967
0.953353
0.612608
0.585554
0.681481
0.663884
0.668819
0.685212
0.688305
0.630352
0.642026
0.645946
0.607425
0.62927
0.648282
0.645209
0.524497
0.385754
0.383505
0.333263
0.203394
0.242456
0.440622
0.363925
0.288682
0.289287
0.457977
0.344777
0.414259
0.44889
0.380371
0.334743
0.53771
0.602682
0.595625
0.569864
0.483439
0.496754
0.520598
0.554766
0.580109
0.610691
0.512611
0.518524
0.519758
0.51724
0.514511
0.517562
0.5178
0.520344
0.521
0.523987
0.523032
-0.045109
-0.033121
-0.0465831
-0.0547159
-0.0204455
-0.023221
0.0200771
0.00540023
-0.012337
-0.00674214
-0.0313305
-0.035632
-0.0311606
-0.0224968
0.0991083
0.111749
0.0950511
0.0553612
0.249624
0.379334
0.45384
0.329015
0.221828
0.244879
0.265008
-0.0119636
0.0147151
0.00165044
0.0409538
0.0326598
-0.0325113
-0.0366976
-0.0339714
-0.0269142
-0.0172828
-0.0338985
-0.0376204
-0.0286935
-0.0334179
-0.0356665
-0.0398998
0.498992
0.492463
0.494186
0.487992
0.486702
0.50112
0.505369
0.507357
0.512876
0.515279
0.505194
0.511032
0.514959
-0.00865419
-0.031539
-0.0355305
-0.024589
-0.027261
-0.0252885
-0.0268193
0.122706
0.0525112
0.0571865
0.00905354
-0.122198
-0.0645531
0.490338
0.489369
0.479132
0.720094
0.569394
0.489908
0.586992
0.692662
0.275119
0.472098
0.306909
0.887794
0.783932
0.930358
0.541596
0.243625
0.405473
0.450024
0.26205
0.337089
0.325664
0.214443
0.245467
0.282383
0.381564
0.263893
0.24034
-0.00249984
0.187768
0.300163
0.282024
0.406979
0.467999
0.26467
0.184285
0.139419
0.604706
0.624036
0.638166
0.610441
0.63141
0.578421
0.569353
0.58558
0.594124
0.589726
-0.750286
-0.456877
-1.40306
-0.723994
-0.269919
0.531222
0.501135
0.767653
0.646895
0.688603
0.673996
0.633184
0.602117
0.623622
0.648295
0.345082
0.456176
0.43137
0.436547
0.338457
0.269375
0.567422
0.56351
0.596381
0.619601
0.591421
0.620884
0.510436
0.510155
0.50962
0.505874
0.504151
0.506511
0.0576339
0.0258995
0.0630065
0.0436494
0.020425
0.0083266
-0.00516582
-0.0149691
-0.022338
-0.0223137
-0.00866064
-0.00454327
0.17013
0.108359
0.0282717
0.0580751
-0.0028457
-0.0717281
-0.0902875
0.0140165
0.110404
0.100637
0.404563
0.654437
0.474405
0.641902
0.484153
0.539917
0.467746
0.459201
0.484544
0.37843
0.458886
0.242974
-0.264171
-0.173205
0.790578
0.802998
0.579978
0.402752
0.17138
0.351976
0.543498
0.474952
0.511066
0.580114
0.568268
0.023666
0.0834168
0.364165
0.591186
0.237897
0.228992
0.222784
0.40479
0.32441
))
(300 (1 10 1 0 0 919 1018)(
0.556513
1.18544
0.00112838
0.555941
1.15247
-0.508675
0.676081
-0.110462
-0.044603
0.536559
1.01297
0.778927
-1.12509
0.651625
-0.383144
0.535801
-0.0551279
0.701791
0.536857
0.600251
0.754965
0.893874
0.0216142
1.03612
0.504553
-0.445664
-0.547434
0.669609
-0.205914
0.682655
0.523759
-0.144593
-0.0822487
-0.047654
-0.0427685
0.453861
0.527803
0.552511
1.0532
0.963646
0.821375
0.75248
-2.51054
-0.283444
0.648981
0.654634
-0.480965
0.534748
0.538888
-0.0416229
-0.0503178
0.691021
0.534394
0.571087
0.278452
0.623394
0.585349
0.750862
0.830925
0.954269
0.49296
0.520223
0.510475
-0.356657
-0.567565
0.662617
-0.277743
-0.134556
0.516049
0.528013
-0.246902
-0.0649534
-0.0544445
-0.041632
0.435487
0.474072
0.518754
0.522511
0.918241
0.178519
0.642718
0.524138
0.5276
-0.0412827
0.688003
0.150997
0.358172
0.633582
0.681428
0.986594
0.484808
0.522004
0.517091
0.657867
-0.0618605
0.401726
0.869507
0.429399
0.764656
0.0169339
))
(300 (1 11 1 0 0 919 926)(
0.556513
0.555941
0.536703
0.543251
0.53698
0.538372
0.543078
0.538967
))
(300 (1 12 1 0 0 919 922)(
1.18544
1.15247
1.10989
1.12306
))
(300 (1 13 1 0 0 919 926)(
0
0
0
0
0
0
0
0
))
(300 (1 14 1 0 0 919 952)(
-0.0126709
-0.00990336
-0.0333431
0.331978
0.40411
0.0550893
-0.00105572
1.08008
-0.0180517
0.114737
0.442186
0.611125
0.590229
0.294999
0.094236
0.0305156
-6.28631
-0.00531153
-0.000232613
1.00783
0.93068
-0.416501
0.490101
0.494905
0.769701
0.21688
-0.98764
-6.19154e-05
1.07381
0.823611
0.519203
0.894627
0.144057
1.01896
))
(300 (1 15 1 0 0 919 2754)(
0.556513
0.556513
1.18544
1.18544
0.00112838
0.00112838
0.555941
0.555941
-0.0126709
-0.0126709
1.15247
1.15247
-0.508675
-0.508675
0.676081
0.676081
0.536703
0.536703
-0.110462
-0.110462
-0.044603
-0.044603
0.536559
0.536559
1.01297
1.01297
0.778927
0.778927
-1.12509
-1.12509
-0.00990336
-0.00990336
0.651625
0.651625
-0.383144
-0.383144
0.535801
0.535801
-0.0551279
-0.0551279
0.701791
0.701791
0.543251
0.543251
0.546277
0.546277
0.536857
0.536857
0.600251
0.600251
0.754965
0.754965
0.893874
0.893874
0.0216142
0.0216142
0.00918464
0.00918464
0.00477846
0.00477846
-0.0122646
-0.0122646
-0.0396997
-0.0396997
-0.0333431
-0.0333431
1.03612
1.03612
1.0872
1.0872
1.10989
1.10989
0.504553
0.504553
0.331978
0.331978
-0.373967
-0.373967
-0.445664
-0.445664
-0.435576
-0.435576
-0.547434
-0.547434
0.67157
0.67157
0.669609
0.669609
-0.205914
-0.205914
0.679375
0.679375
0.682655
0.682655
0.523759
0.523759
0.536071
0.536071
0.53698
0.53698
0.538011
0.538011
0.53699
0.53699
0.538372
0.538372
0.40411
0.40411
-0.112702
-0.112702
-0.144593
-0.144593
-0.0910332
-0.0910332
-0.0822487
-0.0822487
0.0550893
0.0550893
-0.0450624
-0.0450624
-0.047654
-0.047654
-0.0434522
-0.0434522
-0.0427685
-0.0427685
0.453861
0.453861
0.53088
0.53088
0.527803
0.527803
0.541769
0.541769
0.552511
0.552511
1.12499
1.12499
1.09692
1.09692
1.12306
1.12306
1.03666
1.03666
1.0532
1.0532
0.990969
0.990969
0.963646
0.963646
0.79967
0.79967
0.821375
0.821375
0.763976
0.763976
0.75248
0.75248
-1.55765
-1.55765
-2.51054
-2.51054
-0.53448
-0.53448
-0.283444
-0.283444
-0.0105088
-0.0105088
-0.00709727
-0.00709727
-0.00105572
-0.00105572
0.648193
0.648193
0.648981
0.648981
0.651241
0.651241
0.654634
0.654634
1.08008
1.08008
-0.37999
-0.37999
-0.480965
-0.480965
0.535941
0.535941
0.534748
0.534748
0.543078
0.543078
0.543778
0.543778
0.539797
0.539797
0.538888
0.538888
-0.045513
-0.045513
-0.0416229
-0.0416229
-0.0471191
-0.0471191
-0.0510256
-0.0510256
-0.0503178
-0.0503178
0.690703
0.690703
0.691021
0.691021
0.537388
0.537388
0.534394
0.534394
0.559634
0.559634
0.580079
0.580079
0.571087
0.571087
0.278452
0.278452
0.608585
0.608585
0.623394
0.623394
0.585349
0.585349
0.748876
0.748876
0.741402
0.741402
0.750862
0.750862
0.86735
0.86735
0.830925
0.830925
0.931163
0.931163
0.954269
0.954269
0.0166679
0.0166679
8.339e-05
8.339e-05
-0.0148393
-0.0148393
-0.0193318
-0.0193318
-0.0180517
-0.0180517
0.500398
0.500398
0.49296
0.49296
0.520223
0.520223
0.507977
0.507977
0.510475
0.510475
0.24844
0.24844
0.114737
0.114737
0.417157
0.417157
0.442186
0.442186
-0.29191
-0.29191
-0.356657
-0.356657
-0.430788
-0.430788
-0.459948
-0.459948
-0.567565
-0.567565
0.611125
0.611125
0.665423
0.665423
0.662617
0.662617
-0.217895
-0.217895
-0.145549
-0.145549
-0.277743
-0.277743
-0.0720382
-0.0720382
-0.134556
-0.134556
0.514043
0.514043
0.521043
0.521043
0.516049
0.516049
0.53158
0.53158
0.526052
0.526052
0.528013
0.528013
0.540336
0.540336
0.537408
0.537408
0.538967
0.538967
0.46647
0.46647
0.590229
0.590229
0.330231
0.330231
0.294999
0.294999
-0.246193
-0.246193
-0.160869
-0.160869
-0.246902
-0.246902
-0.0699148
-0.0699148
-0.0649534
-0.0649534
0.0688613
0.0688613
0.094236
0.094236
0.0421136
0.0421136
0.0305156
0.0305156
-0.0588771
-0.0588771
-0.0504098
-0.0504098
-0.0544445
-0.0544445
-0.0418391
-0.0418391
-0.041632
-0.041632
0.446644
0.446644
0.435487
0.435487
0.466535
0.466535
0.474072
0.474072
0.518754
0.518754
0.520155
0.520155
0.524487
0.524487
0.522511
0.522511
0.914465
0.914465
0.936697
0.936697
0.944351
0.944351
0.918241
0.918241
-3.50172
-3.50172
-6.28631
-6.28631
0.0418542
0.0418542
0.178519
0.178519
-0.00677343
-0.00677343
-0.0090821
-0.0090821
0.00216931
0.00216931
-0.00581864
-0.00581864
0.000610656
0.000610656
-0.00188898
-0.00188898
-0.00531153
-0.00531153
-0.00674715
-0.00674715
-0.00174537
-0.00174537
-0.000232613
-0.000232613
0.641814
0.641814
0.642718
0.642718
1.00171
1.00171
1.00783
1.00783
0.978123
0.978123
0.93068
0.93068
0.524138
0.524138
0.526215
0.526215
0.531722
0.531722
0.5276
0.5276
-0.0412023
-0.0412023
-0.0416942
-0.0416942
-0.0412827
-0.0412827
0.68533
0.68533
0.689549
0.689549
0.688003
0.688003
0.240221
0.240221
0.150997
0.150997
0.329228
0.329228
0.358172
0.358172
0.635301
0.635301
0.623376
0.623376
0.633582
0.633582
0.644987
0.644987
0.681428
0.681428
0.961634
0.961634
0.979877
0.979877
0.978134
0.978134
0.986594
0.986594
1.0307
1.0307
1.04717
1.04717
1.01241
1.01241
0.479885
0.479885
0.489847
0.489847
0.484808
0.484808
0.523327
0.523327
0.521102
0.521102
0.522004
0.522004
0.517817
0.517817
0.519143
0.519143
0.517091
0.517091
-0.0359817
-0.0359817
-0.416501
-0.416501
0.490101
0.490101
0.507398
0.507398
0.491816
0.491816
0.494905
0.494905
0.691221
0.691221
0.769701
0.769701
0.654788
0.654788
0.659051
0.659051
0.657867
0.657867
-0.00351323
-0.00351323
-0.0618605
-0.0618605
0.250594
0.250594
0.21688
0.21688
0.386405
0.386405
0.422699
0.422699
0.401726
0.401726
0.885552
0.885552
0.846198
0.846198
0.89624
0.89624
0.869507
0.869507
0.831024
0.831024
0.856402
0.856402
-0.36809
-0.36809
-1.86962
-1.86962
-0.98764
-0.98764
0.528321
0.528321
0.342384
0.342384
0.429399
0.429399
0.0123613
0.0123613
-0.0046434
-0.0046434
-6.19154e-05
-6.19154e-05
1.00084
1.00084
1.07381
1.07381
0.646082
0.646082
0.820539
0.820539
0.823611
0.823611
0.719329
0.719329
0.749174
0.749174
0.804098
0.804098
0.730724
0.730724
0.764656
0.764656
0.798869
0.798869
0.779908
0.779908
0.567373
0.567373
0.50333
0.50333
0.519203
0.519203
0.838896
0.838896
0.894627
0.894627
0.121498
0.121498
0.0609387
0.0609387
0.0169339
0.0169339
0.112829
0.112829
0.169839
0.169839
0.144057
0.144057
1.0343
1.0343
0.94861
0.94861
1.01896
1.01896
0.534153
0.534153
0.53487
0.53487
-0.00425826
-0.00425826
-0.0181401
-0.0181401
0.539098
0.539098
0.539152
0.539152
-0.0119329
-0.0119329
-0.000950269
-0.000950269
0.412999
0.412999
-0.833147
-0.833147
0.102851
0.102851
0.527666
0.527666
0.517623
0.517623
0.534719
0.534719
-0.0933174
-0.0933174
0.355623
0.355623
-0.0458684
-0.0458684
0.0497263
0.0497263
-0.0060687
-0.0060687
0.531509
0.531509
0.464949
0.464949
0.424181
0.424181
0.00226104
0.00226104
-0.0182418
-0.0182418
-0.0456091
-0.0456091
-0.215562
-0.215562
0.531823
0.531823
0.530129
0.530129
0.534187
0.534187
0.535134
0.535134
0.535811
0.535811
-0.0171191
-0.0171191
-0.0127499
-0.0127499
-0.00954164
-0.00954164
-0.043567
-0.043567
-0.0386933
-0.0386933
-0.0485727
-0.0485727
0.498726
0.498726
0.517642
0.517642
-0.170364
-0.170364
0.534332
0.534332
0.536463
0.536463
0.536283
0.536283
0.529533
0.529533
0.535168
0.535168
0.533416
0.533416
-0.00883704
-0.00883704
-0.014512
-0.014512
-0.017035
-0.017035
0.221384
0.221384
0.35165
0.35165
0.653043
0.653043
0.740943
0.740943
0.624196
0.624196
0.400075
0.400075
0.164856
0.164856
0.556115
0.556115
0.619624
0.619624
0.52511
0.52511
0.678998
0.678998
0.66146
0.66146
0.676409
0.676409
0.168398
0.168398
0.0181531
0.0181531
0.176695
0.176695
0.118049
0.118049
0.525526
0.525526
0.524232
0.524232
0.515878
0.515878
0.512852
0.512852
0.529586
0.529586
0.527697
0.527697
0.532257
0.532257
0.529271
0.529271
0.532222
0.532222
0.533607
0.533607
-0.0505617
-0.0505617
-0.0763108
-0.0763108
-0.0875856
-0.0875856
-0.156861
-0.156861
0.310289
0.310289
0.571998
0.571998
0.253387
0.253387
0.283761
0.283761
0.142759
0.142759
-0.0400454
-0.0400454
-0.0408511
-0.0408511
-0.044859
-0.044859
-0.0505245
-0.0505245
0.00293663
0.00293663
-0.0209732
-0.0209732
0.0447108
0.0447108
0.0453221
0.0453221
0.0174421
0.0174421
-0.00877267
-0.00877267
-0.00483659
-0.00483659
-0.0157755
-0.0157755
-0.0118527
-0.0118527
0.524826
0.524826
0.52394
0.52394
0.528846
0.528846
0.537585
0.537585
0.474569
0.474569
0.478341
0.478341
0.443283
0.443283
0.463988
0.463988
0.44928
0.44928
0.388179
0.388179
0.423355
0.423355
0.398598
0.398598
-0.00398343
-0.00398343
0.00516484
0.00516484
-0.00117199
-0.00117199
-0.0156172
-0.0156172
-0.0123573
-0.0123573
-0.031015
-0.031015
-0.02771
-0.02771
-0.0239348
-0.0239348
-0.0195898
-0.0195898
-0.0262292
-0.0262292
-0.040799
-0.040799
-0.0426293
-0.0426293
-0.172992
-0.172992
-0.287835
-0.287835
0.988447
0.988447
0.910519
0.910519
0.135363
0.135363
0.520982
0.520982
0.527431
0.527431
0.524196
0.524196
0.529098
0.529098
0.532226
0.532226
0.533033
0.533033
0.530749
0.530749
0.527302
0.527302
0.517982
0.517982
0.519517
0.519517
0.516342
0.516342
0.517235
0.517235
-0.102235
-0.102235
-0.242618
-0.242618
-0.0707942
-0.0707942
-0.143857
-0.143857
0.143398
0.143398
0.627033
0.627033
0.363568
0.363568
0.299847
0.299847
0.29486
0.29486
0.522625
0.522625
0.918092
0.918092
0.702704
0.702704
0.67744
0.67744
0.686948
0.686948
-0.343177
-0.343177
0.0469212
0.0469212
-0.27915
-0.27915
0.336861
0.336861
0.163645
0.163645
0.651992
0.651992
0.701588
0.701588
0.723925
0.723925
0.671376
0.671376
0.624238
0.624238
-0.103904
-0.103904
0.55475
0.55475
-0.0698508
-0.0698508
-0.0186544
-0.0186544
0.182077
0.182077
0.0604021
0.0604021
0.672379
0.672379
0.6473
0.6473
0.65149
0.65149
0.667722
0.667722
0.683725
0.683725
0.653263
0.653263
0.63886
0.63886
0.63399
0.63399
0.663106
0.663106
0.665096
0.665096
0.487835
0.487835
0.252203
0.252203
0.20368
0.20368
0.165112
0.165112
0.64178
0.64178
0.522935
0.522935
0.575938
0.575938
0.49322
0.49322
0.520722
0.520722
0.523328
0.523328
0.521963
0.521963
0.503545
0.503545
0.511114
0.511114
0.506647
0.506647
0.513177
0.513177
0.516659
0.516659
0.525301
0.525301
0.525756
0.525756
0.521052
0.521052
0.523182
0.523182
-0.0557779
-0.0557779
-0.0598323
-0.0598323
-0.0304674
-0.0304674
-0.138612
-0.138612
-0.13226
-0.13226
-0.194994
-0.194994
-0.0639103
-0.0639103
0.0743945
0.0743945
0.0348154
0.0348154
0.236225
0.236225
0.340995
0.340995
0.0518778
0.0518778
-0.059145
-0.059145
-0.031815
-0.031815
0.0100919
0.0100919
0.179378
0.179378
0.20651
0.20651
0.0745486
0.0745486
0.162816
0.162816
0.152557
0.152557
0.135043
0.135043
0.237073
0.237073
0.241103
0.241103
-0.0246557
-0.0246557
-0.0284528
-0.0284528
-0.0317727
-0.0317727
-0.0338959
-0.0338959
0.0207407
0.0207407
0.0910154
0.0910154
0.100814
0.100814
-0.00258216
-0.00258216
-0.00855701
-0.00855701
-0.0381283
-0.0381283
-0.0378646
-0.0378646
-0.0212448
-0.0212448
-0.0259775
-0.0259775
-0.0220185
-0.0220185
0.0100109
0.0100109
-0.0509511
-0.0509511
-0.0180493
-0.0180493
-0.00387031
-0.00387031
0.000371705
0.000371705
-0.00190071
-0.00190071
-0.00753643
-0.00753643
0.517442
0.517442
0.519952
0.519952
0.519504
0.519504
0.525269
0.525269
0.54148
0.54148
0.556096
0.556096
0.518315
0.518315
0.496731
0.496731
0.487537
0.487537
0.490548
0.490548
0.463458
0.463458
0.47379
0.47379
0.46945
0.46945
0.48319
0.48319
0.504338
0.504338
0.513999
0.513999
0.511313
0.511313
0.514136
0.514136
0.496466
0.496466
0.498189
0.498189
0.48469
0.48469
0.488406
0.488406
0.463155
0.463155
0.444072
0.444072
0.432216
0.432216
-0.0403141
-0.0403141
-0.00132892
-0.00132892
-0.00952217
-0.00952217
-0.0355865
-0.0355865
-0.00561824
-0.00561824
-0.0178021
-0.0178021
-0.00820245
-0.00820245
0.0108371
0.0108371
-0.00521054
-0.00521054
-0.00721793
-0.00721793
-0.0178527
-0.0178527
-0.0236025
-0.0236025
-0.0229518
-0.0229518
-0.0747815
-0.0747815
0.0115335
0.0115335
-0.184095
-0.184095
-0.22
-0.22
-0.292314
-0.292314
0.890297
0.890297
1.01433
1.01433
0.81022
0.81022
0.583338
0.583338
0.602911
0.602911
0.846091
0.846091
0.930831
0.930831
0.543443
0.543443
0.73544
0.73544
0.758791
0.758791
0.586091
0.586091
0.853336
0.853336
0.525815
0.525815
0.525418
0.525418
0.523019
0.523019
0.522499
0.522499
0.523714
0.523714
-0.00742306
-0.00742306
0.0981991
0.0981991
0.0979782
0.0979782
0.160036
0.160036
0.275287
0.275287
0.38725
0.38725
0.317534
0.317534
0.19307
0.19307
0.323418
0.323418
0.325935
0.325935
0.619498
0.619498
0.631568
0.631568
0.587013
0.587013
0.61107
0.61107
0.610488
0.610488
0.425519
0.425519
0.501201
0.501201
0.553345
0.553345
0.512027
0.512027
0.564447
0.564447
0.585619
0.585619
0.540296
0.540296
0.572881
0.572881
0.523082
0.523082
0.478012
0.478012
0.473884
0.473884
0.424472
0.424472
0.444139
0.444139
0.420177
0.420177
0.40317
0.40317
0.515065
0.515065
0.492748
0.492748
0.503191
0.503191
0.4936
0.4936
0.512556
0.512556
0.540347
0.540347
0.535915
0.535915
0.561369
0.561369
0.57565
0.57565
0.497445
0.497445
0.452652
0.452652
0.462047
0.462047
0.49235
0.49235
0.45327
0.45327
0.46845
0.46845
0.485005
0.485005
0.230425
0.230425
0.132084
0.132084
0.215027
0.215027
-0.071696
-0.071696
0.00109857
0.00109857
-0.012076
-0.012076
-0.0604071
-0.0604071
-0.0101374
-0.0101374
0.274483
0.274483
-0.417936
-0.417936
-0.394029
-0.394029
-1.02217
-1.02217
0.500967
0.500967
0.953353
0.953353
0.612608
0.612608
0.585554
0.585554
0.681481
0.681481
0.663884
0.663884
0.668819
0.668819
0.685212
0.685212
0.688305
0.688305
0.630352
0.630352
0.642026
0.642026
0.645946
0.645946
0.607425
0.607425
0.62927
0.62927
0.648282
0.648282
0.645209
0.645209
0.524497
0.524497
0.385754
0.385754
0.383505
0.383505
0.333263
0.333263
0.203394
0.203394
0.242456
0.242456
0.440622
0.440622
0.363925
0.363925
0.288682
0.288682
0.289287
0.289287
0.457977
0.457977
0.344777
0.344777
0.414259
0.414259
0.44889
0.44889
0.380371
0.380371
0.334743
0.334743
0.53771
0.53771
0.602682
0.602682
0.595625
0.595625
0.569864
0.569864
0.483439
0.483439
0.496754
0.496754
0.520598
0.520598
0.554766
0.554766
0.580109
0.580109
0.610691
0.610691
0.512611
0.512611
0.518524
0.518524
0.519758
0.519758
0.51724
0.51724
0.514511
0.514511
0.517562
0.517562
0.5178
0.5178
0.520344
0.520344
0.521
0.521
0.523987
0.523987
0.523032
0.523032
-0.045109
-0.045109
-0.033121
-0.033121
-0.0465831
-0.0465831
-0.0547159
-0.0547159
-0.0204455
-0.0204455
-0.023221
-0.023221
0.0200771
0.0200771
0.00540023
0.00540023
-0.012337
-0.012337
-0.00674214
-0.00674214
-0.0313305
-0.0313305
-0.035632
-0.035632
-0.0311606
-0.0311606
-0.0224968
-0.0224968
0.0991083
0.0991083
0.111749
0.111749
0.0950511
0.0950511
0.0553612
0.0553612
0.249624
0.249624
0.379334
0.379334
0.45384
0.45384
0.329015
0.329015
0.221828
0.221828
0.244879
0.244879
0.265008
0.265008
-0.0119636
-0.0119636
0.0147151
0.0147151
0.00165044
0.00165044
0.0409538
0.0409538
0.0326598
0.0326598
-0.0325113
-0.0325113
-0.0366976
-0.0366976
-0.0339714
-0.0339714
-0.0269142
-0.0269142
-0.0172828
-0.0172828
-0.0338985
-0.0338985
-0.0376204
-0.0376204
-0.0286935
-0.0286935
-0.0334179
-0.0334179
-0.0356665
-0.0356665
-0.0398998
-0.0398998
0.498992
0.498992
0.492463
0.492463
0.494186
0.494186
0.487992
0.487992
0.486702
0.486702
0.50112
0.50112
0.505369
0.505369
0.507357
0.507357
0.512876
0.512876
0.515279
0.515279
0.505194
0.505194
0.511032
0.511032
0.514959
0.514959
-0.00865419
-0.00865419
-0.031539
-0.031539
-0.0355305
-0.0355305
-0.024589
-0.024589
-0.027261
-0.027261
-0.0252885
-0.0252885
-0.0268193
-0.0268193
0.122706
0.122706
0.0525112
0.0525112
0.0571865
0.0571865
0.00905354
0.00905354
-0.122198
-0.122198
-0.0645531
-0.0645531
0.490338
0.490338
0.489369
0.489369
0.479132
0.479132
0.720094
0.720094
0.569394
0.569394
0.489908
0.489908
0.586992
0.586992
0.692662
0.692662
0.275119
0.275119
0.472098
0.472098
0.306909
0.306909
0.887794
0.887794
0.783932
0.783932
0.930358
0.930358
0.541596
0.541596
0.243625
0.243625
0.405473
0.405473
0.450024
0.450024
0.26205
0.26205
0.337089
0.337089
0.325664
0.325664
0.214443
0.214443
0.245467
0.245467
0.282383
0.282383
0.381564
0.381564
0.263893
0.263893
0.24034
0.24034
-0.00249984
-0.00249984
0.187768
0.187768
0.300163
0.300163
0.282024
0.282024
0.406979
0.406979
0.467999
0.467999
0.26467
0.26467
0.184285
0.184285
0.139419
0.139419
0.604706
0.604706
0.624036
0.624036
0.638166
0.638166
0.610441
0.610441
0.63141
0.63141
0.578421
0.578421
0.569353
0.569353
0.58558
0.58558
0.594124
0.594124
0.589726
0.589726
-0.750286
-0.750286
-0.456877
-0.456877
-1.40306
-1.40306
-0.723994
-0.723994
-0.269919
-0.269919
0.531222
0.531222
0.501135
0.501135
0.767653
0.767653
0.646895
0.646895
0.688603
0.688603
0.673996
0.673996
0.633184
0.633184
0.602117
0.602117
0.623622
0.623622
0.648295
0.648295
0.345082
0.345082
0.456176
0.456176
0.43137
0.43137
0.436547
0.436547
0.338457
0.338457
0.269375
0.269375
0.567422
0.567422
0.56351
0.56351
0.596381
0.596381
0.619601
0.619601
0.591421
0.591421
0.620884
0.620884
0.510436
0.510436
0.510155
0.510155
0.50962
0.50962
0.505874
0.505874
0.504151
0.504151
0.506511
0.506511
0.0576339
0.0576339
0.0258995
0.0258995
0.0630065
0.0630065
0.0436494
0.0436494
0.020425
0.020425
0.0083266
0.0083266
-0.00516582
-0.00516582
-0.0149691
-0.0149691
-0.022338
-0.022338
-0.0223137
-0.0223137
-0.00866064
-0.00866064
-0.00454327
-0.00454327
0.17013
0.17013
0.108359
0.108359
0.0282717
0.0282717
0.0580751
0.0580751
-0.0028457
-0.0028457
-0.0717281
-0.0717281
-0.0902875
-0.0902875
0.0140165
0.0140165
0.110404
0.110404
0.100637
0.100637
0.404563
0.404563
0.654437
0.654437
0.474405
0.474405
0.641902
0.641902
0.484153
0.484153
0.539917
0.539917
0.467746
0.467746
0.459201
0.459201
0.484544
0.484544
0.37843
0.37843
0.458886
0.458886
0.242974
0.242974
-0.264171
-0.264171
-0.173205
-0.173205
0.790578
0.790578
0.802998
0.802998
0.579978
0.579978
0.402752
0.402752
0.17138
0.17138
0.351976
0.351976
0.543498
0.543498
0.474952
0.474952
0.511066
0.511066
0.580114
0.580114
0.568268
0.568268
0.023666
0.023666
0.0834168
0.0834168
0.364165
0.364165
0.591186
0.591186
0.237897
0.237897
0.228992
0.228992
0.222784
0.222784
0.40479
0.40479
0.32441
0.32441
))
(300 (2 1 3 0 0 1 918)(
0.985161 -0.000506223 0 
0.00501587 2.96625 0 
0.00933795 0.888215 0 
0.979704 0.0021463 0 
-0.0108545 2.06154 3.82819e-20 
-0.00704864 2.9488 -2.46696e-18 
0.817491 1.15989 4.47607e-19 
0.15603 0.0844274 -1.50347e-20 
0.999909 -0.000277557 0 
0.0602022 0.742599 0 
0.0128756 0.536869 0 
0.73575 -0.0180411 0 
0.0111046 2.9304 0 
0.00251414 2.79512 0 
-0.0178093 3.15007 7.80892e-19 
-0.021963 1.90977 7.99736e-21 
0.279922 0.0419096 1.01793e-18 
0.186932 1.13574 3.18985e-19 
0.962735 0.00501837 0 
0.00891019 0.500544 0 
-0.00397944 0.11301 -7.06647e-19 
1.00197 -0.00497641 0 
1.00022 -0.00978597 0 
0.975736 -0.00643904 0 
0.597693 0.011219 0 
0.0152785 2.64124 0 
-0.0149179 2.91003 9.07495e-19 
0.0112847 0.939364 0 
-0.0145028 1.18131 0 
0.0135929 0.921352 0 
-0.0124934 2.59619 0 
0.000236739 2.11503 -3.05734e-20 
-0.0104761 1.89085 0 
-0.0206047 2.9876 -8.86684e-23 
-0.0166848 3.00529 1.9172e-18 
0.00209731 3.00017 0 
0.871246 -0.00963993 0 
0.403249 0.934246 1.79272e-19 
0.802203 1.17448 -5.10664e-19 
0.953754 1.01946 5.53359e-19 
0.67123 1.26601 -1.03671e-19 
0.672533 1.24026 5.97274e-19 
0.193396 0.141207 1.46677e-20 
0.171459 0.0608127 0 
1.1542 0.560336 0 
0.167406 0.128708 6.68737e-20 
0.132306 0.0805333 -6.93905e-20 
0.919881 -0.00745517 0 
1.00027 0.000159742 0 
0.999909 0.000337753 0 
1.00363 -0.00776171 0 
1.00096 -0.000921634 0 
1.00017 3.53611e-05 0 
0.0735839 1.82472 -7.7254e-19 
0.0266355 0.95147 0 
0.0959397 0.813499 0 
0.00912138 0.90815 0 
0.0355057 0.67293 0 
0.00638732 2.00952 0 
0.000207688 0.817116 0 
0.0112326 0.556426 0 
-0.00381186 0.812416 0 
0.00966561 0.523051 0 
0.841159 -0.0157736 0 
0.839976 0.03256 0 
0.767496 -0.0086645 0 
0.804343 0.0409103 0 
0.703063 -0.0117275 0 
0.0146822 3.00041 9.14414e-19 
0.011484 3.00806 0 
0.00610565 3.00274 0 
0.013533 2.99736 1.03723e-23 
0.00796458 2.95848 -1.35904e-18 
0.0145018 2.98205 0 
0.0108827 2.90355 0 
0.024276 2.93091 2.07952e-24 
0.00472598 2.82505 0 
0.0302219 2.91656 0 
-0.00467924 2.74517 0 
0.305691 3.54364 0 
-0.13164 3.62441 0 
0.138053 3.24024 -7.26694e-19 
-0.0135261 2.97821 0 
-0.0246126 1.98501 0 
-0.00670149 2.16488 -7.88775e-21 
-0.0161658 1.91766 1.27761e-21 
0.360465 0.145932 -3.53397e-19 
0.307551 0.0256611 -3.43046e-19 
0.32028 0.152945 -1.0582e-18 
0.245274 0.0501049 -6.89552e-19 
0.228543 0.980594 0 
0.27123 1.28508 -3.6895e-19 
0.365221 1.22254 6.15405e-19 
0.987442 0.00856873 0 
0.941874 0.00583147 0 
1.0003 0.000580347 0 
1.00286 0.0093086 0 
1.00301 0.00846958 -2.74154e-18 
0.991909 0.00969625 2.07032e-18 
-0.0053358 0.799132 0 
0.00885686 0.511035 0 
-0.0411519 1.00843 0 
-0.0199604 0.838489 0 
0.00550209 0.497052 0 
0.00378947 0.123883 2.18124e-19 
0.083891 0.0936657 0 
0.993551 -0.00837253 0 
0.954457 -0.00652857 0 
0.747571 0.0398257 0 
0.682279 0.0308903 0 
0.663301 -0.0034569 0 
0.969326 -0.00765717 0 
0.59697 0.0722859 0 
0.445343 -0.0137705 1.53744e-18 
-0.0374099 2.86151 6.70196e-19 
0.0411066 2.90977 0 
0.0534946 2.88625 0 
-0.00442069 2.70045 0 
-0.0131346 2.98527 8.58868e-19 
-0.0178126 2.89509 0 
-0.0153601 2.98807 -2.66383e-18 
-0.0133027 2.9252 9.12006e-19 
-0.0245599 1.34519 0 
-0.000856716 1.37436 0 
-0.00669737 2.13009 4.7606e-22 
-0.00543352 2.09224 0 
-0.0235992 1.8974 0 
0.938501 -0.00742855 0 
0.85732 -0.00995317 0 
0.863281 0.00576589 0 
0.949535 -0.00784906 0 
0.883994 -0.00818011 0 
0.514803 1.12729 -2.26452e-19 
0.563948 1.17836 0 
0.367845 0.879208 3.35232e-20 
0.310385 0.73794 0 
0.914174 1.05744 -1.52462e-19 
1.03095 0.866724 3.08583e-19 
0.358624 1.34856 0 
0.523813 1.32163 0 
0.54663 1.25931 0 
0.120581 0.184922 -3.0185e-19 
0.217213 0.138115 0 
0.19683 0.0722356 1.92825e-19 
1.00208 0.921314 0 
1.0752 0.775383 0 
1.10028 0.716834 -2.43879e-19 
1.1336 0.619847 0 
1.18445 0.403918 5.68488e-20 
0.957722 -0.0087246 0 
0.962492 -0.0100463 0 
0.901715 -0.00797599 0 
0.984199 -0.00915033 0 
0.974701 -0.0093406 0 
0.937124 -0.00637054 0 
1.00019 0.00233925 0 
1.0009 0.00141221 0 
0.99991 0.000854711 0 
0.0352724 2.07382 4.28203e-19 
0.119055 1.76777 0 
0.0176665 2.18796 6.5797e-19 
0.0463314 1.87842 -5.48902e-19 
0.103543 1.14373 -2.6133e-19 
0.0451262 1.02742 0 
0.141472 0.972678 0 
0.00298788 0.869501 0 
0.0168284 0.620702 0 
-0.00135373 2.24082 -8.47916e-22 
0.0157749 2.01448 0 
-0.00214732 2.24256 -3.16347e-20 
0.00767873 2.01808 5.01849e-20 
0.000939784 0.845902 0 
0.00179501 0.827018 0 
0.0105303 0.584585 0 
-0.00441353 0.805618 0 
0.000633209 0.515603 0 
0.937976 0.00968244 0 
0.849559 -0.0147718 0 
0.927277 0.000336884 0 
0.842188 -0.0129346 0 
0.812149 -0.00122555 0 
0.899425 0.0215925 0 
0.873328 0.0269326 0 
0.788696 -0.00455426 0 
0.00564822 3.0648 -8.52288e-21 
0.0167432 3.05779 0 
0.0147004 2.96902 0 
0.00865515 2.87615 0 
0.921551 3.95681 0 
1.23511 3.2903 9.27941e-19 
0.0692088 3.07043 0 
-0.0290379 2.90305 0 
-0.00782296 1.3945 0 
-0.0306888 1.69409 0 
-0.0167623 1.52877 0 
-0.0293073 2.55419 -8.00084e-21 
-0.0129259 2.24269 0 
-0.0183337 2.39149 0 
-0.0018333 1.94379 9.22276e-22 
-0.00332741 2.2379 -5.18131e-21 
-0.0052762 2.19956 -1.4557e-21 
-0.00994431 1.92952 0 
0.410609 0.126379 5.38842e-19 
0.355859 0.0144345 -5.28773e-19 
0.259123 1.58509 0 
0.276697 0.753723 -3.15409e-19 
0.177098 1.67222 -1.04868e-18 
0.226111 1.21793 1.05101e-18 
0.902047 0.00638927 0 
0.967411 0.0111154 0 
0.974553 0.0108059 0 
0.92332 0.00642235 0 
-0.00466855 0.799266 0 
-0.00908201 0.798712 0 
0.00398403 0.508384 0 
0.147257 0.118049 6.18778e-19 
0.125284 0.107317 -7.30106e-19 
0.109879 0.081868 0 
1.09666 0.0855772 2.71502e-20 
1.07883 0.0390634 0 
1.01164 0.0396979 0 
0.906055 -0.00579219 0 
0.459538 0.105847 0 
0.518574 0.0870295 -2.45639e-18 
0.400075 0.00978723 9.18479e-19 
0.00872424 2.98081 7.19261e-19 
-0.0327806 2.86541 4.68027e-20 
0.00361245 3.05022 -1.80448e-20 
0.02024 3.04338 6.42171e-19 
-0.0150193 2.99658 2.99512e-20 
-0.0129452 2.94949 -1.20534e-22 
-0.0172501 3.01192 -5.54468e-19 
0.0148622 3.02378 4.01108e-19 
0.00737217 3.03678 -6.35225e-19 
0.933794 -0.00128479 0 
0.93933 -0.00325251 0 
0.84574 -0.00945722 0 
0.956552 0.0118894 0 
0.942701 0.0132217 0 
0.881602 0.00588334 0 
0.916949 0.0172763 0 
0.925921 0.0150324 0 
0.838511 0.00239333 0 
0.717298 1.40465 4.19395e-20 
0.75061 1.51339 0 
0.182407 0.316616 7.05488e-20 
0.227523 0.668405 5.68256e-19 
0.262323 0.720936 -3.31799e-19 
0.263851 0.523531 6.59964e-19 
0.345198 0.809714 1.58871e-18 
0.139802 0.229691 3.75106e-19 
0.281109 0.155214 7.30541e-19 
0.247229 0.150731 1.89618e-19 
0.218179 0.0622468 3.60022e-19 
1.17362 0.462045 5.9931e-20 
1.18973 0.255682 5.53157e-20 
0.00983606 2.23624 2.53599e-19 
0.0404911 1.94573 0 
0.969736 0.0291434 0 
0.942686 0.0137602 0 
0.868192 -0.0179944 0 
0.0112056 3.07422 0 
0.0195974 2.94401 1.17474e-18 
0.0164331 2.95625 0 
0.00642908 2.85062 -1.16527e-18 
0.00631438 3.09091 2.84944e-19 
0.00727217 3.08273 0 
0.783467 1.81508 -1.59616e-19 
1.24298 2.49102 4.06234e-19 
0.76549 1.95447 -1.23267e-18 
0.019729 2.98037 -6.19977e-19 
0.0353933 2.99962 0 
-0.034307 2.87692 0 
-0.00422819 2.22152 -1.31503e-20 
-0.00309943 2.24263 6.43706e-21 
0.000927091 1.97926 -7.33356e-21 
0.278025 1.39384 1.02445e-18 
0.237334 0.547225 -7.02488e-19 
0.0636218 1.99848 7.63007e-19 
0.135369 1.88473 -9.10493e-19 
0.180303 1.51006 9.47733e-20 
0.00231802 3.11848 -1.77666e-18 
0.0167067 3.11791 1.90394e-18 
-0.00915182 2.98102 7.89016e-19 
-0.00348051 2.97735 -7.45608e-19 
-0.0211052 2.88123 -8.03591e-19 
0.0086292 3.09943 -2.11808e-18 
0.00221042 3.10653 2.06688e-18 
0.281379 0.69474 0 
0.248193 0.684097 -1.18031e-18 
0.0958973 0.22545 5.24123e-19 
0.356926 0.936337 1.1113e-18 
0.194875 0.275369 -1.71334e-18 
1.18231 0.174157 6.36782e-20 
1.19028 0.310185 0 
1.1707 0.122119 -7.51397e-21 
0.00110057 2.25328 -1.48953e-21 
0.00448358 2.24536 0 
0.0246951 1.9808 0 
0.340106 1.30271 -3.67968e-19 
0.374067 1.14817 -7.99359e-19 
0.209389 0.37675 1.42493e-18 
1.00588 -0.010836 0 
1.00767 -0.00763786 5.05779e-19 
-0.0202848 1.32539 0 
-0.0347092 1.32278 0 
1.00221 0.00351135 1.80952e-21 
1.00366 0.00946404 1.03263e-18 
-0.0172729 2.53856 1.01386e-20 
-0.0230458 2.58144 0 
0.0347376 3.17728 4.09777e-19 
0.391392 3.48508 0 
1.17146 0.660582 -5.90153e-20 
1.01286 0.013128 -2.13797e-21 
1.02132 -0.0103123 0 
1.0017 0.000124832 7.76873e-23 
0.105915 1.36371 0 
0.144165 2.57275 0 
0.0252362 1.30643 0 
-0.00110947 2.62417 2.95151e-20 
-0.0222101 2.58095 5.31615e-21 
0.999156 0.028091 2.10983e-21 
1.06288 0.00452363 0 
1.0971 0.0247937 0 
-0.028837 1.73649 0 
-0.0189191 2.58197 0 
-0.00445841 1.30756 0 
0.311979 1.47798 -1.70019e-19 
1.0113 -0.00962326 0 
1.0094 -0.0149199 0 
1.00237 0.000747406 6.46365e-19 
1.00547 -0.00480459 -7.5969e-19 
1.00118 -0.000973683 0 
-0.0137204 1.46007 0 
-0.00648627 1.37204 0 
-0.00692925 1.41796 0 
-0.00822459 1.29578 0 
-0.0155011 1.28409 0 
-0.00757603 1.26533 0 
1.03496 -0.00610812 0 
1.01985 0.0156257 -8.48142e-22 
0.820322 1.27255 2.59414e-19 
1.00223 0.000312714 -6.43835e-19 
1.00406 0.00525714 7.53805e-19 
1.00118 0.00207257 0 
1.01275 0.0103473 6.40759e-19 
1.00799 0.00830825 -7.76383e-19 
1.00856 0.0146932 0 
-0.0236204 2.60982 0 
-0.0249935 2.58906 -1.75505e-20 
-0.022714 2.60332 1.26057e-20 
1.23563 0.266087 5.83764e-19 
1.16121 0.086497 0 
0.041305 3.07784 -9.16261e-19 
0.0648041 2.85612 -6.66809e-20 
0.138901 3.1924 1.39932e-18 
0.134388 3.22025 -1.98379e-19 
0.133218 3.23125 0 
0.0198118 3.13731 2.3643e-19 
0.0749308 3.16025 9.03652e-19 
0.0678113 3.18536 -4.4567e-19 
0.0222073 3.13001 0 
0.600853 0.278253 0 
0.525826 0.305144 0 
1.14224 0.696675 1.35641e-19 
1.13687 0.818117 -1.2108e-19 
1.19938 0.583375 0 
1.22771 0.518309 0 
1.01606 0.0133623 -1.19439e-18 
1.01498 0.0142768 1.49928e-18 
1.02535 -0.0098327 0 
1.02341 -0.0118689 0 
1.00642 0.00260945 0 
1.01041 0.00372838 0 
1.00459 0.00185593 0 
1.00979 0.00623741 0 
1.00782 0.00596145 0 
1.00451 0.00470829 0 
0.0949211 1.36155 0 
0.0896967 1.32759 0 
0.128518 1.40056 0 
0.144991 1.40498 0 
0.145674 2.59764 0 
0.18562 2.66726 -4.23623e-19 
0.101321 2.65338 0 
0.0849753 2.65605 1.97863e-19 
0.038068 2.6787 -1.49603e-19 
0.0188744 1.31807 0 
0.021667 1.24539 0 
0.0192554 1.3293 0 
0.0343119 1.2671 0 
0.00250093 1.98393 1.40563e-21 
-0.0209256 2.60877 -1.64987e-20 
-0.00925238 2.66563 1.53424e-20 
-0.0191738 2.68421 0 
-0.0237398 2.61455 -9.11592e-21 
-0.0239742 2.60937 1.06158e-20 
0.011426 1.98247 1.60428e-21 
-0.00770737 2.39681 2.21364e-20 
-0.0139195 2.41874 -1.73998e-20 
1.00913 0.038189 1.21447e-18 
1.00513 0.0161185 -1.50895e-18 
1.00199 0.0458816 -1.22981e-18 
0.976372 0.0293358 1.55414e-18 
1.0641 0.00831888 0 
1.04926 -0.00831549 0 
1.09416 0.0349018 0 
1.07417 0.0128122 0 
1.07196 0.00046337 0 
1.14008 0.0826624 0 
1.1115 0.044312 0 
1.11511 0.0321968 0 
-0.0250231 2.43081 8.10842e-22 
-0.0144117 2.01077 0 
-0.0160459 2.21466 0 
-0.0206475 2.60273 -9.96429e-21 
-0.0179863 2.61271 1.52206e-22 
0.00307098 1.57022 -3.36874e-20 
-0.00507622 1.49905 3.43078e-20 
-0.0142286 1.38818 0 
-0.0177757 1.39493 0 
-0.0224324 1.38981 0 
-0.00343796 1.30837 0 
0.00733981 1.23618 0 
0.387438 1.49537 2.77044e-19 
0.430409 1.49594 1.45288e-19 
0.597776 2.44639 -2.40057e-19 
0.39917 2.54367 7.06639e-19 
0.350972 2.05655 7.10474e-20 
1.02105 -0.00812836 0 
1.0155 -0.00975517 0 
1.01491 -0.0155049 0 
1.00741 -0.00109298 0 
1.00493 -0.000916599 0 
1.00778 -0.00469993 0 
1.00927 -0.00362522 0 
1.01421 -0.00439101 0 
1.0206 0.0162875 1.16998e-18 
1.01773 0.0155722 -1.49666e-18 
1.0209 0.0182934 -1.17895e-18 
1.01856 0.0165314 1.47716e-18 
0.783884 1.32341 0 
0.720877 1.37301 2.46162e-19 
0.894769 1.22316 9.67087e-20 
0.940307 1.16785 -1.28656e-19 
1.15516 2.60098 2.74831e-19 
0.77327 0.121345 5.99068e-19 
1.16313 0.108279 0 
1.21146 0.193569 -4.69595e-19 
1.1983 0.154813 -1.99542e-20 
1.00622 0.155693 0 
0.130195 2.95897 5.33284e-19 
0.106857 2.86503 -1.1607e-18 
0.0161129 2.37428 7.77177e-19 
0.0930108 -0.127829 -3.35815e-19 
0.336275 3.41499 -2.15192e-19 
0.191253 3.30938 0 
0.234828 3.35009 2.80256e-19 
0.240383 3.03148 -1.77992e-18 
0.334011 3.1898 0 
0.00571941 3.12115 4.60878e-20 
0.0156059 3.12985 -5.44095e-19 
0.014019 3.12591 8.00791e-19 
0.034754 3.14011 0 
0.0332567 3.15024 0 
1.21122 2.59886 0 
0.543204 0.810622 -5.28079e-19 
1.06344 0.991536 -6.44056e-21 
0.997599 1.07703 0 
0.851018 0.973516 -1.1033e-19 
1.0879 0.892731 2.81246e-20 
0.324086 0.347224 -8.67555e-19 
0.664976 0.31992 -1.77355e-20 
0.585009 0.221554 4.11004e-19 
0.552286 0.341822 3.03378e-20 
0.446383 0.288168 -1.21921e-18 
0.62772 0.323062 0 
0.704887 0.419911 7.00831e-19 
0.710558 0.422418 0 
0.589606 0.339783 0 
0.529184 0.249265 0 
0.819408 0.620812 4.13656e-19 
1.23664 0.288397 -4.91736e-19 
1.23615 0.426696 0 
1.2448 0.367304 0 
0.69993 0.19507 6.19821e-19 
0.868049 0.54963 -3.80003e-19 
0.765445 0.519474 6.75008e-19 
0.960348 0.441698 -7.4113e-19 
1.0193 0.0149144 8.02535e-19 
1.01762 0.0143289 -8.07724e-19 
1.0159 0.015411 0 
1.03642 -0.00564547 0 
1.02986 -0.00840504 -7.56516e-19 
1.0279 -0.0119827 7.48994e-19 
1.02488 0.0104014 0 
1.02341 0.0141236 0 
1.01142 0.00413968 0 
1.01421 0.00912906 0 
1.01515 0.00413904 0 
1.01426 0.00287239 0 
0.0629531 1.34499 0 
0.0676547 1.29579 0 
0.145002 1.38313 1.29987e-20 
0.282221 1.47611 9.14494e-20 
0.17508 1.44734 1.93101e-19 
0.208352 1.45225 -3.1424e-19 
0.170487 1.40799 0 
0.136349 1.60043 -7.02525e-20 
0.118764 1.57761 0 
0.348118 2.00709 -1.03302e-19 
0.343332 2.34201 6.14523e-19 
0.193756 1.4623 6.12312e-20 
0.267463 1.3953 2.43231e-20 
0.202676 1.38595 -1.96998e-20 
0.278914 1.3388 -1.00943e-19 
0.244341 1.58148 0 
0.267819 1.61887 1.10681e-19 
0.0306949 2.2636 -2.87581e-20 
0.0431846 2.66809 0 
0.0662632 2.40012 1.33626e-19 
0.0627348 2.42098 0 
0.0692189 2.66974 -2.19263e-19 
0.0486642 2.69806 0 
0.0264629 1.42659 2.98132e-20 
0.0337981 1.47868 0 
0.0286242 1.39477 0 
0.0236608 1.39856 -3.36396e-20 
-0.00032213 2.65192 -1.7265e-20 
0.0290715 2.69729 1.68026e-19 
0.00963562 2.72198 1.1877e-21 
0.00252876 1.8338 -7.22131e-22 
-0.00327572 1.68623 -2.31275e-21 
0.0140682 1.29915 0 
0.0208069 1.22148 0 
0.0462435 1.58717 -2.64972e-20 
0.0292492 1.46045 -3.21793e-20 
0.035987 1.52533 4.0423e-20 
0.0393227 1.61139 0 
-0.0293689 2.27044 9.24932e-20 
-0.0304768 2.54968 -3.88093e-20 
-0.0163271 2.44713 3.4439e-21 
-0.00372903 1.8503 8.74999e-22 
-0.0256497 2.4993 1.1028e-21 
-0.0209218 2.44272 3.77343e-21 
1.01873 0.0211873 -8.02083e-19 
1.01436 0.0273845 8.02545e-19 
1.01357 0.0170611 0 
1.01142 0.0715925 1.12455e-18 
0.991164 0.0587752 -1.26437e-18 
0.949403 0.0529565 1.41228e-18 
1.01416 0.112402 -1.50189e-19 
1.04282 -0.00564939 0 
1.05118 -0.00130326 7.21503e-19 
1.0391 -0.00981079 -7.23017e-19 
1.07155 0.0426434 -4.29054e-20 
1.06475 0.0239324 3.6998e-19 
1.06335 0.0565854 0 
1.05367 0.0501844 -1.33064e-19 
1.03261 0.0432274 0 
1.02539 0.0396556 0 
1.02782 0.0134824 0 
1.02387 0.0161322 0 
1.04005 0.0326072 2.74135e-19 
1.03918 0.0276835 -6.06154e-19 
1.05109 0.0343892 -2.90461e-19 
1.04823 0.0343928 -3.20009e-19 
1.07142 0.0649903 6.23956e-19 
1.09677 0.0525933 0 
1.10551 0.0966447 0 
-0.0250576 2.27555 5.15851e-20 
-0.0236672 2.01749 5.38515e-22 
-0.0200577 2.02458 0 
-0.0267073 2.44478 -5.13561e-20 
-0.0210928 2.40039 -1.31014e-21 
-0.0325563 2.47224 4.95727e-21 
-0.02113 2.62198 -9.74899e-21 
-0.0230769 2.56348 -9.97964e-23 
-0.0214838 2.51505 -2.3613e-21 
-0.0161311 2.61575 9.2614e-21 
-0.0212766 2.61779 -9.70738e-21 
-0.0052909 1.49073 -4.93272e-22 
0.00398632 1.6187 -3.12139e-20 
0.37239 1.44446 -1.17347e-19 
0.371878 1.38183 3.42436e-20 
0.661535 1.42326 -2.38078e-19 
0.529339 1.48907 -1.42848e-19 
0.587804 1.45538 0 
0.593618 2.42325 2.06833e-19 
0.661819 2.4182 3.37421e-19 
0.411544 2.51333 8.75951e-20 
0.40304 2.53782 -6.0907e-19 
0.510884 2.47926 6.1267e-19 
0.553448 2.46016 0 
0.488525 2.5178 -5.59217e-19 
0.2488 2.59076 1.14383e-18 
0.35505 2.56263 -7.78406e-20 
0.284346 2.65243 -1.58631e-18 
0.947921 2.37579 7.2596e-19 
0.838256 2.38103 0 
1.01106 0.000510046 2.62193e-20 
1.01533 -0.00539636 -2.12715e-20 
1.01766 -0.00351168 -3.88514e-19 
1.01502 -0.000869139 3.90551e-19 
1.01244 0.00122118 0 
0.647192 1.2882 0 
0.66907 1.18347 0 
0.782253 1.10258 0 
0.661852 1.14661 0 
1.18515 2.61458 5.97698e-20 
1.0733 2.36173 0 
0.83504 2.16803 3.81198e-21 
0.824379 2.43313 0 
0.922173 2.52645 -4.20792e-19 
0.957427 2.48257 2.79927e-19 
0.801174 0.180099 0 
0.748979 0.154272 1.62519e-19 
0.911634 0.150616 9.45959e-19 
0.82668 0.154068 -3.55316e-19 
0.783875 0.0896429 -1.09176e-18 
1.08155 0.239416 -8.92605e-19 
0.998929 0.301018 -1.6953e-20 
0.929383 0.304263 8.61268e-19 
1.00777 0.231834 7.20945e-19 
0.949854 0.196662 -1.25227e-18 
0.913121 0.200924 1.56577e-19 
0.952363 0.266066 -3.32306e-19 
0.92837 0.227553 0 
0.995147 0.1929 6.17536e-19 
1.04702 0.192755 0 
1.04457 0.220784 0 
1.10705 0.120432 2.89751e-19 
1.071 0.179759 -1.49001e-20 
1.07528 0.239597 -1.57703e-19 
1.10164 0.205848 0 
1.0233 0.0471283 6.17687e-19 
1.0395 0.0600784 7.70926e-19 
1.03425 0.0459392 -6.12488e-19 
1.04324 0.0672743 -5.1662e-19 
1.02106 0.0755221 -7.91737e-19 
0.986834 0.160508 0 
0.99402 0.106115 0 
0.964556 0.0707504 -5.01836e-19 
0.907228 0.0972546 1.98959e-19 
1.03963 0.107134 7.1497e-19 
1.06937 0.123932 -8.35733e-19 
1.07553 0.15629 7.46254e-19 
1.03048 0.148224 0 
1.07514 0.111551 0 
1.05494 0.0926051 -3.42418e-19 
1.04352 0.0966452 -5.8426e-19 
0.5791 1.0585 1.38752e-19 
0.605822 1.38593 -4.02731e-20 
1.155 2.73051 -2.25443e-19 
1.22075 3.07269 1.40113e-21 
1.24688 2.71347 -1.20432e-19 
1.27556 2.6969 -3.37449e-20 
1.20318 2.33726 -1.09543e-20 
1.20838 2.97656 -9.1505e-20 
1.22843 2.94197 2.31516e-19 
1.21105 3.22567 -1.43955e-19 
1.37092 2.95676 1.98946e-19 
1.35996 2.87489 0 
0.558643 0.819061 -5.00844e-20 
0.115312 1.23162 5.69387e-19 
0.550626 0.376729 5.65391e-19 
0.388958 0.123712 6.1674e-19 
0.486937 0.328289 6.89994e-19 
0.542189 0.442217 -1.11177e-18 
0.544475 0.43927 9.09434e-19 
0.471154 0.334698 -3.45473e-19 
0.358542 0.264306 7.84318e-19 
0.719031 0.266359 -3.57611e-19 
0.680343 0.289641 0 
0.632686 0.207712 7.25234e-21 
0.7392 0.505652 3.69001e-19 
0.714354 0.476593 -1.343e-18 
0.618399 0.450137 1.22251e-20 
0.61966 0.43979 0 
0.687789 0.720082 3.97285e-19 
0.84848 0.77749 3.96723e-19 
0.772918 0.860683 -4.64194e-19 
0.895728 0.815606 -1.55663e-19 
0.927561 0.860288 -3.76918e-20 
0.934644 0.860422 3.85973e-20 
0.861504 0.656256 -6.85121e-19 
0.942044 0.710279 1.44574e-19 
1.00229 0.726364 0 
0.993094 0.702912 -1.95655e-19 
1.02828 0.340796 2.13241e-19 
1.14799 0.304318 2.89129e-19 
1.06917 0.276551 3.64918e-19 
1.01706 0.373092 -4.32169e-19 
1.06536 0.435663 0 
1.12115 0.419318 0 
0.923371 0.375761 2.46434e-21 
0.841405 0.311339 0 
0.884876 0.307956 4.06489e-19 
0.911227 0.312228 -7.26107e-21 
0.953974 0.44468 2.06467e-18 
0.9137 0.500067 5.32334e-19 
0.919443 0.467084 -5.67019e-19 
0.837459 0.452239 6.07887e-19 
0.820342 0.444627 3.6466e-19 
0.789809 0.426858 -3.58689e-19 
1.02736 -0.000261308 6.47148e-19 
1.01999 4.2869e-05 0 
1.01852 0.000970199 4.21971e-19 
1.02172 -0.00157465 -9.55882e-19 
1.02235 0.00445899 4.64368e-19 
1.02033 0.0114654 -9.72419e-19 
1.02124 0.0108333 0 
1.02049 0.0110519 -2.02673e-19 
1.01595 0.0078167 5.08453e-19 
1.01662 0.0105948 -2.53707e-19 
1.01732 0.00994398 1.86843e-19 
0.0277067 1.32008 0 
0.0340171 1.36778 0 
0.0429577 1.32154 0 
0.0470509 1.27387 0 
0.0705138 1.39233 -5.17322e-20 
0.077369 1.36089 2.25823e-20 
0.116466 1.53644 -1.18068e-20 
0.0991277 1.38272 -8.05881e-21 
0.0343331 1.46585 1.44868e-20 
0.0382612 1.45936 -1.10274e-20 
0.0620634 1.37711 -8.80484e-21 
0.0538709 1.3781 4.45082e-20 
0.0473383 1.35305 6.49421e-21 
0.0383136 1.37609 3.23698e-21 
0.107738 2.36949 -1.47474e-19 
0.0966476 2.41703 0 
0.171767 2.04446 1.06873e-19 
0.113376 1.71028 3.78622e-20 
0.234448 2.03861 -8.91168e-20 
0.201955 2.42966 0 
0.263716 2.37952 -6.03398e-19 
0.303977 2.37713 4.26576e-19 
0.231238 1.99977 -2.46822e-19 
0.156142 2.15874 1.6869e-19 
0.142499 2.26619 0 
0.0177169 1.87918 5.58843e-21 
-0.000756184 2.3941 -3.59816e-20 
0.0053511 2.15037 0 
0.0108832 2.45677 -1.3571e-20 
0.0277131 2.30065 8.86985e-21 
0.0159628 1.40747 -6.28086e-21 
0.0144347 1.39214 1.06708e-19 
0.0136592 1.39758 -3.52122e-20 
0.0207673 1.39936 -2.97577e-20 
0.0252152 1.4304 0 
0.00971392 1.37914 0 
0.00109764 1.29335 -4.1796e-20 
0.00671148 1.37076 1.17136e-20 
0.00936895 1.37093 0 
0.00866356 1.28688 -3.12874e-20 
0.0170641 1.21241 6.3705e-20 
1.04074 0.0119584 0 
1.04689 0.00820465 -6.76949e-20 
1.03862 0.0220235 -4.88628e-19 
1.04832 0.0208924 0 
1.05236 0.0207886 0 
1.0363 0.0121563 -6.81193e-21 
1.03096 0.0119756 7.85348e-19 
1.03169 0.016917 9.52117e-19 
1.02547 0.0208022 0 
1.02226 0.0211635 0 
1.03509 0.0258206 4.87413e-19 
1.02552 0.0273018 0 
1.02358 0.0274354 0 
-0.0186338 2.02225 0 
0.000994339 1.64915 -4.35189e-21 
-0.00490197 1.75783 -2.97239e-20 
0.000429504 1.38129 0 
-0.00708122 1.54922 -1.63752e-20 
-0.00811185 1.45879 1.06048e-20 
-0.00289198 1.39458 0 
0.390451 1.64903 0 
0.374945 1.30939 -6.81968e-20 
0.302945 1.3441 0 
0.428115 1.30724 3.25997e-21 
0.477119 1.4669 0 
0.457792 1.41296 2.64529e-20 
1.03663 2.6769 -1.53455e-20 
0.968481 2.40462 -9.12453e-19 
0.921453 2.1925 1.02419e-18 
0.852233 2.37291 2.41859e-19 
0.848014 2.48686 0 
0.917866 2.48297 0 
0.931258 2.36938 0 
0.910185 2.35847 -9.43365e-19 
0.687746 2.45134 -3.93567e-19 
0.800647 2.4409 -9.74784e-20 
0.811006 2.41495 7.40908e-20 
0.695812 2.39131 0 
0.800889 2.38646 0 
0.759132 2.39991 -3.68392e-19 
0.768122 2.47686 0 
0.627277 1.0936 0 
0.480639 0.904339 -5.07491e-19 
0.563563 0.946309 -3.21562e-20 
0.519456 1.03713 0 
0.519699 0.981578 7.60488e-19 
0.793576 0.883614 -1.3031e-19 
0.805421 1.02027 0 
0.780289 0.986821 1.86348e-19 
0.66255 1.03335 0 
0.664314 0.936105 0 
1.16396 2.75335 -2.28765e-19 
1.14143 2.8167 -9.62586e-20 
0.929671 2.33192 9.89178e-20 
0.897538 2.31122 -8.29009e-20 
1.12948 2.72636 0 
1.08327 2.69588 9.97406e-20 
1.08946 2.47978 -3.13291e-19 
0.984001 2.23241 -3.04434e-20 
0.493619 1.33412 0 
0.508746 1.0629 -1.22307e-19 
0.575729 1.16758 0 
0.854901 0.246258 0 
0.766557 0.195651 0 
0.686993 0.1555 0 
0.846074 0.247921 -6.39817e-19 
0.73983 0.238659 3.73023e-19 
0.92352 0.0868105 -4.10772e-19 
0.931908 0.130925 0 
0.917471 0.139709 1.77038e-19 
0.853101 0.118102 7.08568e-19 
0.817287 0.0784266 -4.44489e-19 
1.15671 3.35069 -7.20555e-19 
1.20544 3.27017 0 
1.15449 3.3795 -1.49104e-18 
0.642658 3.54089 1.2655e-18 
0.864997 3.10948 7.40409e-20 
0.520241 0.809682 6.03129e-19 
0.425118 0.806291 0 
0.313917 0.409218 -1.49391e-19 
0.467929 0.656232 8.57027e-19 
0.553445 0.37954 -1.98518e-19 
0.512747 0.472842 2.32423e-19 
0.670864 0.515116 4.97903e-19 
0.708164 0.549776 0 
0.658865 0.582733 0 
0.621622 0.531422 0 
1.00375 0.612605 9.00114e-20 
0.918605 0.55004 -5.18223e-19 
0.943848 0.582276 3.90864e-19 
0.975845 0.521472 -4.00649e-19 
1.08306 0.492638 0 
1.09148 0.5825 -9.79653e-20 
0.858193 0.405328 -8.34417e-19 
0.858035 0.394589 -1.03426e-18 
0.795495 0.389503 6.50377e-19 
0.803067 0.365961 -6.61571e-19 
0.846365 0.329638 -5.21621e-19 
0.795138 0.330336 6.38555e-19 
1.02667 0.0060149 -4.93477e-19 
1.02637 0.0062375 1.00351e-18 
1.02942 0.000177702 6.27137e-19 
1.03363 0.00108578 -7.55283e-19 
1.03376 0.00919128 0 
1.03004 0.00988724 -1.22975e-18 
0.0634294 1.64455 1.9599e-20 
0.0472596 1.58643 0 
0.0879908 1.69518 1.16534e-19 
0.0983342 1.67727 -1.02073e-19 
0.0905792 1.54462 2.21283e-20 
0.0897645 1.53766 0 
0.0106453 1.68229 0 
-0.00349778 1.48809 6.08832e-21 
-0.00229373 1.43418 -5.476e-21 
-0.00751199 1.54595 5.36796e-21 
0.00125289 1.88273 9.08731e-21 
-0.0105711 1.93574 -8.92691e-22 
0.497817 1.36037 -2.73773e-19 
0.491247 1.36179 3.00722e-19 
0.454758 1.30208 -2.94253e-20 
0.437777 1.28748 7.69215e-21 
0.639223 1.30665 0 
0.555619 1.39607 1.06226e-19 
0.570774 1.40316 -1.03409e-19 
0.468464 1.29002 2.86407e-20 
0.521897 1.24103 0 
0.573623 1.20332 0 
0.654815 2.411 5.78151e-19 
0.67013 2.45224 1.25905e-18 
0.714596 2.46297 -8.67436e-19 
0.610883 2.43721 -2.01748e-19 
0.560777 2.5274 2.832e-19 
0.509866 2.50205 -7.55391e-19 
0.978338 2.37592 -5.73091e-19 
1.01279 2.38817 0 
0.925884 2.1704 -6.59425e-19 
1.05415 2.67494 0 
1.05643 2.66156 0 
0.601352 2.26054 -1.21746e-19 
1.03781 3.15532 1.32861e-19 
0.908926 3.02574 -3.69173e-20 
0.267728 0.860679 0 
0.296692 0.707428 -3.16597e-19 
0.46498 0.666153 -3.17679e-19 
0.380982 2.00538 0 
0.462832 2.78003 -5.15396e-20 
0.417129 2.54283 0 
0.709405 0.670133 -8.39975e-19 
0.792054 0.682339 1.12979e-18 
0.813953 0.62518 -1.11647e-18 
0.688671 0.633679 -1.07991e-19 
0.743403 0.589868 -4.4362e-19 
1.00117 2.75528 -1.01041e-19 
1.04139 2.81555 -1.61936e-19 
0.633518 2.1271 6.85965e-19 
0.586507 1.69464 -4.88945e-19 
0.694882 1.89223 -4.03601e-19 
0.987324 2.43888 -1.1299e-19 
0.994015 2.43199 2.93739e-19 
0.651891 1.82725 2.80254e-20 
0.442823 1.31461 1.43282e-19 
))
(300 (2 10 3 0 0 919 1018)(
0 0 0 
0 0 0 
0 0 0 
0 0 0 
0 0 0 
0 0 0 
0 0 0 
0 0 0 
0 0 0 
0 0 0 
0 0 0 
0 0 0 
0 0 0 
0 0 0 
0 0 0 
0 0 0 
0 0 0 
0 0 0 
0 0 0 
0 0 0 
0 0 0 
0 0 0 
0 0 0 
0 0 0 
0 0 0 
0 0 0 
0 0 0 
0 0 0 
0 0 0 
0 0 0 
0 0 0 
0 0 0 
0 0 0 
0 0 0 
0 0 0 
0 0 0 
0 0 0 
0 0 0 
0 0 0 
0 0 0 
0 0 0 
0 0 0 
0 0 0 
0 0 0 
0 0 0 
0 0 0 
0 0 0 
0 0 0 
0 0 0 
0 0 0 
0 0 0 
0 0 0 
0 0 0 
0 0 0 
0 0 0 
0 0 0 
0 0 0 
0 0 0 
0 0 0 
0 0 0 
0 0 0 
0 0 0 
0 0 0 
0 0 0 
0 0 0 
0 0 0 
0 0 0 
0 0 0 
0 0 0 
0 0 0 
0 0 0 
0 0 0 
0 0 0 
0 0 0 
0 0 0 
0 0 0 
0 0 0 
0 0 0 
0 0 0 
0 0 0 
0 0 0 
0 0 0 
0 0 0 
0 0 0 
0 0 0 
0 0 0 
0 0 0 
0 0 0 
0 0 0 
0 0 0 
0 0 0 
0 0 0 
0 0 0 
0 0 0 
0 0 0 
0 0 0 
0 0 0 
0 0 0 
0 0 0 
0 0 0 
))
(300 (2 11 3 0 0 1019 1026)(
1 0 0 
1 0 0 
1 0 0 
1 0 0 
1 0 0 
1 0 0 
1 0 0 
1 0 0 
))
(300 (2 12 3 0 0 1027 1030)(
0 3 0 
0 3 0 
0 3 0 
0 3 0 
))
(300 (2 13 3 0 0 1031 1038)(
0.00933795 0.888215 0 
-0.0108545 2.06154 3.82819e-20 
-0.0145028 1.18131 0 
-0.0124934 2.59619 0 
-0.0246126 1.98501 0 
-0.000856716 1.37436 0 
-0.0167623 1.52877 0 
-0.0183337 2.39149 0 
))
(300 (2 14 3 0 0 1039 1072)(
0 0 0 
0 0 0 
0 0 0 
0 0 0 
0 0 0 
0 0 0 
0 0 0 
0 0 0 
0 0 0 
0 0 0 
0 0 0 
0 0 0 
0 0 0 
0 0 0 
0 0 0 
0 0 0 
0 0 0 
0 0 0 
0 0 0 
0 0 0 
0 0 0 
0 0 0 
0 0 0 
0 0 0 
0 0 0 
0 0 0 
0 0 0 
0 0 0 
0 0 0 
0 0 0 
0 0 0 
0 0 0 
0 0 0 
0 0 0 
))
(300 (2 15 3 0 0 1073 1072)(
))
