(0 "FOAM to Fluent data File")

(33 (918 3444 1074))
(300 (1 1 1 0 0 1 918)(
0.561197
1.2007
0.00158035
0.560588
-0.0112943
1.1677
-0.497673
0.698424
0.541367
-0.0958451
-0.0284709
0.538727
1.02852
0.794296
-1.11892
-0.00124259
0.658797
-0.376942
0.540436
-0.0415781
0.727704
0.547932
0.55096
0.541543
0.608231
0.769877
0.909727
0.0201485
0.00706258
0.00356311
-0.0104016
-0.0364437
-0.0296451
1.05133
1.10243
1.12513
0.509396
0.338046
-0.364804
-0.433571
-0.426093
-0.541631
0.693321
0.692074
-0.191652
0.701199
0.705806
0.528476
0.540734
0.541641
0.542692
0.541658
0.543047
0.414439
-0.0989488
-0.131644
-0.0754562
-0.0669055
0.0686483
-0.0306094
-0.0325804
-0.0265156
-0.0265229
0.459215
0.533783
0.530822
0.543984
0.553284
1.14025
1.11217
1.1383
1.05204
1.06849
1.0065
0.979094
0.814888
0.837024
0.779988
0.765715
-1.554
-2.51099
-0.525995
-0.273808
-0.010344
0.00255565
0.00929752
0.653855
0.654002
0.660015
0.666197
1.08766
-0.375989
-0.474507
0.540571
0.539373
0.547729
0.548425
0.544442
0.543533
-0.0332305
-0.0306434
-0.0397089
-0.0402696
-0.0379818
0.716746
0.715426
0.542078
0.53909
0.560067
0.581128
0.573213
0.285731
0.611637
0.625483
0.599596
0.760628
0.755677
0.76411
0.883395
0.847305
0.946582
0.969809
0.0163725
0.000669111
-0.00907499
-0.0164676
-0.0147953
0.505273
0.497897
0.524739
0.512786
0.515262
0.253959
0.119401
0.423718
0.449016
-0.281339
-0.343375
-0.4231
-0.451382
-0.562377
0.614117
0.685009
0.68233
-0.205917
-0.132719
-0.263605
-0.0593983
-0.120622
0.518808
0.525769
0.520794
0.536277
0.53076
0.532716
0.544988
0.542066
0.543622
0.476884
0.600637
0.340877
0.306312
-0.237905
-0.149099
-0.238992
-0.0549671
-0.0506155
0.0823132
0.107554
0.0557149
0.0440223
-0.0435238
-0.0356264
-0.0393587
-0.0253145
-0.0266174
0.452101
0.441093
0.47179
0.479251
0.523153
0.524428
0.528085
0.526383
0.929855
0.952322
0.959803
0.933454
-3.50673
-6.29996
0.0530036
0.190389
-0.00571842
-0.00903124
0.0018515
-0.00384866
0.00126131
-0.00118368
0.00760456
0.00541826
0.00872377
0.0111701
0.646442
0.646713
1.00741
1.01068
0.986166
0.937796
0.528722
0.530814
0.536341
0.53221
-0.025456
-0.0277592
-0.0252406
0.707771
0.712982
0.711278
0.247935
0.159646
0.336027
0.364632
0.639366
0.628219
0.638035
0.661243
0.697635
0.97727
0.995474
0.993682
1.00196
1.04592
1.06226
1.02773
0.484983
0.494826
0.48985
0.527901
0.525639
0.526562
0.52221
0.523618
0.521489
-0.0319758
-0.414226
0.498386
0.516537
0.498637
0.503454
0.693483
0.770686
0.667491
0.676218
0.673692
0.00876514
-0.0492274
0.26239
0.229062
0.392506
0.428421
0.407641
0.901213
0.861234
0.911436
0.884748
0.845889
0.872277
-0.36596
-1.87258
-0.987933
0.542249
0.35561
0.443576
0.0258878
0.00858422
0.0139186
1.00402
1.07957
0.656535
0.828331
0.833299
0.732154
0.761287
0.821521
0.747134
0.782074
0.815864
0.793691
0.571003
0.511523
0.524869
0.83987
0.895774
0.130987
0.0719852
0.0277771
0.126118
0.182375
0.157014
1.04101
0.950668
1.02179
0.538843
0.539553
-0.000219739
-0.0104877
0.54375
0.543799
-0.0081336
0.00343935
0.425978
-0.827961
0.113564
0.532286
0.52234
0.539382
-0.0793753
0.367247
-0.0304691
0.0634535
0.00774766
0.536142
0.470125
0.42987
0.00637887
-0.0104899
-0.0358034
-0.207959
0.536515
0.534821
0.53885
0.53981
0.54048
-0.0115119
-0.00752466
-0.00579552
-0.0342796
-0.0299556
-0.0404438
0.503591
0.52198
-0.162103
0.53899
0.541116
0.540938
0.534164
0.539808
0.53805
-0.00210191
-0.00935171
-0.0110063
0.229992
0.358283
0.667736
0.756757
0.639093
0.413255
0.176406
0.569732
0.633463
0.538536
0.692901
0.681147
0.696311
0.178858
0.0290161
0.187703
0.129447
0.530144
0.528833
0.520598
0.517613
0.534245
0.532349
0.536915
0.533912
0.536863
0.538255
-0.0371657
-0.0607053
-0.0747241
-0.141076
0.322408
0.584017
0.264237
0.294888
0.15571
-0.0233469
-0.0244197
-0.029819
-0.0360323
0.0178877
-0.00708682
0.0586849
0.0593242
0.0315772
0.00461437
0.00982192
-0.00167332
0.00196487
0.529235
0.527629
0.534044
0.543217
0.479637
0.483388
0.448761
0.469207
0.454636
0.394289
0.429151
0.404464
0.00117211
0.0109868
0.00284836
-0.00623228
-0.00222561
-0.0206314
-0.0188009
-0.0153281
-0.0119012
-0.0184821
-0.0296756
-0.0280093
-0.167068
-0.282261
0.993714
0.920963
0.136094
0.525688
0.532122
0.528899
0.533764
0.536889
0.537713
0.535441
0.531996
0.522394
0.523997
0.520706
0.521465
-0.0944062
-0.234255
-0.0633308
-0.135196
0.148415
0.630658
0.370183
0.30718
0.302075
0.52891
0.932086
0.719903
0.697189
0.712493
-0.335783
0.0575153
-0.270247
0.347974
0.171803
0.667938
0.715852
0.735741
0.684953
0.6383
-0.101142
0.561017
-0.0597709
-0.0100013
0.189869
0.070621
0.695579
0.665477
0.669082
0.686122
0.703279
0.671579
0.655088
0.649667
0.682364
0.685973
0.499064
0.261265
0.213709
0.17489
0.649757
0.535383
0.589416
0.504569
0.52525
0.527918
0.526534
0.508372
0.515885
0.511465
0.517777
0.521175
0.529959
0.530382
0.525712
0.527866
-0.0414223
-0.0445135
-0.0192155
-0.128956
-0.119653
-0.181099
-0.0550923
0.0828476
0.0450148
0.241909
0.347591
0.0595517
-0.052338
-0.0245067
0.0140639
0.185985
0.211881
0.0866449
0.175428
0.163636
0.147097
0.248635
0.253526
-0.0105809
-0.0147487
-0.0175668
-0.019381
0.0345021
0.104512
0.114354
0.0123933
0.00671794
-0.0226044
-0.0216832
-0.00828965
-0.0124956
-0.00890891
0.025267
-0.0395194
-0.00722571
0.00846433
0.0148891
0.0116318
0.00667619
0.521599
0.523879
0.523528
0.530977
0.549247
0.565449
0.521939
0.501596
0.492491
0.495482
0.468754
0.47894
0.474622
0.488229
0.50925
0.518518
0.51593
0.518672
0.501392
0.503064
0.489675
0.493356
0.468546
0.449752
0.438009
-0.0304476
0.00720961
0.000579619
-0.0283701
0.000725126
-0.0118635
0.00444698
0.023131
0.00744613
0.00401664
-0.0057306
-0.0134303
-0.0122019
-0.0689686
0.0159647
-0.177373
-0.215005
-0.284871
0.895254
1.01882
0.817718
0.591156
0.608409
0.851062
0.93673
0.55364
0.742779
0.766841
0.589162
0.85464
0.530506
0.530115
0.527717
0.527193
0.528414
-0.00224107
0.101131
0.103363
0.163556
0.280289
0.393148
0.319228
0.194108
0.325542
0.328802
0.623054
0.635889
0.591436
0.615154
0.615634
0.433144
0.508884
0.561339
0.518289
0.569884
0.590764
0.546809
0.579
0.529216
0.48392
0.480164
0.430486
0.450385
0.427081
0.409581
0.520592
0.497881
0.508426
0.498757
0.518259
0.542479
0.53927
0.571735
0.582654
0.502378
0.458623
0.467952
0.498326
0.459017
0.473942
0.490141
0.234433
0.135293
0.21838
-0.0699351
0.00548226
-0.00874512
-0.0563275
-0.00765561
0.277543
-0.416724
-0.392566
-1.0226
0.504465
0.963921
0.644357
0.617621
0.700169
0.681951
0.686969
0.704468
0.708644
0.640262
0.656669
0.658802
0.621297
0.644855
0.665206
0.662354
0.530882
0.39563
0.391772
0.343174
0.213612
0.251609
0.451822
0.374206
0.299145
0.300278
0.466621
0.353848
0.422969
0.458987
0.390148
0.343943
0.547953
0.613053
0.604689
0.578882
0.495304
0.509068
0.533203
0.568517
0.594516
0.625773
0.517337
0.523193
0.524439
0.521934
0.519187
0.522183
0.522374
0.524909
0.525625
0.528589
0.527614
-0.0309447
-0.0190262
-0.0322605
-0.0402409
-0.00887003
-0.012872
0.0307268
0.0171981
0.0017852
0.00789894
-0.018455
-0.0226505
-0.0177923
-0.00859342
0.108859
0.121464
0.105269
0.0657715
0.25521
0.385843
0.45864
0.334842
0.227791
0.251493
0.272696
0.00118922
0.0289536
0.0161783
0.0544889
0.045654
-0.0170908
-0.0210014
-0.0191869
-0.0117248
-0.00279067
-0.0203457
-0.0228543
-0.0142241
-0.0185978
-0.0182289
-0.0223665
0.503816
0.497359
0.499022
0.492933
0.491661
0.505825
0.51004
0.511999
0.517406
0.51962
0.509861
0.515501
0.519229
0.00517365
-0.0194202
-0.0228071
-0.00987801
-0.0146712
-0.0139398
-0.0155466
0.125367
0.0538273
0.0583623
0.012414
-0.117183
-0.0596243
0.493118
0.493031
0.485961
0.722602
0.57233
0.492726
0.589995
0.69514
0.276685
0.475249
0.308877
0.891427
0.78621
0.932661
0.54527
0.246781
0.406483
0.45458
0.264424
0.337324
0.332662
0.220073
0.251907
0.287087
0.38843
0.268184
0.243995
0.00144678
0.190613
0.304768
0.286233
0.413038
0.475137
0.266387
0.18789
0.141876
0.610489
0.629107
0.644497
0.617476
0.638196
0.58105
0.569623
0.587958
0.597747
0.592695
-0.749948
-0.456502
-1.40232
-0.72047
-0.267592
0.535364
0.502164
0.772325
0.65415
0.705089
0.689701
0.647643
0.615267
0.63436
0.661418
0.35641
0.467707
0.442727
0.447786
0.349115
0.280516
0.581017
0.575438
0.610099
0.633618
0.60303
0.634097
0.515134
0.514813
0.514367
0.510658
0.508914
0.511218
0.0695169
0.0387346
0.0738524
0.0545547
0.0318465
0.0204068
0.00959774
-0.000367061
-0.00683724
-0.00801229
0.00619518
0.00999062
0.171077
0.110707
0.0311725
0.0609173
0.00108211
-0.0672996
-0.0849849
0.0166354
0.111478
0.102144
0.407395
0.658693
0.478639
0.645944
0.487328
0.543138
0.475259
0.467192
0.493714
0.383291
0.462907
0.242683
-0.264513
-0.172991
0.79133
0.805833
0.588084
0.407871
0.176305
0.359154
0.552012
0.484796
0.521893
0.591027
0.580198
0.0237004
0.0856427
0.360496
0.587845
0.240985
0.232085
0.226214
0.405848
0.326651
))
(300 (1 10 1 0 0 919 1018)(
0.561197
1.2007
0.00158035
0.560588
1.1677
-0.497673
0.698424
-0.0958451
-0.0284709
0.538727
1.02852
0.794296
-1.11892
0.658797
-0.376942
0.540436
-0.0415781
0.727704
0.541543
0.608231
0.769877
0.909727
0.0201485
1.05133
0.509396
-0.433571
-0.541631
0.692074
-0.191652
0.705806
0.528476
-0.131644
-0.0669055
-0.0325804
-0.0265229
0.459215
0.530822
0.553284
1.06849
0.979094
0.837024
0.765715
-2.51099
-0.273808
0.654002
0.666197
-0.474507
0.539373
0.543533
-0.0306434
-0.0379818
0.715426
0.53909
0.573213
0.285731
0.625483
0.599596
0.76411
0.847305
0.969809
0.497897
0.524739
0.515262
-0.343375
-0.562377
0.68233
-0.263605
-0.120622
0.520794
0.532716
-0.238992
-0.0506155
-0.0393587
-0.0266174
0.441093
0.479251
0.523153
0.526383
0.933454
0.190389
0.646713
0.528722
0.53221
-0.0252406
0.711278
0.159646
0.364632
0.638035
0.697635
1.00196
0.48985
0.526562
0.521489
0.673692
-0.0492274
0.407641
0.884748
0.443576
0.782074
0.0277771
))
(300 (1 11 1 0 0 919 926)(
0.561197
0.560588
0.541367
0.547932
0.541641
0.543047
0.547729
0.543622
))
(300 (1 12 1 0 0 919 922)(
1.2007
1.1677
1.12513
1.1383
))
(300 (1 13 1 0 0 919 926)(
0
0
0
0
0
0
0
0
))
(300 (1 14 1 0 0 919 952)(
-0.0112943
-0.00124259
-0.0296451
0.338046
0.414439
0.0686483
0.00929752
1.08766
-0.0147953
0.119401
0.449016
0.614117
0.600637
0.306312
0.107554
0.0440223
-6.29996
0.00760456
0.0111701
1.01068
0.937796
-0.414226
0.498386
0.503454
0.770686
0.229062
-0.987933
0.0139186
1.07957
0.833299
0.524869
0.895774
0.157014
1.02179
))
(300 (1 15 1 0 0 919 2754)(
0.561197
0.561197
1.2007
1.2007
0.00158035
0.00158035
0.560588
0.560588
-0.0112943
-0.0112943
1.1677
1.1677
-0.497673
-0.497673
0.698424
0.698424
0.541367
0.541367
-0.0958451
-0.0958451
-0.0284709
-0.0284709
0.538727
0.538727
1.02852
1.02852
0.794296
0.794296
-1.11892
-1.11892
-0.00124259
-0.00124259
0.658797
0.658797
-0.376942
-0.376942
0.540436
0.540436
-0.0415781
-0.0415781
0.727704
0.727704
0.547932
0.547932
0.55096
0.55096
0.541543
0.541543
0.608231
0.608231
0.769877
0.769877
0.909727
0.909727
0.0201485
0.0201485
0.00706258
0.00706258
0.00356311
0.00356311
-0.0104016
-0.0104016
-0.0364437
-0.0364437
-0.0296451
-0.0296451
1.05133
1.05133
1.10243
1.10243
1.12513
1.12513
0.509396
0.509396
0.338046
0.338046
-0.364804
-0.364804
-0.433571
-0.433571
-0.426093
-0.426093
-0.541631
-0.541631
0.693321
0.693321
0.692074
0.692074
-0.191652
-0.191652
0.701199
0.701199
0.705806
0.705806
0.528476
0.528476
0.540734
0.540734
0.541641
0.541641
0.542692
0.542692
0.541658
0.541658
0.543047
0.543047
0.414439
0.414439
-0.0989488
-0.0989488
-0.131644
-0.131644
-0.0754562
-0.0754562
-0.0669055
-0.0669055
0.0686483
0.0686483
-0.0306094
-0.0306094
-0.0325804
-0.0325804
-0.0265156
-0.0265156
-0.0265229
-0.0265229
0.459215
0.459215
0.533783
0.533783
0.530822
0.530822
0.543984
0.543984
0.553284
0.553284
1.14025
1.14025
1.11217
1.11217
1.1383
1.1383
1.05204
1.05204
1.06849
1.06849
1.0065
1.0065
0.979094
0.979094
0.814888
0.814888
0.837024
0.837024
0.779988
0.779988
0.765715
0.765715
-1.554
-1.554
-2.51099
-2.51099
-0.525995
-0.525995
-0.273808
-0.273808
-0.010344
-0.010344
0.00255565
0.00255565
0.00929752
0.00929752
0.653855
0.653855
0.654002
0.654002
0.660015
0.660015
0.666197
0.666197
1.08766
1.08766
-0.375989
-0.375989
-0.474507
-0.474507
0.540571
0.540571
0.539373
0.539373
0.547729
0.547729
0.548425
0.548425
0.544442
0.544442
0.543533
0.543533
-0.0332305
-0.0332305
-0.0306434
-0.0306434
-0.0397089
-0.0397089
-0.0402696
-0.0402696
-0.0379818
-0.0379818
0.716746
0.716746
0.715426
0.715426
0.542078
0.542078
0.53909
0.53909
0.560067
0.560067
0.581128
0.581128
0.573213
0.573213
0.285731
0.285731
0.611637
0.611637
0.625483
0.625483
0.599596
0.599596
0.760628
0.760628
0.755677
0.755677
0.76411
0.76411
0.883395
0.883395
0.847305
0.847305
0.946582
0.946582
0.969809
0.969809
0.0163725
0.0163725
0.000669111
0.000669111
-0.00907499
-0.00907499
-0.0164676
-0.0164676
-0.0147953
-0.0147953
0.505273
0.505273
0.497897
0.497897
0.524739
0.524739
0.512786
0.512786
0.515262
0.515262
0.253959
0.253959
0.119401
0.119401
0.423718
0.423718
0.449016
0.449016
-0.281339
-0.281339
-0.343375
-0.343375
-0.4231
-0.4231
-0.451382
-0.451382
-0.562377
-0.562377
0.614117
0.614117
0.685009
0.685009
0.68233
0.68233
-0.205917
-0.205917
-0.132719
-0.132719
-0.263605
-0.263605
-0.0593983
-0.0593983
-0.120622
-0.120622
0.518808
0.518808
0.525769
0.525769
0.520794
0.520794
0.536277
0.536277
0.53076
0.53076
0.532716
0.532716
0.544988
0.544988
0.542066
0.542066
0.543622
0.543622
0.476884
0.476884
0.600637
0.600637
0.340877
0.340877
0.306312
0.306312
-0.237905
-0.237905
-0.149099
-0.149099
-0.238992
-0.238992
-0.0549671
-0.0549671
-0.0506155
-0.0506155
0.0823132
0.0823132
0.107554
0.107554
0.0557149
0.0557149
0.0440223
0.0440223
-0.0435238
-0.0435238
-0.0356264
-0.0356264
-0.0393587
-0.0393587
-0.0253145
-0.0253145
-0.0266174
-0.0266174
0.452101
0.452101
0.441093
0.441093
0.47179
0.47179
0.479251
0.479251
0.523153
0.523153
0.524428
0.524428
0.528085
0.528085
0.526383
0.526383
0.929855
0.929855
0.952322
0.952322
0.959803
0.959803
0.933454
0.933454
-3.50673
-3.50673
-6.29996
-6.29996
0.0530036
0.0530036
0.190389
0.190389
-0.00571842
-0.00571842
-0.00903124
-0.00903124
0.0018515
0.0018515
-0.00384866
-0.00384866
0.00126131
0.00126131
-0.00118368
-0.00118368
0.00760456
0.00760456
0.00541826
0.00541826
0.00872377
0.00872377
0.0111701
0.0111701
0.646442
0.646442
0.646713
0.646713
1.00741
1.00741
1.01068
1.01068
0.986166
0.986166
0.937796
0.937796
0.528722
0.528722
0.530814
0.530814
0.536341
0.536341
0.53221
0.53221
-0.025456
-0.025456
-0.0277592
-0.0277592
-0.0252406
-0.0252406
0.707771
0.707771
0.712982
0.712982
0.711278
0.711278
0.247935
0.247935
0.159646
0.159646
0.336027
0.336027
0.364632
0.364632
0.639366
0.639366
0.628219
0.628219
0.638035
0.638035
0.661243
0.661243
0.697635
0.697635
0.97727
0.97727
0.995474
0.995474
0.993682
0.993682
1.00196
1.00196
1.04592
1.04592
1.06226
1.06226
1.02773
1.02773
0.484983
0.484983
0.494826
0.494826
0.48985
0.48985
0.527901
0.527901
0.525639
0.525639
0.526562
0.526562
0.52221
0.52221
0.523618
0.523618
0.521489
0.521489
-0.0319758
-0.0319758
-0.414226
-0.414226
0.498386
0.498386
0.516537
0.516537
0.498637
0.498637
0.503454
0.503454
0.693483
0.693483
0.770686
0.770686
0.667491
0.667491
0.676218
0.676218
0.673692
0.673692
0.00876514
0.00876514
-0.0492274
-0.0492274
0.26239
0.26239
0.229062
0.229062
0.392506
0.392506
0.428421
0.428421
0.407641
0.407641
0.901213
0.901213
0.861234
0.861234
0.911436
0.911436
0.884748
0.884748
0.845889
0.845889
0.872277
0.872277
-0.36596
-0.36596
-1.87258
-1.87258
-0.987933
-0.987933
0.542249
0.542249
0.35561
0.35561
0.443576
0.443576
0.0258878
0.0258878
0.00858422
0.00858422
0.0139186
0.0139186
1.00402
1.00402
1.07957
1.07957
0.656535
0.656535
0.828331
0.828331
0.833299
0.833299
0.732154
0.732154
0.761287
0.761287
0.821521
0.821521
0.747134
0.747134
0.782074
0.782074
0.815864
0.815864
0.793691
0.793691
0.571003
0.571003
0.511523
0.511523
0.524869
0.524869
0.83987
0.83987
0.895774
0.895774
0.130987
0.130987
0.0719852
0.0719852
0.0277771
0.0277771
0.126118
0.126118
0.182375
0.182375
0.157014
0.157014
1.04101
1.04101
0.950668
0.950668
1.02179
1.02179
0.538843
0.538843
0.539553
0.539553
-0.000219739
-0.000219739
-0.0104877
-0.0104877
0.54375
0.54375
0.543799
0.543799
-0.0081336
-0.0081336
0.00343935
0.00343935
0.425978
0.425978
-0.827961
-0.827961
0.113564
0.113564
0.532286
0.532286
0.52234
0.52234
0.539382
0.539382
-0.0793753
-0.0793753
0.367247
0.367247
-0.0304691
-0.0304691
0.0634535
0.0634535
0.00774766
0.00774766
0.536142
0.536142
0.470125
0.470125
0.42987
0.42987
0.00637887
0.00637887
-0.0104899
-0.0104899
-0.0358034
-0.0358034
-0.207959
-0.207959
0.536515
0.536515
0.534821
0.534821
0.53885
0.53885
0.53981
0.53981
0.54048
0.54048
-0.0115119
-0.0115119
-0.00752466
-0.00752466
-0.00579552
-0.00579552
-0.0342796
-0.0342796
-0.0299556
-0.0299556
-0.0404438
-0.0404438
0.503591
0.503591
0.52198
0.52198
-0.162103
-0.162103
0.53899
0.53899
0.541116
0.541116
0.540938
0.540938
0.534164
0.534164
0.539808
0.539808
0.53805
0.53805
-0.00210191
-0.00210191
-0.00935171
-0.00935171
-0.0110063
-0.0110063
0.229992
0.229992
0.358283
0.358283
0.667736
0.667736
0.756757
0.756757
0.639093
0.639093
0.413255
0.413255
0.176406
0.176406
0.569732
0.569732
0.633463
0.633463
0.538536
0.538536
0.692901
0.692901
0.681147
0.681147
0.696311
0.696311
0.178858
0.178858
0.0290161
0.0290161
0.187703
0.187703
0.129447
0.129447
0.530144
0.530144
0.528833
0.528833
0.520598
0.520598
0.517613
0.517613
0.534245
0.534245
0.532349
0.532349
0.536915
0.536915
0.533912
0.533912
0.536863
0.536863
0.538255
0.538255
-0.0371657
-0.0371657
-0.0607053
-0.0607053
-0.0747241
-0.0747241
-0.141076
-0.141076
0.322408
0.322408
0.584017
0.584017
0.264237
0.264237
0.294888
0.294888
0.15571
0.15571
-0.0233469
-0.0233469
-0.0244197
-0.0244197
-0.029819
-0.029819
-0.0360323
-0.0360323
0.0178877
0.0178877
-0.00708682
-0.00708682
0.0586849
0.0586849
0.0593242
0.0593242
0.0315772
0.0315772
0.00461437
0.00461437
0.00982192
0.00982192
-0.00167332
-0.00167332
0.00196487
0.00196487
0.529235
0.529235
0.527629
0.527629
0.534044
0.534044
0.543217
0.543217
0.479637
0.479637
0.483388
0.483388
0.448761
0.448761
0.469207
0.469207
0.454636
0.454636
0.394289
0.394289
0.429151
0.429151
0.404464
0.404464
0.00117211
0.00117211
0.0109868
0.0109868
0.00284836
0.00284836
-0.00623228
-0.00623228
-0.00222561
-0.00222561
-0.0206314
-0.0206314
-0.0188009
-0.0188009
-0.0153281
-0.0153281
-0.0119012
-0.0119012
-0.0184821
-0.0184821
-0.0296756
-0.0296756
-0.0280093
-0.0280093
-0.167068
-0.167068
-0.282261
-0.282261
0.993714
0.993714
0.920963
0.920963
0.136094
0.136094
0.525688
0.525688
0.532122
0.532122
0.528899
0.528899
0.533764
0.533764
0.536889
0.536889
0.537713
0.537713
0.535441
0.535441
0.531996
0.531996
0.522394
0.522394
0.523997
0.523997
0.520706
0.520706
0.521465
0.521465
-0.0944062
-0.0944062
-0.234255
-0.234255
-0.0633308
-0.0633308
-0.135196
-0.135196
0.148415
0.148415
0.630658
0.630658
0.370183
0.370183
0.30718
0.30718
0.302075
0.302075
0.52891
0.52891
0.932086
0.932086
0.719903
0.719903
0.697189
0.697189
0.712493
0.712493
-0.335783
-0.335783
0.0575153
0.0575153
-0.270247
-0.270247
0.347974
0.347974
0.171803
0.171803
0.667938
0.667938
0.715852
0.715852
0.735741
0.735741
0.684953
0.684953
0.6383
0.6383
-0.101142
-0.101142
0.561017
0.561017
-0.0597709
-0.0597709
-0.0100013
-0.0100013
0.189869
0.189869
0.070621
0.070621
0.695579
0.695579
0.665477
0.665477
0.669082
0.669082
0.686122
0.686122
0.703279
0.703279
0.671579
0.671579
0.655088
0.655088
0.649667
0.649667
0.682364
0.682364
0.685973
0.685973
0.499064
0.499064
0.261265
0.261265
0.213709
0.213709
0.17489
0.17489
0.649757
0.649757
0.535383
0.535383
0.589416
0.589416
0.504569
0.504569
0.52525
0.52525
0.527918
0.527918
0.526534
0.526534
0.508372
0.508372
0.515885
0.515885
0.511465
0.511465
0.517777
0.517777
0.521175
0.521175
0.529959
0.529959
0.530382
0.530382
0.525712
0.525712
0.527866
0.527866
-0.0414223
-0.0414223
-0.0445135
-0.0445135
-0.0192155
-0.0192155
-0.128956
-0.128956
-0.119653
-0.119653
-0.181099
-0.181099
-0.0550923
-0.0550923
0.0828476
0.0828476
0.0450148
0.0450148
0.241909
0.241909
0.347591
0.347591
0.0595517
0.0595517
-0.052338
-0.052338
-0.0245067
-0.0245067
0.0140639
0.0140639
0.185985
0.185985
0.211881
0.211881
0.0866449
0.0866449
0.175428
0.175428
0.163636
0.163636
0.147097
0.147097
0.248635
0.248635
0.253526
0.253526
-0.0105809
-0.0105809
-0.0147487
-0.0147487
-0.0175668
-0.0175668
-0.019381
-0.019381
0.0345021
0.0345021
0.104512
0.104512
0.114354
0.114354
0.0123933
0.0123933
0.00671794
0.00671794
-0.0226044
-0.0226044
-0.0216832
-0.0216832
-0.00828965
-0.00828965
-0.0124956
-0.0124956
-0.00890891
-0.00890891
0.025267
0.025267
-0.0395194
-0.0395194
-0.00722571
-0.00722571
0.00846433
0.00846433
0.0148891
0.0148891
0.0116318
0.0116318
0.00667619
0.00667619
0.521599
0.521599
0.523879
0.523879
0.523528
0.523528
0.530977
0.530977
0.549247
0.549247
0.565449
0.565449
0.521939
0.521939
0.501596
0.501596
0.492491
0.492491
0.495482
0.495482
0.468754
0.468754
0.47894
0.47894
0.474622
0.474622
0.488229
0.488229
0.50925
0.50925
0.518518
0.518518
0.51593
0.51593
0.518672
0.518672
0.501392
0.501392
0.503064
0.503064
0.489675
0.489675
0.493356
0.493356
0.468546
0.468546
0.449752
0.449752
0.438009
0.438009
-0.0304476
-0.0304476
0.00720961
0.00720961
0.000579619
0.000579619
-0.0283701
-0.0283701
0.000725126
0.000725126
-0.0118635
-0.0118635
0.00444698
0.00444698
0.023131
0.023131
0.00744613
0.00744613
0.00401664
0.00401664
-0.0057306
-0.0057306
-0.0134303
-0.0134303
-0.0122019
-0.0122019
-0.0689686
-0.0689686
0.0159647
0.0159647
-0.177373
-0.177373
-0.215005
-0.215005
-0.284871
-0.284871
0.895254
0.895254
1.01882
1.01882
0.817718
0.817718
0.591156
0.591156
0.608409
0.608409
0.851062
0.851062
0.93673
0.93673
0.55364
0.55364
0.742779
0.742779
0.766841
0.766841
0.589162
0.589162
0.85464
0.85464
0.530506
0.530506
0.530115
0.530115
0.527717
0.527717
0.527193
0.527193
0.528414
0.528414
-0.00224107
-0.00224107
0.101131
0.101131
0.103363
0.103363
0.163556
0.163556
0.280289
0.280289
0.393148
0.393148
0.319228
0.319228
0.194108
0.194108
0.325542
0.325542
0.328802
0.328802
0.623054
0.623054
0.635889
0.635889
0.591436
0.591436
0.615154
0.615154
0.615634
0.615634
0.433144
0.433144
0.508884
0.508884
0.561339
0.561339
0.518289
0.518289
0.569884
0.569884
0.590764
0.590764
0.546809
0.546809
0.579
0.579
0.529216
0.529216
0.48392
0.48392
0.480164
0.480164
0.430486
0.430486
0.450385
0.450385
0.427081
0.427081
0.409581
0.409581
0.520592
0.520592
0.497881
0.497881
0.508426
0.508426
0.498757
0.498757
0.518259
0.518259
0.542479
0.542479
0.53927
0.53927
0.571735
0.571735
0.582654
0.582654
0.502378
0.502378
0.458623
0.458623
0.467952
0.467952
0.498326
0.498326
0.459017
0.459017
0.473942
0.473942
0.490141
0.490141
0.234433
0.234433
0.135293
0.135293
0.21838
0.21838
-0.0699351
-0.0699351
0.00548226
0.00548226
-0.00874512
-0.00874512
-0.0563275
-0.0563275
-0.00765561
-0.00765561
0.277543
0.277543
-0.416724
-0.416724
-0.392566
-0.392566
-1.0226
-1.0226
0.504465
0.504465
0.963921
0.963921
0.644357
0.644357
0.617621
0.617621
0.700169
0.700169
0.681951
0.681951
0.686969
0.686969
0.704468
0.704468
0.708644
0.708644
0.640262
0.640262
0.656669
0.656669
0.658802
0.658802
0.621297
0.621297
0.644855
0.644855
0.665206
0.665206
0.662354
0.662354
0.530882
0.530882
0.39563
0.39563
0.391772
0.391772
0.343174
0.343174
0.213612
0.213612
0.251609
0.251609
0.451822
0.451822
0.374206
0.374206
0.299145
0.299145
0.300278
0.300278
0.466621
0.466621
0.353848
0.353848
0.422969
0.422969
0.458987
0.458987
0.390148
0.390148
0.343943
0.343943
0.547953
0.547953
0.613053
0.613053
0.604689
0.604689
0.578882
0.578882
0.495304
0.495304
0.509068
0.509068
0.533203
0.533203
0.568517
0.568517
0.594516
0.594516
0.625773
0.625773
0.517337
0.517337
0.523193
0.523193
0.524439
0.524439
0.521934
0.521934
0.519187
0.519187
0.522183
0.522183
0.522374
0.522374
0.524909
0.524909
0.525625
0.525625
0.528589
0.528589
0.527614
0.527614
-0.0309447
-0.0309447
-0.0190262
-0.0190262
-0.0322605
-0.0322605
-0.0402409
-0.0402409
-0.00887003
-0.00887003
-0.012872
-0.012872
0.0307268
0.0307268
0.0171981
0.0171981
0.0017852
0.0017852
0.00789894
0.00789894
-0.018455
-0.018455
-0.0226505
-0.0226505
-0.0177923
-0.0177923
-0.00859342
-0.00859342
0.108859
0.108859
0.121464
0.121464
0.105269
0.105269
0.0657715
0.0657715
0.25521
0.25521
0.385843
0.385843
0.45864
0.45864
0.334842
0.334842
0.227791
0.227791
0.251493
0.251493
0.272696
0.272696
0.00118922
0.00118922
0.0289536
0.0289536
0.0161783
0.0161783
0.0544889
0.0544889
0.045654
0.045654
-0.0170908
-0.0170908
-0.0210014
-0.0210014
-0.0191869
-0.0191869
-0.0117248
-0.0117248
-0.00279067
-0.00279067
-0.0203457
-0.0203457
-0.0228543
-0.0228543
-0.0142241
-0.0142241
-0.0185978
-0.0185978
-0.0182289
-0.0182289
-0.0223665
-0.0223665
0.503816
0.503816
0.497359
0.497359
0.499022
0.499022
0.492933
0.492933
0.491661
0.491661
0.505825
0.505825
0.51004
0.51004
0.511999
0.511999
0.517406
0.517406
0.51962
0.51962
0.509861
0.509861
0.515501
0.515501
0.519229
0.519229
0.00517365
0.00517365
-0.0194202
-0.0194202
-0.0228071
-0.0228071
-0.00987801
-0.00987801
-0.0146712
-0.0146712
-0.0139398
-0.0139398
-0.0155466
-0.0155466
0.125367
0.125367
0.0538273
0.0538273
0.0583623
0.0583623
0.012414
0.012414
-0.117183
-0.117183
-0.0596243
-0.0596243
0.493118
0.493118
0.493031
0.493031
0.485961
0.485961
0.722602
0.722602
0.57233
0.57233
0.492726
0.492726
0.589995
0.589995
0.69514
0.69514
0.276685
0.276685
0.475249
0.475249
0.308877
0.308877
0.891427
0.891427
0.78621
0.78621
0.932661
0.932661
0.54527
0.54527
0.246781
0.246781
0.406483
0.406483
0.45458
0.45458
0.264424
0.264424
0.337324
0.337324
0.332662
0.332662
0.220073
0.220073
0.251907
0.251907
0.287087
0.287087
0.38843
0.38843
0.268184
0.268184
0.243995
0.243995
0.00144678
0.00144678
0.190613
0.190613
0.304768
0.304768
0.286233
0.286233
0.413038
0.413038
0.475137
0.475137
0.266387
0.266387
0.18789
0.18789
0.141876
0.141876
0.610489
0.610489
0.629107
0.629107
0.644497
0.644497
0.617476
0.617476
0.638196
0.638196
0.58105
0.58105
0.569623
0.569623
0.587958
0.587958
0.597747
0.597747
0.592695
0.592695
-0.749948
-0.749948
-0.456502
-0.456502
-1.40232
-1.40232
-0.72047
-0.72047
-0.267592
-0.267592
0.535364
0.535364
0.502164
0.502164
0.772325
0.772325
0.65415
0.65415
0.705089
0.705089
0.689701
0.689701
0.647643
0.647643
0.615267
0.615267
0.63436
0.63436
0.661418
0.661418
0.35641
0.35641
0.467707
0.467707
0.442727
0.442727
0.447786
0.447786
0.349115
0.349115
0.280516
0.280516
0.581017
0.581017
0.575438
0.575438
0.610099
0.610099
0.633618
0.633618
0.60303
0.60303
0.634097
0.634097
0.515134
0.515134
0.514813
0.514813
0.514367
0.514367
0.510658
0.510658
0.508914
0.508914
0.511218
0.511218
0.0695169
0.0695169
0.0387346
0.0387346
0.0738524
0.0738524
0.0545547
0.0545547
0.0318465
0.0318465
0.0204068
0.0204068
0.00959774
0.00959774
-0.000367061
-0.000367061
-0.00683724
-0.00683724
-0.00801229
-0.00801229
0.00619518
0.00619518
0.00999062
0.00999062
0.171077
0.171077
0.110707
0.110707
0.0311725
0.0311725
0.0609173
0.0609173
0.00108211
0.00108211
-0.0672996
-0.0672996
-0.0849849
-0.0849849
0.0166354
0.0166354
0.111478
0.111478
0.102144
0.102144
0.407395
0.407395
0.658693
0.658693
0.478639
0.478639
0.645944
0.645944
0.487328
0.487328
0.543138
0.543138
0.475259
0.475259
0.467192
0.467192
0.493714
0.493714
0.383291
0.383291
0.462907
0.462907
0.242683
0.242683
-0.264513
-0.264513
-0.172991
-0.172991
0.79133
0.79133
0.805833
0.805833
0.588084
0.588084
0.407871
0.407871
0.176305
0.176305
0.359154
0.359154
0.552012
0.552012
0.484796
0.484796
0.521893
0.521893
0.591027
0.591027
0.580198
0.580198
0.0237004
0.0237004
0.0856427
0.0856427
0.360496
0.360496
0.587845
0.587845
0.240985
0.240985
0.232085
0.232085
0.226214
0.226214
0.405848
0.405848
0.326651
0.326651
))
(300 (2 1 3 0 0 1 918)(
0.985162 -0.000504098 0 
0.00501158 2.96625 0 
0.00823159 0.871806 0 
0.979703 0.00214744 0 
-0.0114042 2.06659 3.48385e-20 
-0.00704414 2.94879 -2.50041e-18 
0.810984 1.15013 4.38172e-19 
0.210521 0.104807 -1.55285e-20 
0.999908 -0.000281738 0 
0.0616936 0.778789 0 
0.0121665 0.584266 0 
0.734798 -0.0176755 0 
0.0111135 2.93033 0 
0.00288602 2.79474 0 
-0.0175502 3.15246 7.74047e-19 
-0.0207446 1.91051 -6.04221e-22 
0.289298 0.0349638 1.0296e-18 
0.186682 1.15407 3.11864e-19 
0.962749 0.00501896 0 
-0.00236785 0.516596 0 
0.0244566 0.139523 -7.31568e-19 
1.00198 -0.00497846 0 
1.00022 -0.00978921 0 
0.97573 -0.00643963 0 
0.584201 -0.0343124 0 
0.0152171 2.64073 0 
-0.0148227 2.90997 9.22247e-19 
0.00983962 0.931854 0 
-0.0102371 1.17461 0 
0.0111695 0.911934 0 
-0.0122209 2.60658 0 
-0.000516386 2.12052 -2.7824e-20 
-0.0101132 1.89418 0 
-0.020609 2.9876 -8.99699e-23 
-0.0166887 3.0053 1.94332e-18 
0.00210437 3.00019 0 
0.871022 -0.00958137 0 
0.404805 0.937304 1.82943e-19 
0.79332 1.16575 -4.96102e-19 
0.944164 1.00914 5.38028e-19 
0.664356 1.25691 -1.01236e-19 
0.665774 1.23573 5.84843e-19 
0.246558 0.171964 1.51494e-20 
0.223734 0.0785946 0 
1.14518 0.555545 0 
0.215238 0.163468 6.90902e-20 
0.182533 0.103169 -7.16926e-20 
0.919834 -0.00744528 0 
1.00026 0.000156506 0 
0.99991 0.000335715 0 
1.00363 -0.00776691 0 
1.00096 -0.000920473 0 
1.00017 3.30124e-05 0 
0.0749898 1.81825 -7.92723e-19 
0.0287543 0.975397 0 
0.0948261 0.849288 0 
0.0134881 0.92954 0 
0.0359596 0.709849 0 
0.00908608 2.00338 0 
-0.00137103 0.827548 0 
0.0107131 0.595356 0 
0.000403744 0.817315 0 
0.00860376 0.57326 0 
0.840084 -0.0158597 0 
0.843863 0.0303104 0 
0.767581 -0.00660651 0 
0.811565 0.0402562 0 
0.705023 -0.019759 0 
0.0146914 3.0004 9.2733e-19 
0.0115088 3.00801 0 
0.00611904 3.00278 0 
0.0135491 2.99735 1.05296e-23 
0.00797216 2.95847 -1.37824e-18 
0.0144846 2.98201 0 
0.0108318 2.90362 0 
0.0248375 2.93056 2.11682e-24 
0.00454314 2.82479 0 
0.0307655 2.91619 0 
-0.00539166 2.74581 0 
0.307034 3.5476 0 
-0.13167 3.62877 0 
0.138924 3.24263 -7.20329e-19 
-0.0129565 2.97915 0 
-0.0195559 1.98839 0 
-0.00589042 2.16861 5.95947e-22 
-0.0134641 1.91776 -8.23226e-21 
0.388286 0.144372 -3.56865e-19 
0.307652 0.0207697 -3.45698e-19 
0.357171 0.15336 -1.07144e-18 
0.264911 0.0411118 -7.02353e-19 
0.226186 0.97124 0 
0.267906 1.29967 -3.6448e-19 
0.360456 1.22968 6.07127e-19 
0.987457 0.00855783 0 
0.941902 0.00583322 0 
1.0003 0.000578772 0 
1.00286 0.0093068 0 
1.00302 0.00846424 -2.76515e-18 
0.991911 0.00969858 2.08815e-18 
-0.00323812 0.805046 0 
0.000407494 0.528481 0 
-0.0345946 0.996123 0 
-0.022624 0.837335 0 
0.00297976 0.510405 0 
0.0444255 0.143439 2.25969e-19 
0.110963 0.117143 0 
0.993545 -0.00837763 0 
0.954439 -0.00652433 0 
0.756594 0.0468338 0 
0.691728 0.0568932 0 
0.664281 -0.031497 0 
0.966253 -0.00793576 0 
0.605169 0.0745836 0 
0.444413 -0.0110233 1.54608e-18 
-0.0369364 2.86318 6.86668e-19 
0.0415784 2.90988 0 
0.0538333 2.88554 0 
-0.00405954 2.69992 0 
-0.0134052 2.98505 8.74327e-19 
-0.0179376 2.89498 0 
-0.0154519 2.98807 -2.70892e-18 
-0.0133165 2.92516 9.2706e-19 
-0.0145809 1.34323 0 
0.00650003 1.37209 0 
-0.00659111 2.13696 2.99832e-22 
-0.00510862 2.10007 0 
-0.0230797 1.90165 0 
0.938291 -0.00752781 0 
0.856943 -0.00987918 0 
0.863335 0.00600804 0 
0.949394 -0.00791227 0 
0.883847 -0.00815445 0 
0.51664 1.13059 -2.30947e-19 
0.5658 1.1816 0 
0.369156 0.882307 3.40834e-20 
0.311419 0.741198 0 
0.90473 1.04823 -1.47848e-19 
1.02077 0.857904 2.9719e-19 
0.352176 1.35004 0 
0.519388 1.31488 0 
0.542311 1.26066 0 
0.118639 0.184673 -3.03095e-19 
0.276516 0.163971 0 
0.245993 0.0779231 1.98218e-19 
0.992497 0.912946 0 
1.06585 0.768565 0 
1.09055 0.710107 -2.31535e-19 
1.12471 0.61479 0 
1.17574 0.400967 5.6144e-20 
0.957635 -0.0087675 0 
0.962445 -0.0100795 0 
0.901626 -0.00796421 0 
0.984186 -0.00916383 0 
0.974676 -0.00936361 0 
0.937097 -0.00636644 0 
1.00019 0.00233616 0 
1.0009 0.00141011 0 
0.99991 0.000852681 0 
0.0351462 2.07028 4.38461e-19 
0.119665 1.76116 0 
0.017254 2.18455 6.78884e-19 
0.0482066 1.87219 -5.70115e-19 
0.101618 1.16223 -2.5528e-19 
0.0445352 1.04971 0 
0.141863 1.00254 0 
0.00853151 0.887633 0 
0.0155328 0.659762 0 
-0.000906006 2.23597 -1.03281e-21 
0.0179832 2.00744 0 
-0.00138036 2.23756 -4.34404e-20 
0.0109277 2.01283 7.37084e-20 
0.00362371 0.859236 0 
0.00183315 0.841665 0 
0.00858208 0.621199 0 
0.00162185 0.811403 0 
0.0084909 0.55623 0 
0.937002 0.00949562 0 
0.848137 -0.0149786 0 
0.926568 0.000161093 0 
0.841415 -0.0129649 0 
0.812054 -0.000195281 0 
0.900298 0.0209448 0 
0.875539 0.0255077 0 
0.78885 -0.00294893 0 
0.00576248 3.0649 -8.66483e-21 
0.0165887 3.05769 0 
0.014648 2.96905 0 
0.00868993 2.87628 0 
0.923383 3.96232 0 
1.23751 3.29546 9.29411e-19 
0.0696733 3.07136 0 
-0.028917 2.90339 0 
-0.00132411 1.39279 0 
-0.0216211 1.69265 0 
-0.00965722 1.52692 0 
-0.0269034 2.56204 -5.41219e-21 
-0.00809023 2.24669 0 
-0.0161972 2.3981 0 
0.00181444 1.94105 1.38798e-21 
-0.00272979 2.23732 5.77089e-21 
-0.00423267 2.20269 8.24587e-21 
-0.00661185 1.92728 0 
0.42983 0.127239 5.42404e-19 
0.352656 0.0117414 -5.32411e-19 
0.259881 1.58213 0 
0.274189 0.74489 -3.16288e-19 
0.177036 1.66828 -1.05695e-18 
0.226586 1.2107 1.05939e-18 
0.902132 0.00642507 0 
0.967455 0.011088 0 
0.974583 0.010789 0 
0.923377 0.00643618 0 
-0.00372335 0.812995 0 
0.0040066 0.807898 0 
0.00430031 0.537923 0 
0.183976 0.15448 6.37874e-19 
0.152948 0.140844 -7.53351e-19 
0.150414 0.107608 0 
1.09213 0.0844463 2.79294e-20 
1.07436 0.0384177 0 
1.00844 0.0391095 0 
0.903795 -0.00636267 0 
0.473948 0.107637 0 
0.526196 0.0877057 -2.47172e-18 
0.394982 0.00697761 9.2521e-19 
0.0088607 2.98122 7.36343e-19 
-0.0324635 2.8657 4.69154e-20 
0.00361012 3.0503 -1.83338e-20 
0.0201539 3.04332 6.51306e-19 
-0.0149842 2.99656 3.04333e-20 
-0.012946 2.94943 -1.22409e-22 
-0.0172804 3.01195 -5.62567e-19 
0.0148815 3.02379 4.07663e-19 
0.00740069 3.03691 -6.46073e-19 
0.933312 -0.00144766 0 
0.939017 -0.00340515 0 
0.845198 -0.00942253 0 
0.956626 0.0118351 0 
0.942849 0.0131208 0 
0.881677 0.0059649 0 
0.917463 0.0168824 0 
0.926196 0.0148564 0 
0.83857 0.00294296 0 
0.719332 1.40814 3.84454e-20 
0.752592 1.51689 0 
0.185913 0.323063 7.17191e-20 
0.224047 0.665859 5.78778e-19 
0.262193 0.722298 -3.37182e-19 
0.265797 0.53112 6.70282e-19 
0.341025 0.802429 1.59375e-18 
0.137578 0.226872 3.7496e-19 
0.328475 0.162418 7.44839e-19 
0.303498 0.165246 1.94395e-19 
0.254105 0.0596231 3.69533e-19 
1.16492 0.458562 4.88651e-20 
1.18207 0.25351 4.40285e-20 
0.00896061 2.23166 2.64337e-19 
0.04278 1.93876 0 
0.967659 0.0287732 0 
0.941238 0.0135356 0 
0.866442 -0.0183246 0 
0.0113673 3.07439 0 
0.019835 2.94423 1.19559e-18 
0.0164153 2.95638 0 
0.00634348 2.85049 -1.18592e-18 
0.00636488 3.09187 2.90475e-19 
0.00699709 3.08218 0 
0.785524 1.81886 -1.59372e-19 
1.24538 2.49546 4.05767e-19 
0.767527 1.95828 -1.23422e-18 
0.0197773 2.98124 -6.35494e-19 
0.0352601 3.00008 0 
-0.0345581 2.8772 0 
-0.00305175 2.21769 -1.29014e-20 
-0.00244653 2.24005 -1.68997e-20 
0.0045885 1.97497 -7.46393e-21 
0.277039 1.38998 1.02876e-18 
0.233234 0.534983 -7.0565e-19 
0.0633926 1.99505 7.73537e-19 
0.135683 1.88236 -9.20196e-19 
0.180204 1.50301 9.33881e-20 
0.00569967 3.11837 -1.61945e-18 
0.0117624 3.11919 1.77356e-18 
-0.00925546 2.98052 8.0708e-19 
-0.00423436 2.97724 -7.63307e-19 
-0.0214519 2.8807 -8.22e-19 
0.00843214 3.09912 -2.1591e-18 
0.00149663 3.10566 2.17742e-18 
0.278408 0.691712 0 
0.244722 0.681367 -1.19752e-18 
0.0965822 0.225644 5.31428e-19 
0.354205 0.928225 1.11267e-18 
0.192719 0.271716 -1.71552e-18 
1.17616 0.172481 6.75112e-20 
1.18269 0.307616 0 
1.16452 0.120902 -1.23274e-20 
0.000890453 2.24793 -1.67558e-21 
0.00380072 2.24072 0 
0.0268653 1.97403 0 
0.340128 1.29887 -3.69946e-19 
0.371837 1.13948 -8.01615e-19 
0.206949 0.37127 1.42804e-18 
1.00587 -0.0108464 0 
1.00766 -0.00764393 5.10227e-19 
-0.0112397 1.32232 0 
-0.0265631 1.31406 0 
1.00222 0.00350528 1.80629e-21 
1.00367 0.00945713 1.04154e-18 
-0.0154523 2.5454 6.85518e-21 
-0.0214795 2.58842 0 
0.0347446 3.17763 4.22642e-19 
0.393236 3.48763 0 
1.1673 0.65595 -6.36309e-20 
1.01289 0.013104 -2.14451e-21 
1.02129 -0.010342 0 
1.0017 0.000119425 7.47645e-23 
0.103005 1.36003 0 
0.143961 2.57562 0 
0.0243251 1.30614 0 
-0.000849545 2.62405 4.17554e-20 
-0.0212348 2.57993 1.60199e-20 
1.00026 0.0292915 2.51516e-21 
1.06237 0.00411959 0 
1.09611 0.024013 0 
-0.0212662 1.73382 0 
-0.016354 2.58491 0 
0.00240832 1.30645 0 
0.299385 1.47333 -1.64149e-19 
1.01128 -0.00963828 0 
1.00939 -0.0149188 0 
1.00237 0.000736059 6.51955e-19 
1.00547 -0.00481564 -7.66334e-19 
1.00118 -0.000988588 0 
-0.00475034 1.4581 0 
-0.00013606 1.36906 0 
0.000284825 1.41571 0 
-0.00110062 1.29452 0 
-0.00891524 1.27641 0 
0.000874421 1.25953 0 
1.03479 -0.006228 0 
1.02014 0.0156444 -8.72953e-22 
0.814586 1.26428 2.51857e-19 
1.00224 0.00030459 -6.49731e-19 
1.00407 0.00524879 7.60326e-19 
1.00117 0.00206525 0 
1.01277 0.0103224 6.46365e-19 
1.008 0.00829822 -7.83094e-19 
1.00857 0.0146882 0 
-0.0216666 2.61435 0 
-0.0233395 2.59521 -1.13794e-20 
-0.021028 2.60879 8.13959e-21 
1.23232 0.263439 6.01828e-19 
1.1587 0.0849802 0 
0.0413275 3.07776 -9.36695e-19 
0.0647527 2.85521 -6.8168e-20 
0.140141 3.1922 1.43607e-18 
0.135248 3.22049 -2.06799e-19 
0.134287 3.23214 0 
0.0188536 3.13738 2.42311e-19 
0.0749697 3.16 9.23959e-19 
0.0676696 3.1855 -4.56624e-19 
0.0218283 3.12965 0 
0.61259 0.277815 0 
0.539451 0.31804 0 
1.13737 0.691777 1.50012e-19 
1.13276 0.812223 -1.39936e-19 
1.19416 0.579093 0 
1.22218 0.513986 0 
1.0161 0.0133336 -1.2049e-18 
1.01499 0.0142643 1.51244e-18 
1.02528 -0.00988115 0 
1.02334 -0.0119078 0 
1.00643 0.00259162 0 
1.01041 0.00370754 0 
1.00457 0.00184999 0 
1.0098 0.00620341 0 
1.00783 0.00595186 0 
1.00451 0.00468174 0 
0.0917203 1.35736 0 
0.0857079 1.32668 0 
0.122784 1.39375 0 
0.13786 1.40317 0 
0.144834 2.60049 0 
0.185258 2.66911 -4.31992e-19 
0.1002 2.6563 0 
0.0846551 2.65842 2.06585e-19 
0.0376562 2.67941 -1.66489e-19 
0.0150976 1.31441 0 
0.019687 1.24601 0 
0.0202719 1.32673 0 
0.0329078 1.26906 0 
0.00110914 1.98206 -1.04196e-20 
-0.0199742 2.60797 -3.71353e-21 
-0.00919044 2.66533 3.10861e-20 
-0.018441 2.68379 0 
-0.0221778 2.61377 -3.58645e-20 
-0.0222445 2.60858 -5.65574e-21 
0.0100424 1.98072 1.03251e-20 
-0.00717443 2.39525 4.98247e-21 
-0.0138408 2.41772 -3.52578e-20 
1.01044 0.0372123 1.22976e-18 
1.00573 0.0161438 -1.51909e-18 
1.00156 0.0445153 -1.23085e-18 
0.978049 0.0221381 1.57082e-18 
1.0636 0.00791831 0 
1.04888 -0.00852253 0 
1.09317 0.034099 0 
1.0735 0.0123258 0 
1.07129 1.44557e-05 0 
1.13882 0.0815055 0 
1.11018 0.0435348 0 
1.11338 0.0315274 0 
-0.0205861 2.43489 -1.6228e-22 
-0.00672757 2.00755 0 
-0.0112891 2.2158 0 
-0.0180162 2.60545 -3.98284e-21 
-0.0159726 2.61471 -7.92867e-23 
0.00818981 1.56617 -2.26192e-20 
0.00144404 1.49614 2.30283e-20 
-0.00783319 1.38652 0 
-0.0102795 1.39314 0 
-0.0125275 1.38779 0 
0.0021001 1.30777 0 
0.0129034 1.23655 0 
0.37892 1.48968 2.65892e-19 
0.419823 1.49173 1.42251e-19 
0.598199 2.45064 -2.40752e-19 
0.400542 2.54609 7.10261e-19 
0.351379 2.06359 7.23725e-20 
1.02101 -0.00816935 0 
1.01548 -0.00977702 0 
1.0149 -0.0155101 0 
1.00742 -0.00113399 0 
1.00493 -0.000931032 0 
1.00777 -0.00472933 0 
1.00925 -0.00367528 0 
1.01419 -0.00443794 0 
1.02088 0.0161824 1.17993e-18 
1.01786 0.0156337 -1.51069e-18 
1.02125 0.0181647 -1.18885e-18 
1.01904 0.0168404 1.48568e-18 
0.776622 1.31514 0 
0.712634 1.36562 2.37383e-19 
0.889953 1.21464 8.9684e-20 
0.936159 1.16015 -1.19341e-19 
1.15747 2.60488 2.8661e-19 
0.786334 0.117318 6.02805e-19 
1.16118 0.106732 0 
1.20857 0.191329 -4.83786e-19 
1.19484 0.153092 -2.05242e-20 
1.00532 0.153379 0 
0.13236 2.95937 5.48793e-19 
0.109248 2.86534 -1.19022e-18 
0.0186388 2.37559 7.98733e-19 
0.0905642 -0.0821579 -3.52022e-19 
0.338356 3.41724 -2.09412e-19 
0.193206 3.31055 0 
0.236511 3.35186 2.72727e-19 
0.242489 3.03243 -1.82031e-18 
0.336561 3.19127 0 
0.00664282 3.1208 4.72305e-20 
0.0174889 3.12945 -5.53855e-19 
0.0153188 3.12557 8.15181e-19 
0.0348561 3.13958 0 
0.0329482 3.15044 0 
1.21439 2.60316 0 
0.544072 0.818639 -5.3402e-19 
1.0593 0.984357 3.55957e-22 
0.99425 1.0689 0 
0.847157 0.968559 -1.13996e-19 
1.08397 0.886095 2.83551e-20 
0.348393 0.364208 -9.06058e-19 
0.670417 0.313314 -1.96722e-20 
0.612142 0.218607 4.22867e-19 
0.564061 0.35267 3.11638e-20 
0.468709 0.311038 -1.25354e-18 
0.636581 0.321895 0 
0.700395 0.416919 7.18415e-19 
0.708683 0.420084 0 
0.598241 0.34519 0 
0.547092 0.260169 0 
0.81047 0.616058 4.2368e-19 
1.23231 0.285324 -5.08364e-19 
1.23129 0.423438 0 
1.24093 0.363934 0 
0.722104 0.190019 6.28303e-19 
0.857755 0.542472 -3.89355e-19 
0.755926 0.512984 6.90691e-19 
0.952901 0.435202 -7.59013e-19 
1.01948 0.0148253 8.10157e-19 
1.01772 0.0142806 -8.15251e-19 
1.01592 0.015469 0 
1.03625 -0.00577165 0 
1.02975 -0.00848167 -7.63796e-19 
1.02778 -0.0120425 7.56232e-19 
1.02494 0.0101592 0 
1.02351 0.0138429 0 
1.01141 0.00410189 0 
1.01424 0.00907423 0 
1.01514 0.00405539 0 
1.01424 0.00282205 0 
0.0630926 1.34221 0 
0.0659574 1.29712 0 
0.143182 1.3698 5.22949e-22 
0.272227 1.47003 8.50881e-20 
0.165328 1.44101 1.77347e-19 
0.197395 1.44781 -2.90182e-19 
0.164877 1.39478 0 
0.131532 1.59593 -7.91487e-20 
0.115251 1.57027 0 
0.349102 2.01564 -1.05217e-19 
0.344637 2.34831 6.2355e-19 
0.188623 1.45425 6.90094e-20 
0.261366 1.38497 2.07025e-20 
0.197131 1.37416 -1.67614e-20 
0.27277 1.32843 -1.06714e-19 
0.240479 1.57884 0 
0.263275 1.61798 1.15277e-19 
0.0295111 2.26566 -3.41769e-20 
0.042287 2.66933 0 
0.064803 2.40256 1.44703e-19 
0.0609739 2.42305 0 
0.0684926 2.6719 -2.28845e-19 
0.0482966 2.6993 0 
0.0263829 1.41975 1.53788e-20 
0.032689 1.4713 0 
0.0282988 1.38863 0 
0.0230495 1.39194 -1.73522e-20 
-0.000385949 2.65196 -1.69628e-20 
0.028626 2.69771 1.89002e-19 
0.00967248 2.72179 1.33605e-21 
0.00227196 1.83011 1.02792e-20 
-0.00376326 1.68262 3.23092e-21 
0.0150658 1.29812 0 
0.018053 1.22042 0 
0.0453071 1.57909 -8.30935e-21 
0.0283846 1.45383 -1.38263e-20 
0.0353371 1.51825 1.74358e-20 
0.0381341 1.60311 0 
-0.025573 2.26732 6.46041e-20 
-0.0260605 2.55052 -2.63061e-20 
-0.0137282 2.44533 3.36435e-24 
-0.00225598 1.84641 -1.24588e-20 
-0.0233765 2.49784 -3.8965e-21 
-0.0195736 2.44087 2.39484e-20 
1.01913 0.0210368 -8.05711e-19 
1.01511 0.0268461 8.10315e-19 
1.01415 0.0162667 0 
1.01226 0.0712328 1.13777e-18 
0.989477 0.0599193 -1.28111e-18 
0.946599 0.0446604 1.43463e-18 
1.0137 0.109655 -1.51612e-19 
1.04258 -0.0058022 0 
1.05082 -0.00154839 7.28785e-19 
1.03887 -0.00991849 -7.30226e-19 
1.07082 0.0417016 -4.33892e-20 
1.06425 0.0233281 3.74019e-19 
1.06327 0.0557519 0 
1.0532 0.0490305 -1.34472e-19 
1.03246 0.0421156 0 
1.02566 0.038461 0 
1.02782 0.0131558 0 
1.02406 0.0159001 0 
1.03982 0.0319192 2.76885e-19 
1.03879 0.0266802 -6.11913e-19 
1.05087 0.0336241 -2.93537e-19 
1.04814 0.033642 -3.2328e-19 
1.07073 0.0635355 6.31238e-19 
1.09582 0.0515286 0 
1.10414 0.0948312 0 
-0.0201848 2.27267 3.99915e-20 
-0.0171839 2.01368 -6.3144e-22 
-0.0138179 2.01998 0 
-0.0229958 2.44623 -3.98026e-20 
-0.0171723 2.40276 7.95169e-22 
-0.028816 2.47593 3.24662e-21 
-0.019258 2.62188 4.3804e-21 
-0.019853 2.56353 -1.09343e-21 
-0.0190065 2.5138 2.06988e-21 
-0.0140195 2.61693 1.86757e-21 
-0.019411 2.6183 -7.32842e-22 
-0.000632839 1.4841 -3.65893e-22 
0.00932884 1.61508 -1.77068e-20 
0.3642 1.43752 -1.1179e-19 
0.365707 1.37462 3.83924e-20 
0.6533 1.41601 -2.29801e-19 
0.520231 1.484 -1.39927e-19 
0.577991 1.44954 0 
0.593894 2.42751 2.07985e-19 
0.661582 2.42128 3.38905e-19 
0.41129 2.51779 8.65243e-20 
0.402824 2.54323 -6.19379e-19 
0.511205 2.48603 6.1659e-19 
0.55361 2.46443 0 
0.489325 2.52098 -5.63163e-19 
0.248134 2.59363 1.16258e-18 
0.354464 2.56658 -7.9045e-20 
0.284163 2.65521 -1.60508e-18 
0.946722 2.38016 7.30472e-19 
0.837907 2.38517 0 
1.01105 0.000464303 2.64524e-20 
1.0153 -0.005442 -2.14627e-20 
1.01763 -0.00357009 -3.92031e-19 
1.01499 -0.000919162 3.94116e-19 
1.01242 0.00116221 0 
0.642271 1.28723 0 
0.667298 1.18457 0 
0.779339 1.0965 0 
0.660019 1.14707 0 
1.1869 2.61885 5.93932e-20 
1.07572 2.36596 0 
0.838154 2.17555 3.84899e-21 
0.82598 2.44138 0 
0.923272 2.53325 -4.2383e-19 
0.958882 2.48901 2.81995e-19 
0.808549 0.175708 0 
0.76446 0.150025 1.63674e-19 
0.916598 0.147525 9.53419e-19 
0.83148 0.149189 -3.56865e-19 
0.792981 0.0848453 -1.10082e-18 
1.07937 0.235954 -9.08999e-19 
0.995771 0.294274 -1.61497e-20 
0.929189 0.296886 8.7377e-19 
1.00738 0.226071 7.3037e-19 
0.950802 0.192536 -1.26442e-18 
0.915314 0.195505 1.58028e-19 
0.954768 0.258583 -3.36229e-19 
0.93009 0.220561 0 
0.992767 0.187962 6.23704e-19 
1.04693 0.189414 0 
1.04321 0.216358 0 
1.10537 0.11849 2.93586e-19 
1.07095 0.176823 -1.45387e-20 
1.07379 0.237019 -1.5978e-19 
1.10147 0.203332 0 
1.0229 0.046226 6.24675e-19 
1.03981 0.0590827 7.78966e-19 
1.03376 0.0445606 -6.19625e-19 
1.04253 0.065826 -5.22068e-19 
1.01894 0.073522 -8.00073e-19 
0.98803 0.160224 0 
0.99827 0.105941 0 
0.964971 0.0677854 -5.11147e-19 
0.910409 0.0912956 2.00672e-19 
1.0392 0.105144 7.21702e-19 
1.06891 0.121545 -8.46733e-19 
1.07513 0.154687 7.56079e-19 
1.02887 0.145024 0 
1.07452 0.109928 0 
1.05462 0.0905795 -3.46409e-19 
1.04387 0.0955943 -5.90459e-19 
0.583053 1.07074 1.41219e-19 
0.61001 1.39666 -4.27175e-20 
1.15695 2.73425 -2.28508e-19 
1.22298 3.07613 1.8102e-21 
1.24904 2.71757 -1.29885e-19 
1.27827 2.7011 -3.03624e-20 
1.20634 2.34208 -1.06438e-20 
1.21052 2.98016 -9.37234e-20 
1.23031 2.94552 2.35268e-19 
1.21349 3.22944 -1.43426e-19 
1.37375 2.96109 1.98269e-19 
1.36332 2.87938 0 
0.553863 0.826243 -5.03637e-20 
0.125426 1.24059 5.7607e-19 
0.542413 0.406379 5.87281e-19 
0.381737 0.154359 6.45402e-19 
0.503624 0.348634 7.08378e-19 
0.543054 0.451953 -1.1414e-18 
0.545716 0.451554 9.33145e-19 
0.484123 0.361784 -3.56156e-19 
0.387347 0.293395 8.07857e-19 
0.729938 0.259107 -3.61144e-19 
0.691079 0.281444 0 
0.65891 0.20054 8.08416e-21 
0.735519 0.505884 3.77888e-19 
0.707847 0.474222 -1.37733e-18 
0.614275 0.453535 1.3648e-20 
0.61979 0.442941 0 
0.683451 0.719252 4.02817e-19 
0.845605 0.773429 4.06174e-19 
0.769577 0.855436 -4.74967e-19 
0.892105 0.810387 -1.60187e-19 
0.922915 0.85439 -3.933e-20 
0.930211 0.854166 4.02753e-20 
0.855839 0.650541 -7.02058e-19 
0.938527 0.705864 1.48804e-19 
0.997196 0.721412 0 
0.988031 0.698457 -2.02451e-19 
1.02511 0.334498 2.1861e-19 
1.14364 0.300194 2.98039e-19 
1.06637 0.273413 3.71859e-19 
1.01148 0.366737 -4.41097e-19 
1.06077 0.432811 0 
1.1187 0.416434 0 
0.919787 0.368823 4.39762e-21 
0.842047 0.300108 0 
0.882297 0.296973 4.11782e-19 
0.910432 0.303949 -6.00313e-21 
0.946872 0.43799 2.11504e-18 
0.905566 0.495367 5.46076e-19 
0.909234 0.460821 -5.81088e-19 
0.829851 0.445416 6.22506e-19 
0.812596 0.438502 3.73876e-19 
0.781482 0.420071 -3.67571e-19 
1.02731 -0.000351528 6.53081e-19 
1.02 -4.02285e-05 0 
1.01851 0.000890553 4.25779e-19 
1.02169 -0.00168598 -9.6449e-19 
1.02231 0.00434629 4.68515e-19 
1.02036 0.0113113 -9.81239e-19 
1.0213 0.0106941 0 
1.02058 0.0109352 -2.04478e-19 
1.01597 0.00773672 5.12984e-19 
1.01667 0.0105059 -2.5595e-19 
1.01737 0.00985513 1.88507e-19 
0.0279237 1.31872 0 
0.0337494 1.3616 0 
0.0434218 1.31967 0 
0.0473377 1.27643 0 
0.0707573 1.38395 -2.68074e-20 
0.0779041 1.35384 1.52225e-20 
0.111345 1.52062 -1.8285e-20 
0.0938803 1.36636 -1.08715e-21 
0.0331868 1.45848 -6.10385e-21 
0.0372663 1.45126 4.89134e-21 
0.0624571 1.36842 -8.02004e-21 
0.0545678 1.37007 2.75139e-20 
0.0484283 1.34589 3.92692e-21 
0.0385446 1.36939 6.1822e-22 
0.106362 2.37329 -1.59803e-19 
0.0951399 2.42005 0 
0.169956 2.048 1.10729e-19 
0.109745 1.70911 4.31113e-20 
0.231248 2.04347 -9.12906e-20 
0.20315 2.43632 0 
0.264308 2.38676 -6.07897e-19 
0.303544 2.38455 4.30502e-19 
0.229895 2.00387 -2.53678e-19 
0.15365 2.16418 1.70717e-19 
0.142396 2.27464 0 
0.0160864 1.87779 -1.47719e-20 
-0.00212318 2.39578 -6.16262e-20 
0.00367304 2.15026 0 
0.00964041 2.4583 -1.3438e-20 
0.0259161 2.30318 1.89174e-20 
0.0156797 1.40076 -3.45403e-21 
0.0152594 1.38643 6.06504e-20 
0.0151777 1.39142 -2.16997e-20 
0.0202957 1.39211 -1.4987e-20 
0.0255296 1.42349 0 
0.0119682 1.3737 0 
0.00489325 1.29097 -2.40393e-20 
0.0126306 1.36439 6.44254e-21 
0.0139833 1.36505 0 
0.00886455 1.28283 -1.68292e-20 
0.0165674 1.21332 3.57177e-20 
1.04055 0.0115886 0 
1.0466 0.00786171 -6.83801e-20 
1.03854 0.0216152 -4.93251e-19 
1.04822 0.0204493 0 
1.05205 0.020285 0 
1.03626 0.0117531 -6.71309e-21 
1.03096 0.011598 7.92541e-19 
1.03172 0.0164809 9.60628e-19 
1.02564 0.0203679 0 
1.02268 0.0207597 0 
1.03508 0.0253272 4.91846e-19 
1.02591 0.0265758 0 
1.02403 0.0266131 0 
-0.0152417 2.01722 0 
0.00637671 1.64577 -3.66753e-21 
-0.00137708 1.75248 -2.3256e-20 
0.00488224 1.3761 0 
-0.00293211 1.54552 -7.59226e-21 
-0.00269267 1.45385 5.94893e-21 
0.000146237 1.3883 0 
0.392355 1.66339 0 
0.369552 1.30395 -7.36923e-20 
0.303528 1.34455 0 
0.423544 1.30544 1.17342e-20 
0.468833 1.462 0 
0.450264 1.40844 2.1924e-20 
1.03672 2.68259 -1.54796e-20 
0.96771 2.40943 -9.18261e-19 
0.919958 2.1948 1.03937e-18 
0.851661 2.37715 2.42888e-19 
0.848351 2.49356 0 
0.918328 2.48932 0 
0.930033 2.37389 0 
0.90883 2.36232 -9.46516e-19 
0.68933 2.45976 -3.96099e-19 
0.80164 2.4494 -9.79933e-20 
0.812403 2.42328 7.45545e-20 
0.696026 2.39482 0 
0.800785 2.39018 0 
0.75923 2.40319 -3.69286e-19 
0.7691 2.48397 0 
0.627177 1.09735 0 
0.484905 0.915033 -5.08409e-19 
0.561882 0.95191 -3.22718e-20 
0.524217 1.04884 0 
0.524537 0.994911 7.62871e-19 
0.791865 0.879347 -1.33313e-19 
0.802436 1.01616 0 
0.776879 0.980424 1.91949e-19 
0.661294 1.0338 0 
0.663943 0.93769 0 
1.16544 2.75691 -2.32581e-19 
1.14309 2.82013 -9.86402e-20 
0.932109 2.33754 1.02917e-19 
0.899873 2.31711 -8.41012e-20 
1.1308 2.73043 0 
1.08437 2.70025 1.01215e-19 
1.09091 2.48441 -3.17929e-19 
0.985754 2.23594 -3.07136e-20 
0.498823 1.34689 0 
0.513489 1.07372 -1.24535e-19 
0.575403 1.17159 0 
0.857599 0.239159 0 
0.777327 0.191093 0 
0.709947 0.15366 0 
0.850337 0.239546 -6.48142e-19 
0.749812 0.22897 3.76939e-19 
0.927181 0.0776879 -4.14242e-19 
0.941219 0.124587 0 
0.922079 0.137467 1.77981e-19 
0.858657 0.112292 7.14202e-19 
0.825271 0.0698611 -4.46793e-19 
1.15935 3.35467 -7.2009e-19 
1.2079 3.27399 0 
1.15708 3.38324 -1.48753e-18 
0.64499 3.54429 1.26308e-18 
0.868481 3.11247 7.11079e-20 
0.520793 0.826548 6.07512e-19 
0.430658 0.824217 0 
0.323406 0.442587 -1.51831e-19 
0.458894 0.663007 8.66585e-19 
0.544556 0.409476 -2.04414e-19 
0.511899 0.481428 2.36774e-19 
0.666136 0.516127 5.09673e-19 
0.700159 0.547641 0 
0.651959 0.589545 0 
0.610744 0.534246 0 
0.998995 0.608315 9.53512e-20 
0.911571 0.544687 -5.312e-19 
0.937844 0.577714 4.02293e-19 
0.969633 0.5162 -4.10728e-19 
1.07833 0.48886 0 
1.08657 0.579071 -1.01453e-19 
0.852384 0.398327 -8.53465e-19 
0.854988 0.386868 -1.05448e-18 
0.794346 0.386074 6.65628e-19 
0.79729 0.358715 -6.79911e-19 
0.84538 0.320071 -5.3277e-19 
0.794488 0.318759 6.53425e-19 
1.02666 0.00582924 -4.98753e-19 
1.02638 0.00604882 1.01494e-18 
1.02932 2.45241e-05 6.33032e-19 
1.03352 0.000938885 -7.62425e-19 
1.03362 0.00887573 0 
1.03004 0.00954883 -1.24096e-18 
0.0614632 1.64323 2.32174e-20 
0.0446045 1.57901 0 
0.0847283 1.69362 1.39799e-19 
0.0951376 1.67564 -1.23213e-19 
0.0878165 1.53336 3.42873e-20 
0.0860092 1.5216 0 
0.0109361 1.67786 0 
-0.00286166 1.48389 1.13124e-21 
-0.000370508 1.42944 -1.01689e-21 
-0.00328481 1.54142 6.04684e-21 
0.00348252 1.87712 5.67861e-22 
-0.00790905 1.93162 3.15386e-21 
0.499589 1.36945 -2.77131e-19 
0.492901 1.37249 3.04283e-19 
0.450514 1.30077 -3.33087e-20 
0.438125 1.29378 7.94949e-21 
0.633912 1.30405 0 
0.548402 1.3929 9.98095e-20 
0.564126 1.39929 -9.71972e-20 
0.462427 1.28761 3.23876e-20 
0.519015 1.24194 0 
0.571334 1.20789 0 
0.656276 2.4192 5.81968e-19 
0.671099 2.45957 1.2693e-18 
0.715851 2.47014 -8.74281e-19 
0.612482 2.44469 -2.02907e-19 
0.561192 2.53584 2.84932e-19 
0.509862 2.50962 -7.60036e-19 
0.97834 2.3797 -5.81558e-19 
1.01386 2.39231 0 
0.925913 2.17273 -6.71469e-19 
1.05486 2.67962 0 
1.05715 2.66639 0 
0.606513 2.26621 -1.20914e-19 
1.04058 3.15845 1.33079e-19 
0.911431 3.02877 -3.68717e-20 
0.274481 0.882254 0 
0.307094 0.734266 -3.19456e-19 
0.472667 0.691825 -3.22204e-19 
0.383962 2.01194 0 
0.464663 2.78223 -4.95001e-20 
0.419517 2.54549 0 
0.702529 0.669138 -8.52744e-19 
0.783991 0.677858 1.15307e-18 
0.80538 0.621478 -1.14019e-18 
0.681285 0.632278 -1.09918e-19 
0.736186 0.588969 -4.53034e-19 
1.00359 2.75989 -1.01202e-19 
1.04268 2.8181 -1.65165e-19 
0.636487 2.13555 6.80645e-19 
0.592049 1.70499 -4.85278e-19 
0.698169 1.89945 -4.07462e-19 
0.989636 2.44336 -1.13907e-19 
0.995593 2.43571 2.98053e-19 
0.656674 1.83512 2.82376e-20 
0.44845 1.32576 1.45835e-19 
))
(300 (2 10 3 0 0 919 1018)(
0 0 0 
0 0 0 
0 0 0 
0 0 0 
0 0 0 
0 0 0 
0 0 0 
0 0 0 
0 0 0 
0 0 0 
0 0 0 
0 0 0 
0 0 0 
0 0 0 
0 0 0 
0 0 0 
0 0 0 
0 0 0 
0 0 0 
0 0 0 
0 0 0 
0 0 0 
0 0 0 
0 0 0 
0 0 0 
0 0 0 
0 0 0 
0 0 0 
0 0 0 
0 0 0 
0 0 0 
0 0 0 
0 0 0 
0 0 0 
0 0 0 
0 0 0 
0 0 0 
0 0 0 
0 0 0 
0 0 0 
0 0 0 
0 0 0 
0 0 0 
0 0 0 
0 0 0 
0 0 0 
0 0 0 
0 0 0 
0 0 0 
0 0 0 
0 0 0 
0 0 0 
0 0 0 
0 0 0 
0 0 0 
0 0 0 
0 0 0 
0 0 0 
0 0 0 
0 0 0 
0 0 0 
0 0 0 
0 0 0 
0 0 0 
0 0 0 
0 0 0 
0 0 0 
0 0 0 
0 0 0 
0 0 0 
0 0 0 
0 0 0 
0 0 0 
0 0 0 
0 0 0 
0 0 0 
0 0 0 
0 0 0 
0 0 0 
0 0 0 
0 0 0 
0 0 0 
0 0 0 
0 0 0 
0 0 0 
0 0 0 
0 0 0 
0 0 0 
0 0 0 
0 0 0 
0 0 0 
0 0 0 
0 0 0 
0 0 0 
0 0 0 
0 0 0 
0 0 0 
0 0 0 
0 0 0 
0 0 0 
))
(300 (2 11 3 0 0 1019 1026)(
1 0 0 
1 0 0 
1 0 0 
1 0 0 
1 0 0 
1 0 0 
1 0 0 
1 0 0 
))
(300 (2 12 3 0 0 1027 1030)(
0 3 0 
0 3 0 
0 3 0 
0 3 0 
))
(300 (2 13 3 0 0 1031 1038)(
0.00823159 0.871806 0 
-0.0114042 2.06659 3.48385e-20 
-0.0102371 1.17461 0 
-0.0122209 2.60658 0 
-0.0195559 1.98839 0 
0.00650003 1.37209 0 
-0.00965722 1.52692 0 
-0.0161972 2.3981 0 
))
(300 (2 14 3 0 0 1039 1072)(
0 0 0 
0 0 0 
0 0 0 
0 0 0 
0 0 0 
0 0 0 
0 0 0 
0 0 0 
0 0 0 
0 0 0 
0 0 0 
0 0 0 
0 0 0 
0 0 0 
0 0 0 
0 0 0 
0 0 0 
0 0 0 
0 0 0 
0 0 0 
0 0 0 
0 0 0 
0 0 0 
0 0 0 
0 0 0 
0 0 0 
0 0 0 
0 0 0 
0 0 0 
0 0 0 
0 0 0 
0 0 0 
0 0 0 
0 0 0 
))
(300 (2 15 3 0 0 1073 1072)(
))
