(0 "FOAM to Fluent data File")

(33 (918 3444 1074))
(300 (1 1 1 0 0 1 918)(
0.557439
1.17904
0.00130829
0.556897
-0.0125539
1.14603
-0.512122
0.653756
0.537644
-0.106863
-0.055405
0.540001
1.00683
0.772809
-1.12369
-0.0113516
0.65183
-0.381858
0.536766
-0.0625844
0.682955
0.544179
0.547203
0.53778
0.597343
0.745558
0.888137
0.0263603
0.0105918
0.00606279
-0.0119723
-0.0387056
-0.0328412
1.02967
1.08076
1.10347
0.505368
0.334018
-0.377695
-0.451055
-0.437577
-0.542827
0.654091
0.654377
-0.215124
0.656039
0.656136
0.524654
0.537014
0.537926
0.53894
0.537928
0.539306
0.403332
-0.10776
-0.139141
-0.0874628
-0.0808445
0.0512736
-0.0557735
-0.0579493
-0.0541026
-0.0531607
0.454459
0.534356
0.530791
0.544306
0.5535
1.11859
1.09051
1.11666
1.03036
1.04682
0.984799
0.957453
0.79324
0.815341
0.758531
0.744231
-1.55418
-2.50298
-0.535124
-0.285074
-0.0105976
-0.00943033
-0.00401862
0.649179
0.650314
0.651351
0.653162
1.07913
-0.379259
-0.480369
0.536909
0.535721
0.544032
0.544734
0.540755
0.539844
-0.0536184
-0.050532
-0.0527797
-0.0580408
-0.0561872
0.665054
0.667626
0.538307
0.535309
0.561063
0.581526
0.571634
0.277369
0.608423
0.624451
0.579891
0.738801
0.732751
0.741507
0.86175
0.825979
0.924995
0.948123
0.0177591
-0.000159942
-0.0158073
-0.0196968
-0.0185054
0.501195
0.493728
0.521416
0.508809
0.51132
0.250963
0.117896
0.418847
0.443637
-0.297219
-0.364665
-0.430008
-0.460535
-0.568404
0.613489
0.654664
0.65343
-0.224592
-0.152897
-0.286818
-0.0797896
-0.142977
0.514904
0.521929
0.516921
0.532492
0.526954
0.528919
0.541288
0.538357
0.539917
0.465412
0.588897
0.329603
0.294088
-0.242964
-0.154544
-0.242342
-0.0707662
-0.0683767
0.0653136
0.0910055
0.0379476
0.0261404
-0.0645047
-0.0593306
-0.0617016
-0.0520584
-0.0514754
0.447183
0.435919
0.467162
0.474732
0.520669
0.522186
0.526701
0.52473
0.908202
0.93061
0.938175
0.911851
-3.48994
-6.26704
0.0385704
0.174446
-0.00668183
-0.00935404
0.00202004
-0.00596751
0.000100537
-0.00203295
-0.00904554
-0.0103985
-0.00529776
-0.00403924
0.643682
0.644641
1.00156
1.00886
0.976876
0.929818
0.525147
0.52721
0.532698
0.528584
-0.0504982
-0.0499744
-0.0498086
0.65841
0.662645
0.660712
0.238703
0.148604
0.328635
0.357905
0.637182
0.626209
0.635534
0.640635
0.677399
0.955539
0.973761
0.971955
0.980281
1.02426
1.04061
1.00607
0.480583
0.490597
0.485526
0.524346
0.522193
0.523057
0.519527
0.52046
0.518712
-0.0322761
-0.411546
0.491091
0.507644
0.493304
0.495407
0.69357
0.772126
0.652569
0.653589
0.653422
-0.010177
-0.068691
0.249175
0.214914
0.386509
0.423053
0.401952
0.879564
0.839579
0.889852
0.863037
0.824268
0.850427
-0.363166
-1.8599
-0.980582
0.523011
0.337994
0.425173
0.00792423
-0.00864484
-0.00415068
1.00161
1.07362
0.644697
0.819711
0.822169
0.711347
0.739796
0.80033
0.727135
0.761295
0.794131
0.771576
0.569365
0.504279
0.520544
0.841047
0.896617
0.118091
0.0558662
0.012128
0.110079
0.167623
0.141569
1.03354
0.950154
1.02016
0.535071
0.535795
-0.00542008
-0.0181909
0.540051
0.540107
-0.0127867
-0.00189352
0.407593
-0.831483
0.0962736
0.528646
0.518509
0.535662
-0.0928363
0.354788
-0.0560541
0.0465966
-0.0101542
0.530057
0.465597
0.424611
-7.12398e-05
-0.0204787
-0.0528744
-0.213238
0.532741
0.531045
0.535129
0.536067
0.53675
-0.0191133
-0.014869
-0.0103615
-0.049551
-0.0420293
-0.0548729
0.499531
0.518979
-0.171283
0.535277
0.537414
0.537231
0.530503
0.536129
0.534384
-0.0111672
-0.0159683
-0.0183089
0.218558
0.351466
0.645606
0.730979
0.618703
0.395149
0.160882
0.549789
0.612245
0.518904
0.671387
0.650096
0.652207
0.161764
0.0112898
0.170828
0.112699
0.526513
0.52525
0.51676
0.513716
0.53053
0.528647
0.533203
0.530231
0.533181
0.534559
-0.0494896
-0.0753488
-0.0849712
-0.151532
0.309577
0.570597
0.254244
0.283524
0.140875
-0.0497981
-0.0516735
-0.0532869
-0.0602262
0.000215327
-0.0259689
0.0412559
0.0413987
0.0131985
-0.0125652
-0.0102165
-0.0213209
-0.0154259
0.523329
0.523345
0.527731
0.536449
0.475275
0.479064
0.443822
0.46464
0.44984
0.388386
0.423876
0.399017
-0.00605997
0.00229655
-0.00289194
-0.0185839
-0.0152807
-0.0344403
-0.0314295
-0.0270232
-0.0226809
-0.0295499
-0.0472891
-0.0504533
-0.171254
-0.287127
0.988175
0.908438
0.137788
0.521883
0.528345
0.525102
0.530041
0.533169
0.533963
0.531667
0.528213
0.519219
0.520722
0.517416
0.518444
-0.102345
-0.244226
-0.0725464
-0.147697
0.146078
0.62826
0.363354
0.298367
0.293816
0.523214
0.914621
0.697064
0.664294
0.659628
-0.344258
0.0438134
-0.280814
0.333177
0.161251
0.646791
0.694303
0.714129
0.663636
0.617518
-0.0994447
0.556097
-0.0757117
-0.0230338
0.179056
0.0538418
0.654736
0.638681
0.646156
0.645906
0.657535
0.640739
0.622436
0.622879
0.64156
0.647123
0.48151
0.249194
0.199596
0.161132
0.643208
0.514741
0.563398
0.488783
0.521859
0.524367
0.523025
0.504371
0.51197
0.507483
0.51404
0.517704
0.526253
0.52674
0.521983
0.524112
-0.0559958
-0.0619705
-0.025504
-0.135564
-0.128202
-0.190459
-0.0594075
0.0744717
0.036148
0.237117
0.3404
0.0517304
-0.0570527
-0.0298598
0.0125234
0.179697
0.208499
0.0736743
0.161029
0.152676
0.133546
0.236499
0.239733
-0.0310592
-0.0322951
-0.0373178
-0.0401572
0.0177751
0.0891698
0.0985328
-0.00915654
-0.0143457
-0.0479598
-0.0484708
-0.0233676
-0.0283767
-0.0235161
0.00384855
-0.0530779
-0.020871
-0.0070838
-0.00697694
-0.00695046
-0.0124547
0.51818
0.519891
0.520135
0.52852
0.540628
0.555308
0.521586
0.497535
0.488303
0.491314
0.464262
0.474533
0.4704
0.483959
0.505157
0.513773
0.512055
0.514869
0.497194
0.498976
0.48545
0.489084
0.464287
0.444825
0.432814
-0.0429546
-0.00455059
-0.0127162
-0.0383313
-0.00877552
-0.0206817
-0.0122457
0.00702922
-0.00971574
-0.0107727
-0.0210279
-0.0273473
-0.0268727
-0.0731654
0.0136934
-0.185074
-0.220169
-0.293646
0.890414
1.01464
0.809363
0.582142
0.602835
0.846417
0.930537
0.542426
0.73486
0.757986
0.588216
0.855221
0.526736
0.526329
0.523929
0.523408
0.52463
-0.00687849
0.0999042
0.097051
0.161231
0.27786
0.389265
0.321135
0.19551
0.325357
0.327788
0.621205
0.633251
0.588981
0.612906
0.613645
0.425071
0.500682
0.552445
0.513623
0.565894
0.587687
0.541399
0.574598
0.523674
0.479013
0.475178
0.424722
0.444341
0.419823
0.40295
0.516663
0.493713
0.504515
0.494844
0.51639
0.543615
0.540697
0.562726
0.577862
0.498061
0.453001
0.462389
0.49258
0.454075
0.469647
0.485531
0.234071
0.13646
0.219175
-0.0654437
0.00434732
-0.00781131
-0.0566703
-0.00488427
0.279182
-0.411181
-0.38817
-1.01452
0.505239
0.952888
0.583339
0.560735
0.658946
0.646373
0.652804
0.669621
0.665299
0.631733
0.640397
0.645094
0.592509
0.61338
0.631998
0.627865
0.524406
0.380539
0.380575
0.327599
0.197833
0.238038
0.433524
0.35792
0.283167
0.283238
0.4562
0.342511
0.412962
0.445694
0.376897
0.331649
0.534646
0.60104
0.593986
0.567808
0.477413
0.489288
0.51387
0.547308
0.570633
0.60388
0.513477
0.519431
0.520663
0.51813
0.515393
0.518503
0.518791
0.521391
0.521959
0.524994
0.524075
-0.0529028
-0.0389982
-0.0505119
-0.0622901
-0.0182095
-0.0210183
0.0225525
0.0104195
-0.0162829
-0.0121204
-0.0334911
-0.0374838
-0.0342507
-0.0265852
0.102742
0.115407
0.100292
0.059975
0.250304
0.380309
0.454583
0.329399
0.223689
0.24815
0.266728
-0.0132751
0.0125048
-6.55532e-05
0.0392584
0.0312726
-0.0404746
-0.0446337
-0.040804
-0.0323209
-0.0242833
-0.0409352
-0.0465787
-0.0372479
-0.0420817
-0.0451691
-0.0493306
0.49981
0.49329
0.494876
0.488808
0.487534
0.501778
0.506097
0.508045
0.513486
0.515845
0.505891
0.511299
0.515292
-0.0131599
-0.0362817
-0.0396099
-0.0316554
-0.0330973
-0.0304661
-0.0320887
0.123992
0.0550227
0.0587172
0.0114621
-0.121244
-0.0631677
0.49284
0.491659
0.480728
0.721796
0.570994
0.492057
0.589253
0.694886
0.276906
0.473278
0.308637
0.888636
0.785542
0.931774
0.542483
0.246791
0.411882
0.453539
0.267698
0.344002
0.324071
0.213282
0.243899
0.282788
0.381413
0.266962
0.244027
0.000383864
0.19143
0.302827
0.284755
0.408873
0.469339
0.26826
0.187831
0.142724
0.605303
0.62511
0.638493
0.610496
0.633078
0.581722
0.573824
0.589139
0.597145
0.591153
-0.742873
-0.44908
-1.39637
-0.720169
-0.264092
0.535797
0.508987
0.76992
0.644999
0.677131
0.66156
0.621346
0.591596
0.617222
0.638733
0.338729
0.449216
0.424351
0.430421
0.333339
0.263308
0.56183
0.559454
0.592274
0.616244
0.58822
0.618545
0.511281
0.511004
0.510472
0.506708
0.504966
0.507317
0.058228
0.0255766
0.0668569
0.0490342
0.0267663
0.0151703
-0.0130194
-0.0231861
-0.0296876
-0.0289048
-0.0144065
-0.0104649
0.173058
0.110019
0.030427
0.0591778
-0.00175492
-0.0702454
-0.0896195
0.0163291
0.112543
0.10272
0.405823
0.654871
0.47496
0.642414
0.485303
0.540952
0.469023
0.460133
0.484959
0.380738
0.461205
0.25337
-0.255196
-0.164509
0.795838
0.805999
0.58146
0.40755
0.174893
0.351363
0.540201
0.469403
0.504806
0.573879
0.560639
0.032185
0.0888496
0.378696
0.605435
0.242525
0.2334
0.226797
0.412081
0.329737
))
(300 (1 10 1 0 0 919 1018)(
0.557439
1.17904
0.00130829
0.556897
1.14603
-0.512122
0.653756
-0.106863
-0.055405
0.540001
1.00683
0.772809
-1.12369
0.65183
-0.381858
0.536766
-0.0625844
0.682955
0.53778
0.597343
0.745558
0.888137
0.0263603
1.02967
0.505368
-0.451055
-0.542827
0.654377
-0.215124
0.656136
0.524654
-0.139141
-0.0808445
-0.0579493
-0.0531607
0.454459
0.530791
0.5535
1.04682
0.957453
0.815341
0.744231
-2.50298
-0.285074
0.650314
0.653162
-0.480369
0.535721
0.539844
-0.050532
-0.0561872
0.667626
0.535309
0.571634
0.277369
0.624451
0.579891
0.741507
0.825979
0.948123
0.493728
0.521416
0.51132
-0.364665
-0.568404
0.65343
-0.286818
-0.142977
0.516921
0.528919
-0.242342
-0.0683767
-0.0617016
-0.0514754
0.435919
0.474732
0.520669
0.52473
0.911851
0.174446
0.644641
0.525147
0.528584
-0.0498086
0.660712
0.148604
0.357905
0.635534
0.677399
0.980281
0.485526
0.523057
0.518712
0.653422
-0.068691
0.401952
0.863037
0.425173
0.761295
0.012128
))
(300 (1 11 1 0 0 919 926)(
0.557439
0.556897
0.537644
0.544179
0.537926
0.539306
0.544032
0.539917
))
(300 (1 12 1 0 0 919 922)(
1.17904
1.14603
1.10347
1.11666
))
(300 (1 13 1 0 0 919 926)(
0
0
0
0
0
0
0
0
))
(300 (1 14 1 0 0 919 952)(
-0.0125539
-0.0113516
-0.0328412
0.334018
0.403332
0.0512736
-0.00401862
1.07913
-0.0185054
0.117896
0.443637
0.613489
0.588897
0.294088
0.0910055
0.0261404
-6.26704
-0.00904554
-0.00403924
1.00886
0.929818
-0.411546
0.491091
0.495407
0.772126
0.214914
-0.980582
-0.00415068
1.07362
0.822169
0.520544
0.896617
0.141569
1.02016
))
(300 (1 15 1 0 0 919 2754)(
0.557439
0.557439
1.17904
1.17904
0.00130829
0.00130829
0.556897
0.556897
-0.0125539
-0.0125539
1.14603
1.14603
-0.512122
-0.512122
0.653756
0.653756
0.537644
0.537644
-0.106863
-0.106863
-0.055405
-0.055405
0.540001
0.540001
1.00683
1.00683
0.772809
0.772809
-1.12369
-1.12369
-0.0113516
-0.0113516
0.65183
0.65183
-0.381858
-0.381858
0.536766
0.536766
-0.0625844
-0.0625844
0.682955
0.682955
0.544179
0.544179
0.547203
0.547203
0.53778
0.53778
0.597343
0.597343
0.745558
0.745558
0.888137
0.888137
0.0263603
0.0263603
0.0105918
0.0105918
0.00606279
0.00606279
-0.0119723
-0.0119723
-0.0387056
-0.0387056
-0.0328412
-0.0328412
1.02967
1.02967
1.08076
1.08076
1.10347
1.10347
0.505368
0.505368
0.334018
0.334018
-0.377695
-0.377695
-0.451055
-0.451055
-0.437577
-0.437577
-0.542827
-0.542827
0.654091
0.654091
0.654377
0.654377
-0.215124
-0.215124
0.656039
0.656039
0.656136
0.656136
0.524654
0.524654
0.537014
0.537014
0.537926
0.537926
0.53894
0.53894
0.537928
0.537928
0.539306
0.539306
0.403332
0.403332
-0.10776
-0.10776
-0.139141
-0.139141
-0.0874628
-0.0874628
-0.0808445
-0.0808445
0.0512736
0.0512736
-0.0557735
-0.0557735
-0.0579493
-0.0579493
-0.0541026
-0.0541026
-0.0531607
-0.0531607
0.454459
0.454459
0.534356
0.534356
0.530791
0.530791
0.544306
0.544306
0.5535
0.5535
1.11859
1.11859
1.09051
1.09051
1.11666
1.11666
1.03036
1.03036
1.04682
1.04682
0.984799
0.984799
0.957453
0.957453
0.79324
0.79324
0.815341
0.815341
0.758531
0.758531
0.744231
0.744231
-1.55418
-1.55418
-2.50298
-2.50298
-0.535124
-0.535124
-0.285074
-0.285074
-0.0105976
-0.0105976
-0.00943033
-0.00943033
-0.00401862
-0.00401862
0.649179
0.649179
0.650314
0.650314
0.651351
0.651351
0.653162
0.653162
1.07913
1.07913
-0.379259
-0.379259
-0.480369
-0.480369
0.536909
0.536909
0.535721
0.535721
0.544032
0.544032
0.544734
0.544734
0.540755
0.540755
0.539844
0.539844
-0.0536184
-0.0536184
-0.050532
-0.050532
-0.0527797
-0.0527797
-0.0580408
-0.0580408
-0.0561872
-0.0561872
0.665054
0.665054
0.667626
0.667626
0.538307
0.538307
0.535309
0.535309
0.561063
0.561063
0.581526
0.581526
0.571634
0.571634
0.277369
0.277369
0.608423
0.608423
0.624451
0.624451
0.579891
0.579891
0.738801
0.738801
0.732751
0.732751
0.741507
0.741507
0.86175
0.86175
0.825979
0.825979
0.924995
0.924995
0.948123
0.948123
0.0177591
0.0177591
-0.000159942
-0.000159942
-0.0158073
-0.0158073
-0.0196968
-0.0196968
-0.0185054
-0.0185054
0.501195
0.501195
0.493728
0.493728
0.521416
0.521416
0.508809
0.508809
0.51132
0.51132
0.250963
0.250963
0.117896
0.117896
0.418847
0.418847
0.443637
0.443637
-0.297219
-0.297219
-0.364665
-0.364665
-0.430008
-0.430008
-0.460535
-0.460535
-0.568404
-0.568404
0.613489
0.613489
0.654664
0.654664
0.65343
0.65343
-0.224592
-0.224592
-0.152897
-0.152897
-0.286818
-0.286818
-0.0797896
-0.0797896
-0.142977
-0.142977
0.514904
0.514904
0.521929
0.521929
0.516921
0.516921
0.532492
0.532492
0.526954
0.526954
0.528919
0.528919
0.541288
0.541288
0.538357
0.538357
0.539917
0.539917
0.465412
0.465412
0.588897
0.588897
0.329603
0.329603
0.294088
0.294088
-0.242964
-0.242964
-0.154544
-0.154544
-0.242342
-0.242342
-0.0707662
-0.0707662
-0.0683767
-0.0683767
0.0653136
0.0653136
0.0910055
0.0910055
0.0379476
0.0379476
0.0261404
0.0261404
-0.0645047
-0.0645047
-0.0593306
-0.0593306
-0.0617016
-0.0617016
-0.0520584
-0.0520584
-0.0514754
-0.0514754
0.447183
0.447183
0.435919
0.435919
0.467162
0.467162
0.474732
0.474732
0.520669
0.520669
0.522186
0.522186
0.526701
0.526701
0.52473
0.52473
0.908202
0.908202
0.93061
0.93061
0.938175
0.938175
0.911851
0.911851
-3.48994
-3.48994
-6.26704
-6.26704
0.0385704
0.0385704
0.174446
0.174446
-0.00668183
-0.00668183
-0.00935404
-0.00935404
0.00202004
0.00202004
-0.00596751
-0.00596751
0.000100537
0.000100537
-0.00203295
-0.00203295
-0.00904554
-0.00904554
-0.0103985
-0.0103985
-0.00529776
-0.00529776
-0.00403924
-0.00403924
0.643682
0.643682
0.644641
0.644641
1.00156
1.00156
1.00886
1.00886
0.976876
0.976876
0.929818
0.929818
0.525147
0.525147
0.52721
0.52721
0.532698
0.532698
0.528584
0.528584
-0.0504982
-0.0504982
-0.0499744
-0.0499744
-0.0498086
-0.0498086
0.65841
0.65841
0.662645
0.662645
0.660712
0.660712
0.238703
0.238703
0.148604
0.148604
0.328635
0.328635
0.357905
0.357905
0.637182
0.637182
0.626209
0.626209
0.635534
0.635534
0.640635
0.640635
0.677399
0.677399
0.955539
0.955539
0.973761
0.973761
0.971955
0.971955
0.980281
0.980281
1.02426
1.02426
1.04061
1.04061
1.00607
1.00607
0.480583
0.480583
0.490597
0.490597
0.485526
0.485526
0.524346
0.524346
0.522193
0.522193
0.523057
0.523057
0.519527
0.519527
0.52046
0.52046
0.518712
0.518712
-0.0322761
-0.0322761
-0.411546
-0.411546
0.491091
0.491091
0.507644
0.507644
0.493304
0.493304
0.495407
0.495407
0.69357
0.69357
0.772126
0.772126
0.652569
0.652569
0.653589
0.653589
0.653422
0.653422
-0.010177
-0.010177
-0.068691
-0.068691
0.249175
0.249175
0.214914
0.214914
0.386509
0.386509
0.423053
0.423053
0.401952
0.401952
0.879564
0.879564
0.839579
0.839579
0.889852
0.889852
0.863037
0.863037
0.824268
0.824268
0.850427
0.850427
-0.363166
-0.363166
-1.8599
-1.8599
-0.980582
-0.980582
0.523011
0.523011
0.337994
0.337994
0.425173
0.425173
0.00792423
0.00792423
-0.00864484
-0.00864484
-0.00415068
-0.00415068
1.00161
1.00161
1.07362
1.07362
0.644697
0.644697
0.819711
0.819711
0.822169
0.822169
0.711347
0.711347
0.739796
0.739796
0.80033
0.80033
0.727135
0.727135
0.761295
0.761295
0.794131
0.794131
0.771576
0.771576
0.569365
0.569365
0.504279
0.504279
0.520544
0.520544
0.841047
0.841047
0.896617
0.896617
0.118091
0.118091
0.0558662
0.0558662
0.012128
0.012128
0.110079
0.110079
0.167623
0.167623
0.141569
0.141569
1.03354
1.03354
0.950154
0.950154
1.02016
1.02016
0.535071
0.535071
0.535795
0.535795
-0.00542008
-0.00542008
-0.0181909
-0.0181909
0.540051
0.540051
0.540107
0.540107
-0.0127867
-0.0127867
-0.00189352
-0.00189352
0.407593
0.407593
-0.831483
-0.831483
0.0962736
0.0962736
0.528646
0.528646
0.518509
0.518509
0.535662
0.535662
-0.0928363
-0.0928363
0.354788
0.354788
-0.0560541
-0.0560541
0.0465966
0.0465966
-0.0101542
-0.0101542
0.530057
0.530057
0.465597
0.465597
0.424611
0.424611
-7.12398e-05
-7.12398e-05
-0.0204787
-0.0204787
-0.0528744
-0.0528744
-0.213238
-0.213238
0.532741
0.532741
0.531045
0.531045
0.535129
0.535129
0.536067
0.536067
0.53675
0.53675
-0.0191133
-0.0191133
-0.014869
-0.014869
-0.0103615
-0.0103615
-0.049551
-0.049551
-0.0420293
-0.0420293
-0.0548729
-0.0548729
0.499531
0.499531
0.518979
0.518979
-0.171283
-0.171283
0.535277
0.535277
0.537414
0.537414
0.537231
0.537231
0.530503
0.530503
0.536129
0.536129
0.534384
0.534384
-0.0111672
-0.0111672
-0.0159683
-0.0159683
-0.0183089
-0.0183089
0.218558
0.218558
0.351466
0.351466
0.645606
0.645606
0.730979
0.730979
0.618703
0.618703
0.395149
0.395149
0.160882
0.160882
0.549789
0.549789
0.612245
0.612245
0.518904
0.518904
0.671387
0.671387
0.650096
0.650096
0.652207
0.652207
0.161764
0.161764
0.0112898
0.0112898
0.170828
0.170828
0.112699
0.112699
0.526513
0.526513
0.52525
0.52525
0.51676
0.51676
0.513716
0.513716
0.53053
0.53053
0.528647
0.528647
0.533203
0.533203
0.530231
0.530231
0.533181
0.533181
0.534559
0.534559
-0.0494896
-0.0494896
-0.0753488
-0.0753488
-0.0849712
-0.0849712
-0.151532
-0.151532
0.309577
0.309577
0.570597
0.570597
0.254244
0.254244
0.283524
0.283524
0.140875
0.140875
-0.0497981
-0.0497981
-0.0516735
-0.0516735
-0.0532869
-0.0532869
-0.0602262
-0.0602262
0.000215327
0.000215327
-0.0259689
-0.0259689
0.0412559
0.0412559
0.0413987
0.0413987
0.0131985
0.0131985
-0.0125652
-0.0125652
-0.0102165
-0.0102165
-0.0213209
-0.0213209
-0.0154259
-0.0154259
0.523329
0.523329
0.523345
0.523345
0.527731
0.527731
0.536449
0.536449
0.475275
0.475275
0.479064
0.479064
0.443822
0.443822
0.46464
0.46464
0.44984
0.44984
0.388386
0.388386
0.423876
0.423876
0.399017
0.399017
-0.00605997
-0.00605997
0.00229655
0.00229655
-0.00289194
-0.00289194
-0.0185839
-0.0185839
-0.0152807
-0.0152807
-0.0344403
-0.0344403
-0.0314295
-0.0314295
-0.0270232
-0.0270232
-0.0226809
-0.0226809
-0.0295499
-0.0295499
-0.0472891
-0.0472891
-0.0504533
-0.0504533
-0.171254
-0.171254
-0.287127
-0.287127
0.988175
0.988175
0.908438
0.908438
0.137788
0.137788
0.521883
0.521883
0.528345
0.528345
0.525102
0.525102
0.530041
0.530041
0.533169
0.533169
0.533963
0.533963
0.531667
0.531667
0.528213
0.528213
0.519219
0.519219
0.520722
0.520722
0.517416
0.517416
0.518444
0.518444
-0.102345
-0.102345
-0.244226
-0.244226
-0.0725464
-0.0725464
-0.147697
-0.147697
0.146078
0.146078
0.62826
0.62826
0.363354
0.363354
0.298367
0.298367
0.293816
0.293816
0.523214
0.523214
0.914621
0.914621
0.697064
0.697064
0.664294
0.664294
0.659628
0.659628
-0.344258
-0.344258
0.0438134
0.0438134
-0.280814
-0.280814
0.333177
0.333177
0.161251
0.161251
0.646791
0.646791
0.694303
0.694303
0.714129
0.714129
0.663636
0.663636
0.617518
0.617518
-0.0994447
-0.0994447
0.556097
0.556097
-0.0757117
-0.0757117
-0.0230338
-0.0230338
0.179056
0.179056
0.0538418
0.0538418
0.654736
0.654736
0.638681
0.638681
0.646156
0.646156
0.645906
0.645906
0.657535
0.657535
0.640739
0.640739
0.622436
0.622436
0.622879
0.622879
0.64156
0.64156
0.647123
0.647123
0.48151
0.48151
0.249194
0.249194
0.199596
0.199596
0.161132
0.161132
0.643208
0.643208
0.514741
0.514741
0.563398
0.563398
0.488783
0.488783
0.521859
0.521859
0.524367
0.524367
0.523025
0.523025
0.504371
0.504371
0.51197
0.51197
0.507483
0.507483
0.51404
0.51404
0.517704
0.517704
0.526253
0.526253
0.52674
0.52674
0.521983
0.521983
0.524112
0.524112
-0.0559958
-0.0559958
-0.0619705
-0.0619705
-0.025504
-0.025504
-0.135564
-0.135564
-0.128202
-0.128202
-0.190459
-0.190459
-0.0594075
-0.0594075
0.0744717
0.0744717
0.036148
0.036148
0.237117
0.237117
0.3404
0.3404
0.0517304
0.0517304
-0.0570527
-0.0570527
-0.0298598
-0.0298598
0.0125234
0.0125234
0.179697
0.179697
0.208499
0.208499
0.0736743
0.0736743
0.161029
0.161029
0.152676
0.152676
0.133546
0.133546
0.236499
0.236499
0.239733
0.239733
-0.0310592
-0.0310592
-0.0322951
-0.0322951
-0.0373178
-0.0373178
-0.0401572
-0.0401572
0.0177751
0.0177751
0.0891698
0.0891698
0.0985328
0.0985328
-0.00915654
-0.00915654
-0.0143457
-0.0143457
-0.0479598
-0.0479598
-0.0484708
-0.0484708
-0.0233676
-0.0233676
-0.0283767
-0.0283767
-0.0235161
-0.0235161
0.00384855
0.00384855
-0.0530779
-0.0530779
-0.020871
-0.020871
-0.0070838
-0.0070838
-0.00697694
-0.00697694
-0.00695046
-0.00695046
-0.0124547
-0.0124547
0.51818
0.51818
0.519891
0.519891
0.520135
0.520135
0.52852
0.52852
0.540628
0.540628
0.555308
0.555308
0.521586
0.521586
0.497535
0.497535
0.488303
0.488303
0.491314
0.491314
0.464262
0.464262
0.474533
0.474533
0.4704
0.4704
0.483959
0.483959
0.505157
0.505157
0.513773
0.513773
0.512055
0.512055
0.514869
0.514869
0.497194
0.497194
0.498976
0.498976
0.48545
0.48545
0.489084
0.489084
0.464287
0.464287
0.444825
0.444825
0.432814
0.432814
-0.0429546
-0.0429546
-0.00455059
-0.00455059
-0.0127162
-0.0127162
-0.0383313
-0.0383313
-0.00877552
-0.00877552
-0.0206817
-0.0206817
-0.0122457
-0.0122457
0.00702922
0.00702922
-0.00971574
-0.00971574
-0.0107727
-0.0107727
-0.0210279
-0.0210279
-0.0273473
-0.0273473
-0.0268727
-0.0268727
-0.0731654
-0.0731654
0.0136934
0.0136934
-0.185074
-0.185074
-0.220169
-0.220169
-0.293646
-0.293646
0.890414
0.890414
1.01464
1.01464
0.809363
0.809363
0.582142
0.582142
0.602835
0.602835
0.846417
0.846417
0.930537
0.930537
0.542426
0.542426
0.73486
0.73486
0.757986
0.757986
0.588216
0.588216
0.855221
0.855221
0.526736
0.526736
0.526329
0.526329
0.523929
0.523929
0.523408
0.523408
0.52463
0.52463
-0.00687849
-0.00687849
0.0999042
0.0999042
0.097051
0.097051
0.161231
0.161231
0.27786
0.27786
0.389265
0.389265
0.321135
0.321135
0.19551
0.19551
0.325357
0.325357
0.327788
0.327788
0.621205
0.621205
0.633251
0.633251
0.588981
0.588981
0.612906
0.612906
0.613645
0.613645
0.425071
0.425071
0.500682
0.500682
0.552445
0.552445
0.513623
0.513623
0.565894
0.565894
0.587687
0.587687
0.541399
0.541399
0.574598
0.574598
0.523674
0.523674
0.479013
0.479013
0.475178
0.475178
0.424722
0.424722
0.444341
0.444341
0.419823
0.419823
0.40295
0.40295
0.516663
0.516663
0.493713
0.493713
0.504515
0.504515
0.494844
0.494844
0.51639
0.51639
0.543615
0.543615
0.540697
0.540697
0.562726
0.562726
0.577862
0.577862
0.498061
0.498061
0.453001
0.453001
0.462389
0.462389
0.49258
0.49258
0.454075
0.454075
0.469647
0.469647
0.485531
0.485531
0.234071
0.234071
0.13646
0.13646
0.219175
0.219175
-0.0654437
-0.0654437
0.00434732
0.00434732
-0.00781131
-0.00781131
-0.0566703
-0.0566703
-0.00488427
-0.00488427
0.279182
0.279182
-0.411181
-0.411181
-0.38817
-0.38817
-1.01452
-1.01452
0.505239
0.505239
0.952888
0.952888
0.583339
0.583339
0.560735
0.560735
0.658946
0.658946
0.646373
0.646373
0.652804
0.652804
0.669621
0.669621
0.665299
0.665299
0.631733
0.631733
0.640397
0.640397
0.645094
0.645094
0.592509
0.592509
0.61338
0.61338
0.631998
0.631998
0.627865
0.627865
0.524406
0.524406
0.380539
0.380539
0.380575
0.380575
0.327599
0.327599
0.197833
0.197833
0.238038
0.238038
0.433524
0.433524
0.35792
0.35792
0.283167
0.283167
0.283238
0.283238
0.4562
0.4562
0.342511
0.342511
0.412962
0.412962
0.445694
0.445694
0.376897
0.376897
0.331649
0.331649
0.534646
0.534646
0.60104
0.60104
0.593986
0.593986
0.567808
0.567808
0.477413
0.477413
0.489288
0.489288
0.51387
0.51387
0.547308
0.547308
0.570633
0.570633
0.60388
0.60388
0.513477
0.513477
0.519431
0.519431
0.520663
0.520663
0.51813
0.51813
0.515393
0.515393
0.518503
0.518503
0.518791
0.518791
0.521391
0.521391
0.521959
0.521959
0.524994
0.524994
0.524075
0.524075
-0.0529028
-0.0529028
-0.0389982
-0.0389982
-0.0505119
-0.0505119
-0.0622901
-0.0622901
-0.0182095
-0.0182095
-0.0210183
-0.0210183
0.0225525
0.0225525
0.0104195
0.0104195
-0.0162829
-0.0162829
-0.0121204
-0.0121204
-0.0334911
-0.0334911
-0.0374838
-0.0374838
-0.0342507
-0.0342507
-0.0265852
-0.0265852
0.102742
0.102742
0.115407
0.115407
0.100292
0.100292
0.059975
0.059975
0.250304
0.250304
0.380309
0.380309
0.454583
0.454583
0.329399
0.329399
0.223689
0.223689
0.24815
0.24815
0.266728
0.266728
-0.0132751
-0.0132751
0.0125048
0.0125048
-6.55532e-05
-6.55532e-05
0.0392584
0.0392584
0.0312726
0.0312726
-0.0404746
-0.0404746
-0.0446337
-0.0446337
-0.040804
-0.040804
-0.0323209
-0.0323209
-0.0242833
-0.0242833
-0.0409352
-0.0409352
-0.0465787
-0.0465787
-0.0372479
-0.0372479
-0.0420817
-0.0420817
-0.0451691
-0.0451691
-0.0493306
-0.0493306
0.49981
0.49981
0.49329
0.49329
0.494876
0.494876
0.488808
0.488808
0.487534
0.487534
0.501778
0.501778
0.506097
0.506097
0.508045
0.508045
0.513486
0.513486
0.515845
0.515845
0.505891
0.505891
0.511299
0.511299
0.515292
0.515292
-0.0131599
-0.0131599
-0.0362817
-0.0362817
-0.0396099
-0.0396099
-0.0316554
-0.0316554
-0.0330973
-0.0330973
-0.0304661
-0.0304661
-0.0320887
-0.0320887
0.123992
0.123992
0.0550227
0.0550227
0.0587172
0.0587172
0.0114621
0.0114621
-0.121244
-0.121244
-0.0631677
-0.0631677
0.49284
0.49284
0.491659
0.491659
0.480728
0.480728
0.721796
0.721796
0.570994
0.570994
0.492057
0.492057
0.589253
0.589253
0.694886
0.694886
0.276906
0.276906
0.473278
0.473278
0.308637
0.308637
0.888636
0.888636
0.785542
0.785542
0.931774
0.931774
0.542483
0.542483
0.246791
0.246791
0.411882
0.411882
0.453539
0.453539
0.267698
0.267698
0.344002
0.344002
0.324071
0.324071
0.213282
0.213282
0.243899
0.243899
0.282788
0.282788
0.381413
0.381413
0.266962
0.266962
0.244027
0.244027
0.000383864
0.000383864
0.19143
0.19143
0.302827
0.302827
0.284755
0.284755
0.408873
0.408873
0.469339
0.469339
0.26826
0.26826
0.187831
0.187831
0.142724
0.142724
0.605303
0.605303
0.62511
0.62511
0.638493
0.638493
0.610496
0.610496
0.633078
0.633078
0.581722
0.581722
0.573824
0.573824
0.589139
0.589139
0.597145
0.597145
0.591153
0.591153
-0.742873
-0.742873
-0.44908
-0.44908
-1.39637
-1.39637
-0.720169
-0.720169
-0.264092
-0.264092
0.535797
0.535797
0.508987
0.508987
0.76992
0.76992
0.644999
0.644999
0.677131
0.677131
0.66156
0.66156
0.621346
0.621346
0.591596
0.591596
0.617222
0.617222
0.638733
0.638733
0.338729
0.338729
0.449216
0.449216
0.424351
0.424351
0.430421
0.430421
0.333339
0.333339
0.263308
0.263308
0.56183
0.56183
0.559454
0.559454
0.592274
0.592274
0.616244
0.616244
0.58822
0.58822
0.618545
0.618545
0.511281
0.511281
0.511004
0.511004
0.510472
0.510472
0.506708
0.506708
0.504966
0.504966
0.507317
0.507317
0.058228
0.058228
0.0255766
0.0255766
0.0668569
0.0668569
0.0490342
0.0490342
0.0267663
0.0267663
0.0151703
0.0151703
-0.0130194
-0.0130194
-0.0231861
-0.0231861
-0.0296876
-0.0296876
-0.0289048
-0.0289048
-0.0144065
-0.0144065
-0.0104649
-0.0104649
0.173058
0.173058
0.110019
0.110019
0.030427
0.030427
0.0591778
0.0591778
-0.00175492
-0.00175492
-0.0702454
-0.0702454
-0.0896195
-0.0896195
0.0163291
0.0163291
0.112543
0.112543
0.10272
0.10272
0.405823
0.405823
0.654871
0.654871
0.47496
0.47496
0.642414
0.642414
0.485303
0.485303
0.540952
0.540952
0.469023
0.469023
0.460133
0.460133
0.484959
0.484959
0.380738
0.380738
0.461205
0.461205
0.25337
0.25337
-0.255196
-0.255196
-0.164509
-0.164509
0.795838
0.795838
0.805999
0.805999
0.58146
0.58146
0.40755
0.40755
0.174893
0.174893
0.351363
0.351363
0.540201
0.540201
0.469403
0.469403
0.504806
0.504806
0.573879
0.573879
0.560639
0.560639
0.032185
0.032185
0.0888496
0.0888496
0.378696
0.378696
0.605435
0.605435
0.242525
0.242525
0.2334
0.2334
0.226797
0.226797
0.412081
0.412081
0.329737
0.329737
))
(300 (2 1 3 0 0 1 918)(
0.98516 -0.000507801 0 
0.00501546 2.96625 0 
0.00746725 0.886778 0 
0.979704 0.00214537 0 
-0.0122036 2.06405 3.74996e-20 
-0.00704751 2.9488 -2.45282e-18 
0.820759 1.16533 4.50355e-19 
0.0987483 0.0653853 -1.45881e-20 
0.999909 -0.000275766 0 
0.0665041 0.734541 0 
0.0113544 0.484503 0 
0.732173 0.00263935 0 
0.0110973 2.93037 0 
0.0029051 2.7948 0 
-0.0178086 3.14824 7.80576e-19 
-0.0213089 1.91778 9.76989e-21 
0.285522 0.0553634 1.01841e-18 
0.188853 1.14339 3.16836e-19 
0.962718 0.00501564 0 
0.00759296 0.461586 0 
-0.0136893 0.0564167 -6.83371e-19 
1.00197 -0.00497468 0 
1.00023 -0.00978384 0 
0.97574 -0.0064388 0 
0.598722 0.0288693 0 
0.0138717 2.64222 0 
-0.0147991 2.90995 9.01578e-19 
0.0108756 0.932843 0 
-0.0186345 1.18173 0 
0.013 0.916134 0 
-0.0144965 2.59005 0 
-0.00116915 2.11789 -2.99502e-20 
-0.0112176 1.89848 0 
-0.0206084 2.9876 -8.81159e-23 
-0.0166849 3.00529 1.90627e-18 
0.00210173 3.00018 0 
0.871444 -0.00965877 0 
0.402187 0.932107 1.80817e-19 
0.806774 1.17919 -5.14978e-19 
0.957943 1.02552 5.60014e-19 
0.67481 1.27099 -1.04532e-19 
0.675339 1.24478 6.00793e-19 
0.131318 0.119838 1.42308e-20 
0.13215 0.0555865 0 
1.1636 0.56468 0 
0.103505 0.0913904 6.44057e-20 
0.0677614 0.0474338 -6.68357e-20 
0.919921 -0.00745872 0 
1.00027 0.000162008 0 
0.999909 0.000338918 0 
1.00363 -0.0077582 0 
1.00096 -0.000919026 0 
1.00017 3.76943e-05 0 
0.0729467 1.82591 -7.7098e-19 
0.0325955 0.947597 0 
0.0981174 0.814585 0 
0.0148275 0.89657 0 
0.0417332 0.651247 0 
0.006841 2.01502 0 
-0.00312916 0.780561 0 
0.0126475 0.50229 0 
-0.00863404 0.775217 0 
0.0097791 0.472846 0 
0.842025 -0.015661 0 
0.84179 0.0278117 0 
0.759215 -0.000151482 0 
0.801064 0.0289505 0 
0.700849 0.0159986 0 
0.0146859 3.0004 9.09017e-19 
0.0114981 3.00803 0 
0.00611395 3.00276 0 
0.0135402 2.99735 1.03106e-23 
0.0079678 2.95848 -1.35102e-18 
0.0144866 2.98203 0 
0.0108467 2.90362 0 
0.0247429 2.93071 2.06013e-24 
0.00460471 2.82475 0 
0.0304291 2.91633 0 
-0.00531604 2.746 0 
0.304506 3.54035 0 
-0.131548 3.62089 0 
0.137444 3.23808 -7.26395e-19 
-0.0135601 2.9766 0 
-0.0256445 1.98613 0 
-0.00690641 2.17018 -9.63602e-21 
-0.0152771 1.92615 4.25186e-21 
0.339931 0.139981 -3.53723e-19 
0.316819 0.032361 -3.43751e-19 
0.294423 0.144518 -1.0587e-18 
0.247745 0.0626956 -6.87595e-19 
0.229512 0.984377 0 
0.272433 1.29364 -3.68387e-19 
0.366261 1.22823 6.14526e-19 
0.98743 0.00857497 0 
0.941846 0.00582481 0 
1.0003 0.000581384 0 
1.00286 0.00930995 0 
1.00301 0.00847275 -2.74641e-18 
0.991907 0.0096952 2.07399e-18 
-0.0111695 0.775199 0 
0.00924729 0.467898 0 
-0.0486774 1.00811 0 
-0.0280327 0.821412 0 
0.00401001 0.464815 0 
-0.0583862 0.0949774 2.11919e-19 
0.0498596 0.0558048 0 
0.993555 -0.00836927 0 
0.954471 -0.00653353 0 
0.744708 0.027946 0 
0.679455 0.0267229 0 
0.660542 0.0241554 0 
0.97217 -0.00717738 0 
0.589963 0.0731847 0 
0.454605 -0.00597993 1.5423e-18 
-0.0372427 2.86221 6.63256e-19 
0.0414359 2.90996 0 
0.0535418 2.88605 0 
-0.00438398 2.70075 0 
-0.0134411 2.98508 8.53279e-19 
-0.0178482 2.89494 0 
-0.0154323 2.98807 -2.64666e-18 
-0.0133165 2.92516 9.06113e-19 
-0.0309351 1.34775 0 
-0.00441777 1.37728 0 
-0.00715032 2.13555 5.09519e-22 
-0.00625165 2.09751 0 
-0.0234746 1.90552 0 
0.938683 -0.00736139 0 
0.857635 -0.00997608 0 
0.863221 0.00501564 0 
0.949654 -0.0077912 0 
0.884122 -0.00819907 0 
0.513473 1.12493 -2.2828e-19 
0.562648 1.17591 0 
0.366917 0.877167 3.36946e-20 
0.30969 0.735894 0 
0.919822 1.06204 -1.54634e-19 
1.03877 0.87179 3.15444e-19 
0.359276 1.35541 0 
0.527097 1.32655 0 
0.549425 1.26505 0 
0.121291 0.185178 -3.02933e-19 
0.162777 0.124208 0 
0.175914 0.0803578 1.90473e-19 
1.00961 0.926161 0 
1.08403 0.779974 0 
1.10927 0.721658 -2.51785e-19 
1.14299 0.624115 0 
1.19343 0.407662 5.75966e-20 
0.957795 -0.00868529 0 
0.962535 -0.0100229 0 
0.901793 -0.00798937 0 
0.984209 -0.0091413 0 
0.974723 -0.00932412 0 
0.937149 -0.00637507 0 
1.00019 0.0023407 0 
1.0009 0.00141594 0 
0.999909 0.000855938 0 
0.0355396 2.07273 4.27304e-19 
0.118638 1.76895 0 
0.0181432 2.1863 6.56566e-19 
0.0459779 1.88018 -5.47105e-19 
0.106403 1.14893 -2.59443e-19 
0.0493972 1.02799 0 
0.142978 0.980365 0 
0.00791265 0.85161 0 
0.0213013 0.58537 0 
-0.000779845 2.24161 -8.01467e-22 
0.0160516 2.01895 0 
-0.00166911 2.24407 -2.79152e-20 
0.00819808 2.02472 4.26451e-20 
0.00329271 0.821542 0 
0.00161678 0.795486 0 
0.0146251 0.535842 0 
-0.00945866 0.770448 0 
0.00447317 0.466587 0 
0.93876 0.0098424 0 
0.850742 -0.0145888 0 
0.927856 0.000480543 0 
0.842823 -0.0128643 0 
0.810939 -0.00202284 0 
0.898783 0.0220413 0 
0.874614 0.0255389 0 
0.784815 -0.00231056 0 
0.00578194 3.06496 -8.46571e-21 
0.0166617 3.05762 0 
0.0146777 2.96903 0 
0.00873807 2.87624 0 
0.919606 3.95194 0 
1.23275 3.28559 9.2506e-19 
0.0690435 3.0689 0 
-0.0293728 2.9017 0 
-0.00889379 1.39973 0 
-0.0309046 1.69701 0 
-0.0177357 1.53286 0 
-0.0301128 2.54875 -8.47594e-21 
-0.0138008 2.24113 0 
-0.0198659 2.38847 0 
-0.00124676 1.95248 7.69128e-22 
-0.00344825 2.24068 -8.40649e-21 
-0.00534771 2.20495 -4.49074e-21 
-0.00916642 1.93743 0 
0.392569 0.123173 5.4046e-19 
0.364817 0.0199847 -5.30328e-19 
0.258626 1.58539 0 
0.277914 0.757539 -3.1574e-19 
0.176894 1.6726 -1.04759e-18 
0.225821 1.22053 1.04987e-18 
0.901972 0.00628711 0 
0.967373 0.0111496 0 
0.974529 0.0108179 0 
0.923267 0.00639911 0 
-0.0107734 0.768274 0 
-0.0118988 0.769528 0 
0.00585409 0.462398 0 
0.0941678 0.0719333 5.94652e-19 
0.0878214 0.0537802 -7.03573e-19 
0.0479163 0.0414318 0 
1.10088 0.0868513 2.701e-20 
1.08292 0.0398612 0 
1.01443 0.040288 0 
0.90817 -0.0052079 0 
0.446104 0.104028 0 
0.506238 0.0869935 -2.46478e-18 
0.409038 0.0138721 9.21864e-19 
0.00864556 2.98118 7.14291e-19 
-0.0322924 2.86549 4.72441e-20 
0.00357676 3.05032 -1.79305e-20 
0.0201984 3.04329 6.37155e-19 
-0.0149937 2.99658 2.97633e-20 
-0.0129247 2.94944 -1.19762e-22 
-0.0172658 3.01194 -5.50997e-19 
0.0148754 3.02378 3.99228e-19 
0.00740155 3.03689 -6.31915e-19 
0.934193 -0.00116129 0 
0.939601 -0.00316011 0 
0.846192 -0.00945284 0 
0.956469 0.0120233 0 
0.942455 0.0135808 0 
0.881567 0.00557215 0 
0.915942 0.0185288 0 
0.925355 0.0157314 0 
0.838084 0.00110692 0 
0.715833 1.40185 3.87373e-20 
0.749118 1.51043 0 
0.18087 0.314284 7.06867e-20 
0.229325 0.669372 5.68638e-19 
0.262413 0.719989 -3.32239e-19 
0.262641 0.519615 6.6127e-19 
0.34659 0.812355 1.59396e-18 
0.140947 0.230712 3.76113e-19 
0.249533 0.14632 7.27377e-19 
0.205617 0.141274 1.88568e-19 
0.213303 0.0719095 3.56978e-19 
1.18238 0.465697 6.62997e-20 
1.19749 0.25799 6.14103e-20 
0.0103284 2.23477 2.52515e-19 
0.0402549 1.9483 0 
0.971388 0.0295406 0 
0.943836 0.0140424 0 
0.869737 -0.0177922 0 
0.0113206 3.07422 0 
0.0197388 2.94421 1.16597e-18 
0.016398 2.95631 0 
0.00642437 2.8505 -1.15644e-18 
0.00641342 3.09179 2.82909e-19 
0.0070194 3.08233 0 
0.781866 1.81165 -1.58246e-19 
1.2406 2.48673 4.01584e-19 
0.763787 1.95089 -1.22622e-18 
0.0194508 2.98049 -6.14228e-19 
0.0348833 2.99868 0 
-0.0348885 2.876 0 
-0.00381694 2.22382 -1.30395e-20 
-0.00296069 2.24489 1.33577e-20 
0.00146987 1.98712 -7.14466e-21 
0.27829 1.39479 1.02478e-18 
0.239374 0.552517 -7.02638e-19 
0.063719 1.99767 7.61588e-19 
0.135121 1.88406 -9.09308e-19 
0.180065 1.51185 9.50759e-20 
0.00578309 3.11811 -1.5736e-18 
0.0125468 3.11888 1.72076e-18 
-0.0093664 2.98045 7.85847e-19 
-0.00410494 2.97712 -7.41986e-19 
-0.021403 2.88066 -8.00373e-19 
0.00840107 3.09885 -2.10049e-18 
0.0015358 3.10616 2.11436e-18 
0.282825 0.696133 0 
0.249003 0.684842 -1.18311e-18 
0.095998 0.225207 5.25243e-19 
0.358082 0.939535 1.11381e-18 
0.19603 0.276785 -1.71731e-18 
1.18832 0.175848 6.23288e-20 
1.19785 0.312786 0 
1.17673 0.123342 -5.38059e-21 
0.00166709 2.25316 -1.45432e-21 
0.00503773 2.24472 0 
0.0246433 1.98423 0 
0.340026 1.30378 -3.67908e-19 
0.375076 1.15127 -8.00243e-19 
0.210737 0.378891 1.42711e-18 
1.00588 -0.0108251 0 
1.00767 -0.00763203 5.0663e-19 
-0.0260094 1.32855 0 
-0.0390205 1.32853 0 
1.00221 0.00351573 1.81253e-21 
1.00366 0.00947291 1.03448e-18 
-0.0185549 2.53332 1.07418e-20 
-0.0238133 2.57584 0 
0.0339052 3.17663 4.04554e-19 
0.38972 3.4829 0 
1.17751 0.665981 -5.61306e-20 
1.01285 0.0131477 -2.12916e-21 
1.02135 -0.0102739 0 
1.0017 0.00013134 7.86838e-23 
0.112435 1.37063 0 
0.143201 2.56734 0 
0.0322205 1.31724 0 
6.51821e-05 2.61812 2.68139e-20 
-0.0212042 2.5749 2.1248e-21 
0.998959 0.0308433 2.31978e-21 
1.06329 0.00482816 0 
1.09794 0.0253891 0 
-0.0294068 1.74029 0 
-0.0181523 2.5762 0 
-0.00742343 1.31619 0 
0.311326 1.48273 -1.68263e-19 
1.01131 -0.00961069 0 
1.0094 -0.0149146 0 
1.00237 0.000755467 6.47474e-19 
1.00547 -0.00479692 -7.61001e-19 
1.00118 -0.00096523 0 
-0.015724 1.46709 0 
-0.00662169 1.37902 0 
-0.00849656 1.42454 0 
-0.0114433 1.30356 0 
-0.0214488 1.29083 0 
-0.0127058 1.27393 0 
1.03509 -0.00600063 0 
1.0195 0.0156049 -9.31845e-22 
0.823074 1.27515 2.61706e-19 
1.00223 0.000322431 -6.44997e-19 
1.00406 0.00526464 7.55138e-19 
1.00118 0.00207754 0 
1.01272 0.0103718 6.41941e-19 
1.00798 0.00831691 -7.77798e-19 
1.00856 0.0146992 0 
-0.0233458 2.60388 0 
-0.0254538 2.58339 -1.93195e-20 
-0.0227356 2.59752 1.36979e-20 
1.23902 0.269205 5.78634e-19 
1.16327 0.0875598 0 
0.039494 3.07836 -9.04817e-19 
0.0648789 2.85686 -6.58155e-20 
0.138263 3.19189 1.38755e-18 
0.133421 3.21945 -1.94988e-19 
0.133033 3.23021 0 
0.0185607 3.13716 2.33631e-19 
0.0737931 3.15992 8.92263e-19 
0.0667465 3.18485 -4.40482e-19 
0.0213186 3.12997 0 
0.566896 0.281573 0 
0.505462 0.30312 0 
1.14942 0.702105 1.26584e-19 
1.14263 0.823541 -1.09131e-19 
1.20541 0.588997 0 
1.23269 0.52295 0 
1.01601 0.0133884 -1.1966e-18 
1.01499 0.0142592 1.50219e-18 
1.02541 -0.00978692 0 
1.02347 -0.0118367 0 
1.00642 0.00265041 0 
1.01041 0.00375298 0 
1.00458 0.00186856 0 
1.00978 0.00626234 0 
1.0078 0.00596927 0 
1.00451 0.00472738 0 
0.100847 1.36908 0 
0.098978 1.33184 0 
0.131217 1.40502 0 
0.149812 1.41011 0 
0.145219 2.5925 0 
0.184845 2.66293 -4.22768e-19 
0.101519 2.6475 0 
0.0852552 2.65039 1.97543e-19 
0.0387817 2.67304 -1.47223e-19 
0.0188284 1.32914 0 
0.0256273 1.24912 0 
0.0228203 1.33953 0 
0.0451846 1.27278 0 
0.00380078 1.98166 4.86813e-21 
-0.0200447 2.60272 -2.13444e-20 
-0.00803149 2.65942 1.13536e-20 
-0.017855 2.67873 0 
-0.0228706 2.60831 -7.46103e-22 
-0.0229447 2.60328 1.55355e-20 
0.0126696 1.97977 -2.52194e-22 
-0.00734628 2.38963 2.86347e-20 
-0.0130682 2.41262 -1.28765e-20 
1.01227 0.0395852 1.21179e-18 
1.00505 0.0202506 -1.50794e-18 
1.00468 0.0465379 -1.23407e-18 
0.977899 0.0387816 1.55301e-18 
1.06449 0.00865198 0 
1.04957 -0.00814776 0 
1.09494 0.0355206 0 
1.07467 0.0132189 0 
1.07248 0.000799358 0 
1.14091 0.0841723 0 
1.11242 0.0451942 0 
1.11642 0.0329572 0 
-0.0253435 2.42668 1.25238e-21 
-0.0142161 2.01213 0 
-0.0168798 2.21326 0 
-0.0200917 2.59676 -1.16758e-20 
-0.017293 2.6068 2.25339e-22 
0.00277653 1.57907 -3.77832e-20 
-0.00704089 1.50717 3.85111e-20 
-0.0170407 1.39674 0 
-0.0204178 1.40313 0 
-0.0265703 1.39776 0 
-0.00554558 1.31743 0 
0.00700291 1.23871 0 
0.387067 1.50022 2.73978e-19 
0.430369 1.50083 1.45262e-19 
0.597306 2.44321 -2.40408e-19 
0.397852 2.5404 7.07111e-19 
0.349025 2.05082 7.16105e-20 
1.02109 -0.00809105 0 
1.01552 -0.00973431 0 
1.01493 -0.0154992 0 
1.0074 -0.00105628 0 
1.00493 -0.000904418 0 
1.00779 -0.00467339 0 
1.00928 -0.0035896 0 
1.01424 -0.00435074 0 
1.02023 0.0164468 1.17281e-18 
1.01753 0.0154232 -1.49752e-18 
1.02059 0.018646 -1.18246e-18 
1.01811 0.0167951 1.48169e-18 
0.786302 1.32582 0 
0.72204 1.3766 2.47673e-19 
0.899037 1.22584 9.92082e-20 
0.944938 1.17136 -1.32021e-19 
1.15385 2.59776 2.81882e-19 
0.765562 0.123539 6.00071e-19 
1.16428 0.110195 0 
1.21373 0.196073 -4.65805e-19 
1.20118 0.156378 -1.98536e-20 
1.0061 0.158424 0 
0.127718 2.9584 5.27913e-19 
0.103686 2.86431 -1.14803e-18 
0.0097548 2.37613 7.65269e-19 
0.102044 -0.169608 -3.19069e-19 
0.334895 3.41328 -2.1618e-19 
0.190755 3.30812 0 
0.234553 3.34845 2.81545e-19 
0.238494 3.03088 -1.76815e-18 
0.331496 3.1889 0 
0.00595481 3.12091 4.57472e-20 
0.0168936 3.12945 -5.37424e-19 
0.014632 3.12557 7.90985e-19 
0.0341544 3.13967 0 
0.032312 3.15018 0 
1.20905 2.59497 0 
0.548305 0.799839 -5.27495e-19 
1.06886 0.996122 -1.05842e-20 
1.00394 1.08046 0 
0.857363 0.975164 -1.09132e-19 
1.09538 0.897302 2.78173e-20 
0.300129 0.318512 -8.35086e-19 
0.647411 0.32626 -1.68403e-20 
0.534842 0.219653 4.05496e-19 
0.527987 0.336778 2.92524e-20 
0.419994 0.270371 -1.17405e-18 
0.603758 0.327132 0 
0.712573 0.428556 6.62933e-19 
0.710173 0.429373 0 
0.568629 0.342697 0 
0.482646 0.245497 0 
0.83133 0.627375 4.07498e-19 
1.24033 0.291724 -4.8662e-19 
1.24081 0.431024 0 
1.24899 0.371214 0 
0.675351 0.196222 6.20927e-19 
0.876469 0.557764 -3.71038e-19 
0.776108 0.534959 6.62684e-19 
0.963493 0.450176 -7.3259e-19 
1.01901 0.0150311 8.02904e-19 
1.01747 0.0143892 -8.08214e-19 
1.01592 0.0152563 0 
1.03656 -0.00554319 0 
1.02996 -0.00833451 -7.5781e-19 
1.028 -0.0119332 7.50278e-19 
1.0249 0.0107233 0 
1.02332 0.0145935 0 
1.01141 0.00418628 0 
1.01418 0.00918238 0 
1.01516 0.00422405 0 
1.01426 0.00292133 0 
0.0723882 1.35303 0 
0.0805605 1.29892 0 
0.148194 1.38546 7.5986e-21 
0.281842 1.48115 8.93657e-20 
0.176798 1.45189 1.87819e-19 
0.209589 1.45724 -3.06337e-19 
0.17738 1.41111 0 
0.135397 1.59985 -7.02288e-20 
0.120573 1.57928 0 
0.344815 2.00012 -1.04128e-19 
0.341651 2.33698 6.13416e-19 
0.196896 1.4655 6.12274e-20 
0.269137 1.39765 2.32705e-20 
0.202128 1.39049 -1.87787e-20 
0.278665 1.34059 -1.03774e-19 
0.242072 1.57877 0 
0.269566 1.61553 1.12793e-19 
0.0305803 2.2566 -2.87097e-20 
0.043702 2.66236 0 
0.066428 2.39342 1.35689e-19 
0.0632102 2.41427 0 
0.0697182 2.66407 -2.18918e-19 
0.049294 2.69258 0 
0.0284789 1.44737 3.61775e-20 
0.0362713 1.4947 0 
0.0324636 1.41317 0 
0.0270343 1.42 -4.08241e-20 
0.000792449 2.6457 -1.67398e-20 
0.0297435 2.69143 1.65117e-19 
0.0105171 2.71646 1.15979e-21 
0.00481787 1.8388 -5.93787e-21 
-0.00154407 1.69308 -4.37299e-21 
0.0133599 1.30743 0 
0.0212329 1.22154 0 
0.0453787 1.59508 -2.89565e-20 
0.0346944 1.47571 -3.50565e-20 
0.0385981 1.53772 4.37132e-20 
0.0401856 1.61885 0 
-0.0291752 2.26682 9.91859e-20 
-0.0302167 2.54355 -4.1346e-20 
-0.0162345 2.44154 4.34148e-21 
-0.00258476 1.85399 7.19307e-21 
-0.0253932 2.49366 3.04809e-21 
-0.0202466 2.43785 -2.83183e-21 
1.01872 0.0219328 -8.03528e-19 
1.01546 0.0282707 8.06745e-19 
1.01275 0.0175346 0 
1.01007 0.0712283 1.12957e-18 
0.991932 0.0613491 -1.26177e-18 
0.951148 0.0574144 1.4108e-18 
1.01397 0.112177 -1.50516e-19 
1.04302 -0.00551751 0 
1.05146 -0.00109683 7.22583e-19 
1.03931 -0.00969351 -7.24052e-19 
1.07222 0.0431328 -4.29697e-20 
1.06522 0.0243242 3.70649e-19 
1.06305 0.0573373 0 
1.05426 0.050742 -1.33299e-19 
1.0321 0.0425342 0 
1.02639 0.0391259 0 
1.02801 0.0138977 0 
1.02393 0.016532 0 
1.04023 0.0333008 2.74526e-19 
1.03868 0.0271335 -6.07048e-19 
1.05152 0.0348197 -2.91003e-19 
1.04831 0.0350029 -3.20457e-19 
1.07183 0.0655908 6.25514e-19 
1.09735 0.053497 0 
1.10669 0.097865 0 
-0.0248019 2.27179 5.52558e-20 
-0.024197 2.01766 1.03873e-21 
-0.0202599 2.0251 0 
-0.0263396 2.4402 -5.50053e-20 
-0.0215779 2.39669 -2.23415e-21 
-0.0325274 2.46755 5.60009e-21 
-0.0203309 2.6158 -1.38612e-20 
-0.0227635 2.55742 2.11261e-22 
-0.0213361 2.50926 -3.85546e-21 
-0.0154859 2.60971 1.1363e-20 
-0.0204817 2.61172 -1.22902e-20 
-0.00628453 1.50482 -7.57541e-22 
0.00338568 1.62697 -3.62537e-20 
0.372097 1.44908 -1.15773e-19 
0.371957 1.38237 3.72772e-20 
0.662617 1.4267 -2.39583e-19 
0.529289 1.49355 -1.4272e-19 
0.58753 1.45939 0 
0.593037 2.42033 2.06955e-19 
0.661579 2.41611 3.37637e-19 
0.410909 2.50967 8.80581e-20 
0.402153 2.5338 -6.07873e-19 
0.509965 2.47463 6.13556e-19 
0.553055 2.45702 0 
0.487664 2.51481 -5.5908e-19 
0.248008 2.58681 1.14197e-18 
0.354446 2.55897 -7.71852e-20 
0.283605 2.64852 -1.58466e-18 
0.948161 2.37322 7.29053e-19 
0.838138 2.37881 0 
1.01108 0.000541359 2.62675e-20 
1.01537 -0.00534967 -2.1306e-20 
1.01768 -0.00345044 -3.89133e-19 
1.01505 -0.000812628 3.91252e-19 
1.01247 0.00129281 0 
0.649651 1.2914 0 
0.673593 1.18529 0 
0.787645 1.10403 0 
0.666716 1.14872 0 
1.18395 2.61123 5.99705e-20 
1.07202 2.35867 0 
0.833232 2.16068 3.86921e-21 
0.823267 2.42773 0 
0.921441 2.52173 -4.23335e-19 
0.956664 2.4778 2.81581e-19 
0.796144 0.184857 0 
0.736894 0.156498 1.62963e-19 
0.905918 0.152669 9.48903e-19 
0.82185 0.156716 -3.54924e-19 
0.777127 0.0910552 -1.09685e-18 
1.08322 0.243142 -8.91844e-19 
1.00003 0.307213 -1.80975e-20 
0.927092 0.310964 8.59226e-19 
1.00673 0.236625 7.22074e-19 
0.94755 0.200609 -1.25531e-18 
0.90939 0.205073 1.57048e-19 
0.946365 0.272574 -3.33119e-19 
0.925439 0.231869 0 
0.996466 0.19719 6.19035e-19 
1.04735 0.195853 0 
1.04516 0.224417 0 
1.10784 0.122303 2.89859e-19 
1.07208 0.182454 -1.51576e-20 
1.07649 0.243119 -1.57801e-19 
1.10189 0.208801 0 
1.02194 0.046608 6.18355e-19 
1.03933 0.0601355 7.72569e-19 
1.03393 0.0457961 -6.14352e-19 
1.04263 0.0681889 -5.18335e-19 
1.01892 0.0761803 -7.95981e-19 
0.984737 0.160691 0 
0.989234 0.106558 0 
0.96559 0.0765214 -5.01818e-19 
0.904069 0.0982239 1.99904e-19 
1.04036 0.108719 7.16667e-19 
1.06957 0.125829 -8.36142e-19 
1.07695 0.15825 7.46783e-19 
1.03182 0.152981 0 
1.0751 0.113055 0 
1.05387 0.0938415 -3.42759e-19 
1.04363 0.0991605 -5.84712e-19 
0.578597 1.05213 1.41176e-19 
0.602793 1.37533 -4.27015e-20 
1.15383 2.72673 -2.29551e-19 
1.21938 3.06926 2.59915e-21 
1.24549 2.70994 -1.26561e-19 
1.27378 2.69299 -3.01204e-20 
1.20097 2.33326 -1.1212e-20 
1.20711 2.97311 -9.56747e-20 
1.22735 2.93868 2.37689e-19 
1.2094 3.22198 -1.41769e-19 
1.3688 2.95263 1.95869e-19 
1.35713 2.87066 0 
0.567276 0.808953 -5.05433e-20 
0.105212 1.21937 5.68936e-19 
0.562229 0.339774 5.46858e-19 
0.400781 0.0857878 5.90621e-19 
0.469371 0.310414 6.6637e-19 
0.547966 0.427313 -1.08366e-18 
0.55033 0.422636 8.87858e-19 
0.462004 0.298134 -3.37193e-19 
0.331138 0.226579 7.57217e-19 
0.703291 0.271723 -3.58939e-19 
0.660769 0.29331 0 
0.593084 0.208038 6.18124e-21 
0.746854 0.510812 3.59674e-19 
0.728055 0.48062 -1.3074e-18 
0.626153 0.44525 9.99959e-21 
0.620152 0.436142 0 
0.696442 0.717504 3.95914e-19 
0.859635 0.781115 3.92539e-19 
0.782994 0.863451 -4.5939e-19 
0.9047 0.818321 -1.53018e-19 
0.935498 0.863624 -3.68313e-20 
0.942516 0.863255 3.77191e-20 
0.870961 0.662984 -6.74749e-19 
0.950866 0.71611 1.42077e-19 
1.01019 0.730611 0 
1.00112 0.70705 -1.91852e-19 
1.03008 0.34793 2.11259e-19 
1.15111 0.308545 2.86693e-19 
1.07141 0.28067 3.64445e-19 
1.02067 0.380546 -4.2976e-19 
1.06926 0.442705 0 
1.12524 0.423099 0 
0.921364 0.383932 1.17332e-21 
0.8378 0.319031 0 
0.887146 0.318238 4.05989e-19 
0.90972 0.319444 -8.48176e-21 
0.958595 0.453815 2.04071e-18 
0.920236 0.50888 5.24114e-19 
0.924485 0.475551 -5.59184e-19 
0.839151 0.464273 6.00393e-19 
0.824225 0.459043 3.59788e-19 
0.793975 0.44185 -3.53537e-19 
1.02745 -0.000153082 6.4825e-19 
1.02002 0.00013119 0 
1.01856 0.00105711 4.22702e-19 
1.02176 -0.00147935 -9.57526e-19 
1.0224 0.00460087 4.65179e-19 
1.02031 0.0116574 -9.74099e-19 
1.02121 0.0110201 0 
1.02038 0.0112558 -2.03024e-19 
1.01592 0.00791304 5.09388e-19 
1.01655 0.0107127 -2.54172e-19 
1.01726 0.010055 1.87147e-19 
0.0354885 1.3304 0 
0.0408168 1.38551 0 
0.0529431 1.33022 0 
0.0605089 1.27787 0 
0.0747222 1.40177 -4.94496e-20 
0.0853841 1.36702 2.20098e-20 
0.112176 1.54877 -1.46469e-20 
0.107434 1.38874 -4.30568e-21 
0.0398608 1.48057 2.08923e-20 
0.0433928 1.47435 -1.60915e-20 
0.0674987 1.38933 -1.10387e-20 
0.0607089 1.39036 4.69615e-20 
0.0537335 1.36797 6.96578e-21 
0.0452924 1.39101 3.9875e-21 
0.107125 2.36099 -1.49893e-19 
0.0959115 2.40977 0 
0.1686 2.03486 1.08977e-19 
0.114533 1.70259 4.0237e-20 
0.234393 2.03287 -8.9579e-20 
0.199512 2.42363 0 
0.262184 2.37361 -6.05303e-19 
0.302132 2.37137 4.27677e-19 
0.228284 1.99269 -2.49909e-19 
0.154378 2.15136 1.68963e-19 
0.141534 2.25815 0 
0.0182025 1.87751 7.96325e-21 
0.000718583 2.38497 -3.15011e-20 
0.00595402 2.14209 0 
0.0113505 2.44913 -1.36356e-20 
0.0290956 2.29194 7.84067e-21 
0.01671 1.42678 -7.7198e-21 
0.0134555 1.40816 1.29236e-19 
0.0128317 1.41573 -4.2932e-20 
0.0223773 1.42156 -3.57209e-20 
0.0266186 1.45116 0 
0.00840968 1.39776 0 
-0.00078813 1.30233 -5.1993e-20 
0.00413399 1.38979 1.49016e-20 
0.00872194 1.38895 0 
0.00631069 1.29424 -3.91372e-20 
0.0160037 1.21072 7.92582e-20 
1.04085 0.0121691 0 
1.04708 0.00843395 -6.78087e-20 
1.03888 0.0226995 -4.8916e-19 
1.0487 0.0213759 0 
1.0525 0.0211581 0 
1.03651 0.0123905 -6.81099e-21 
1.03114 0.012251 7.86468e-19 
1.03167 0.0173102 9.53045e-19 
1.02562 0.0212553 0 
1.02251 0.0216934 0 
1.03532 0.0262296 4.87918e-19 
1.02609 0.0280641 0 
1.02378 0.0280311 0 
-0.0175902 2.02258 0 
0.000183792 1.65735 -4.4551e-21 
-0.00416601 1.76313 -3.06547e-20 
-0.00265448 1.39676 0 
-0.00688796 1.56086 -2.04293e-20 
-0.00989158 1.47285 1.25056e-20 
-0.0075241 1.41182 0 
0.388498 1.64019 0 
0.374728 1.3082 -7.34023e-20 
0.300739 1.34001 0 
0.426687 1.30717 8.89585e-21 
0.477434 1.4713 0 
0.457796 1.41572 2.4253e-20 
1.0363 2.67332 -1.54114e-20 
0.968493 2.40171 -9.16247e-19 
0.921817 2.19057 1.0272e-18 
0.852199 2.37065 2.42384e-19 
0.84766 2.48261 0 
0.917364 2.47865 0 
0.931512 2.36678 0 
0.910451 2.35633 -9.46389e-19 
0.686423 2.44605 -3.9524e-19 
0.799659 2.43547 -9.7923e-20 
0.809972 2.40956 7.43712e-20 
0.695454 2.3891 0 
0.800728 2.38444 0 
0.758801 2.398 -3.69031e-19 
0.767197 2.47241 0 
0.634467 1.09417 0 
0.479833 0.895841 -5.16947e-19 
0.569957 0.94179 -3.26869e-20 
0.51863 1.0306 0 
0.519062 0.972504 7.73782e-19 
0.80355 0.88642 -1.29558e-19 
0.811579 1.02211 0 
0.786868 0.98857 1.84753e-19 
0.671434 1.03437 0 
0.672572 0.9352 0 
1.16302 2.75002 -2.31162e-19 
1.14043 2.81337 -9.84297e-20 
0.928259 2.32658 1.028e-19 
0.896112 2.30625 -8.39938e-20 
1.12873 2.72301 0 
1.08265 2.69239 1.01042e-19 
1.08853 2.47647 -3.14492e-19 
0.983185 2.22993 -3.02993e-20 
0.491444 1.32684 0 
0.507459 1.0581 -1.2442e-19 
0.57847 1.16747 0 
0.851748 0.25084 0 
0.756964 0.200475 0 
0.663405 0.155697 0 
0.843614 0.252318 -6.33273e-19 
0.727336 0.24561 3.74094e-19 
0.921512 0.0910348 -4.12032e-19 
0.924621 0.133149 0 
0.912441 0.141782 1.77999e-19 
0.848913 0.11882 7.11617e-19 
0.813469 0.0796332 -4.46077e-19 
1.1543 3.34689 -7.15453e-19 
1.20357 3.26641 0 
1.15176 3.37603 -1.48529e-18 
0.640163 3.53772 1.25962e-18 
0.861119 3.10676 6.98348e-20 
0.523285 0.792092 6.07249e-19 
0.422569 0.789642 0 
0.303253 0.366713 -1.48278e-19 
0.47717 0.646784 8.56082e-19 
0.567723 0.345076 -1.93168e-19 
0.518207 0.460657 2.29651e-19 
0.676986 0.511412 4.86992e-19 
0.719189 0.552754 0 
0.668128 0.570631 0 
0.635007 0.524088 0 
1.01133 0.617418 8.74173e-20 
0.925943 0.558595 -5.10361e-19 
0.95154 0.589792 3.84109e-19 
0.981095 0.529995 -3.9548e-19 
1.08912 0.497404 0 
1.0977 0.588801 -9.60339e-20 
0.858361 0.416498 -8.28417e-19 
0.856068 0.404647 -1.02763e-18 
0.788928 0.398628 6.30622e-19 
0.797828 0.387094 -6.41e-19 
0.84439 0.343278 -5.19361e-19 
0.791483 0.339846 6.34945e-19 
1.02672 0.00619502 -4.93641e-19 
1.02643 0.00640881 1.00346e-18 
1.02951 0.000300315 6.28168e-19 
1.03374 0.00121844 -7.5658e-19 
1.03388 0.00935338 0 
1.03015 0.0100549 -1.2315e-18 
0.0630552 1.63802 1.88601e-20 
0.0517163 1.59002 0 
0.0908089 1.6875 1.25538e-19 
0.0979348 1.66878 -1.11094e-19 
0.0915176 1.54923 2.6176e-20 
0.090824 1.55059 0 
0.0126714 1.69167 0 
-0.00442165 1.50463 8.6655e-21 
-0.0025455 1.45053 -7.79443e-21 
-0.00804168 1.55814 5.37674e-21 
0.00270181 1.88546 1.26948e-20 
-0.00949626 1.93842 -2.46644e-21 
0.496859 1.35487 -2.78102e-19 
0.490503 1.35494 3.05649e-19 
0.454295 1.30262 -3.24759e-20 
0.436885 1.28245 7.82178e-21 
0.641812 1.30951 0 
0.556569 1.39993 1.0479e-19 
0.572534 1.40689 -1.02019e-19 
0.468215 1.29395 3.16847e-20 
0.523524 1.24212 0 
0.574992 1.20462 0 
0.653421 2.40576 5.80601e-19 
0.669042 2.44765 1.25945e-18 
0.713443 2.45844 -8.6786e-19 
0.609509 2.43245 -2.0184e-19 
0.559771 2.52218 2.83826e-19 
0.509029 2.49708 -7.56723e-19 
0.978144 2.3733 -5.74914e-19 
1.01208 2.38533 0 
0.925807 2.16862 -6.59916e-19 
1.05373 2.67142 0 
1.05604 2.65801 0 
0.596188 2.25426 -1.31789e-19 
1.03545 3.15227 1.24514e-19 
0.906538 3.02282 -2.71638e-20 
0.261117 0.836805 0 
0.285929 0.67798 -3.17778e-19 
0.45721 0.638491 -3.20503e-19 
0.376326 1.99812 0 
0.460861 2.77787 -4.86137e-20 
0.413986 2.54024 0 
0.721191 0.667831 -8.35874e-19 
0.806365 0.68815 1.11632e-18 
0.825761 0.628293 -1.10281e-18 
0.697753 0.631097 -1.06951e-19 
0.752856 0.589685 -4.37695e-19 
0.999719 2.75055 -9.47012e-20 
1.04123 2.8126 -1.68465e-19 
0.630026 2.11589 7.07914e-19 
0.581901 1.68491 -5.04041e-19 
0.692397 1.8857 -4.10859e-19 
0.985938 2.43456 -1.12999e-19 
0.993263 2.42748 2.99228e-19 
0.647263 1.81812 2.85441e-20 
0.438876 1.30591 1.45754e-19 
))
(300 (2 10 3 0 0 919 1018)(
0 0 0 
0 0 0 
0 0 0 
0 0 0 
0 0 0 
0 0 0 
0 0 0 
0 0 0 
0 0 0 
0 0 0 
0 0 0 
0 0 0 
0 0 0 
0 0 0 
0 0 0 
0 0 0 
0 0 0 
0 0 0 
0 0 0 
0 0 0 
0 0 0 
0 0 0 
0 0 0 
0 0 0 
0 0 0 
0 0 0 
0 0 0 
0 0 0 
0 0 0 
0 0 0 
0 0 0 
0 0 0 
0 0 0 
0 0 0 
0 0 0 
0 0 0 
0 0 0 
0 0 0 
0 0 0 
0 0 0 
0 0 0 
0 0 0 
0 0 0 
0 0 0 
0 0 0 
0 0 0 
0 0 0 
0 0 0 
0 0 0 
0 0 0 
0 0 0 
0 0 0 
0 0 0 
0 0 0 
0 0 0 
0 0 0 
0 0 0 
0 0 0 
0 0 0 
0 0 0 
0 0 0 
0 0 0 
0 0 0 
0 0 0 
0 0 0 
0 0 0 
0 0 0 
0 0 0 
0 0 0 
0 0 0 
0 0 0 
0 0 0 
0 0 0 
0 0 0 
0 0 0 
0 0 0 
0 0 0 
0 0 0 
0 0 0 
0 0 0 
0 0 0 
0 0 0 
0 0 0 
0 0 0 
0 0 0 
0 0 0 
0 0 0 
0 0 0 
0 0 0 
0 0 0 
0 0 0 
0 0 0 
0 0 0 
0 0 0 
0 0 0 
0 0 0 
0 0 0 
0 0 0 
0 0 0 
0 0 0 
))
(300 (2 11 3 0 0 1019 1026)(
1 0 0 
1 0 0 
1 0 0 
1 0 0 
1 0 0 
1 0 0 
1 0 0 
1 0 0 
))
(300 (2 12 3 0 0 1027 1030)(
0 3 0 
0 3 0 
0 3 0 
0 3 0 
))
(300 (2 13 3 0 0 1031 1038)(
0.00746725 0.886778 0 
-0.0122036 2.06405 3.74996e-20 
-0.0186345 1.18173 0 
-0.0144965 2.59005 0 
-0.0256445 1.98613 0 
-0.00441777 1.37728 0 
-0.0177357 1.53286 0 
-0.0198659 2.38847 0 
))
(300 (2 14 3 0 0 1039 1072)(
0 0 0 
0 0 0 
0 0 0 
0 0 0 
0 0 0 
0 0 0 
0 0 0 
0 0 0 
0 0 0 
0 0 0 
0 0 0 
0 0 0 
0 0 0 
0 0 0 
0 0 0 
0 0 0 
0 0 0 
0 0 0 
0 0 0 
0 0 0 
0 0 0 
0 0 0 
0 0 0 
0 0 0 
0 0 0 
0 0 0 
0 0 0 
0 0 0 
0 0 0 
0 0 0 
0 0 0 
0 0 0 
0 0 0 
0 0 0 
))
(300 (2 15 3 0 0 1073 1072)(
))
