(0 "FOAM to Fluent data File")

(33 (918 3444 1074))
(300 (1 1 1 0 0 1 918)(
0.564036
1.20915
0.00218756
0.563416
-0.0116172
1.1762
-0.492338
0.71035
0.544196
-0.0895775
-0.0207774
0.540817
1.03667
0.802813
-1.11546
-0.00349711
0.664646
-0.371263
0.543255
-0.0342102
0.74392
0.55077
0.5538
0.544384
0.609993
0.781344
0.917477
0.0185055
0.00554374
0.00215456
-0.0112179
-0.0375959
-0.0300207
1.05985
1.11093
1.13361
0.512308
0.340764
-0.359107
-0.426176
-0.418669
-0.53591
0.704613
0.703699
-0.182502
0.713199
0.719087
0.531332
0.543561
0.54447
0.54553
0.54449
0.545882
0.420466
-0.0920918
-0.124568
-0.0687672
-0.0607338
0.0737728
-0.0221863
-0.0242979
-0.0200251
-0.019503
0.462422
0.536175
0.533248
0.546058
0.555222
1.1487
1.12062
1.14677
1.06037
1.07692
1.01467
0.9873
0.823466
0.84501
0.787694
0.776494
-1.55175
-2.51141
-0.521175
-0.268179
-0.0103119
0.0034768
0.0130769
0.658413
0.658006
0.666519
0.675112
1.0918
-0.369983
-0.47431
0.543386
0.542186
0.550557
0.551253
0.547268
0.54636
-0.031029
-0.0285881
-0.0304801
-0.0336762
-0.0321321
0.732947
0.730831
0.544921
0.541935
0.561921
0.582871
0.574654
0.290042
0.613256
0.626737
0.607691
0.773375
0.766557
0.775765
0.890972
0.854315
0.954804
0.97796
0.0157992
0.00118894
-0.0115908
-0.0161149
-0.0150779
0.508204
0.500855
0.527519
0.515689
0.51815
0.256547
0.121737
0.426457
0.451626
-0.274145
-0.334799
-0.420477
-0.446292
-0.557671
0.613431
0.6953
0.692999
-0.19838
-0.124699
-0.254394
-0.0513229
-0.112241
0.521682
0.528631
0.523666
0.539125
0.533612
0.535566
0.547817
0.544896
0.546451
0.482858
0.606489
0.347052
0.312846
-0.23126
-0.142666
-0.233458
-0.0480377
-0.0424202
0.0875656
0.113106
0.0609475
0.0497856
-0.0361161
-0.0285276
-0.0326787
-0.018725
-0.0232532
0.455318
0.444382
0.474928
0.482338
0.52583
0.52706
0.530572
0.528946
0.938132
0.960376
0.967983
0.941866
-3.50978
-6.30808
0.0598588
0.197779
-0.00582928
-0.00877928
0.00186779
-0.00452008
0.00137826
-0.00122219
0.0113511
0.00792819
0.0127863
0.0142566
0.649174
0.649252
1.01128
1.01355
0.990871
0.94194
0.531515
0.533617
0.539151
0.535016
-0.0230568
-0.0269344
-0.0256985
0.720875
0.727398
0.725397
0.252453
0.164658
0.340014
0.368389
0.64161
0.630106
0.63995
0.667867
0.704254
0.985337
1.00358
1.00186
1.01032
1.05443
1.0709
1.03613
0.488025
0.497801
0.492865
0.530689
0.528419
0.529342
0.524931
0.526378
0.524217
-0.0299247
-0.412839
0.501054
0.519374
0.500868
0.50624
0.692832
0.769998
0.676743
0.685874
0.683695
0.0159394
-0.0417415
0.269036
0.235354
0.396071
0.431807
0.411124
0.909178
0.869852
0.91985
0.893185
0.854696
0.880159
-0.364412
-1.87418
-0.987765
0.550267
0.362902
0.450535
0.0319639
0.0135221
0.0199989
1.00649
1.0829
0.662333
0.832536
0.838537
0.742694
0.772985
0.827353
0.7536
0.787806
0.82241
0.803956
0.570434
0.513642
0.525265
0.839683
0.896148
0.136513
0.0782771
0.0340972
0.131977
0.188464
0.163192
1.04465
0.951762
1.02353
0.541687
0.542392
0.00239847
-0.00562551
0.546579
0.546628
-0.00878566
0.00186336
0.434069
-0.824442
0.119872
0.535092
0.525207
0.542208
-0.0718644
0.374602
-0.0216844
0.0710035
0.0114595
0.538494
0.473219
0.43319
0.00578136
-0.0115875
-0.02847
-0.201385
0.539359
0.537666
0.541678
0.542645
0.543311
-0.0120856
-0.00593011
-0.00606512
-0.0290023
-0.0260808
-0.0334212
0.506529
0.524638
-0.156696
0.541821
0.543944
0.54377
0.536977
0.542631
0.540864
-0.00398807
-0.0104709
-0.0142784
0.235451
0.362238
0.67783
0.768364
0.647701
0.421136
0.183735
0.578672
0.643419
0.547336
0.703199
0.690751
0.707268
0.185255
0.0354727
0.193418
0.135281
0.53295
0.531638
0.523463
0.520487
0.537076
0.535185
0.539742
0.536735
0.539684
0.541078
-0.030322
-0.0546612
-0.0678294
-0.134048
0.330476
0.591073
0.271276
0.301592
0.162109
-0.0176278
-0.0170926
-0.0205582
-0.0273758
0.0235431
-0.00351614
0.064843
0.0650558
0.0343819
0.00769816
0.0153478
0.00226939
0.00713145
0.531703
0.530096
0.536449
0.54541
0.482657
0.486401
0.451932
0.472315
0.457774
0.397999
0.432422
0.407921
0.00178272
0.0101298
0.00320159
-0.00631278
-0.00136791
-0.020015
-0.0169089
-0.0173329
-0.0119278
-0.0166966
-0.0234724
-0.0264962
-0.161097
-0.275417
0.997475
0.92755
0.13852
0.528541
0.534969
0.531748
0.536591
0.539715
0.54055
0.538286
0.534848
0.525099
0.526754
0.523368
0.52408
-0.0911705
-0.228312
-0.0579012
-0.129284
0.150667
0.632538
0.374035
0.311843
0.306375
0.532254
0.939814
0.729548
0.710484
0.728127
-0.330695
0.0640148
-0.264792
0.354862
0.177519
0.675347
0.725478
0.748281
0.695269
0.647518
-0.0993216
0.564257
-0.0538461
-0.00433594
0.194897
0.0772949
0.710302
0.674355
0.678439
0.696788
0.714682
0.680733
0.663736
0.658321
0.692415
0.696083
0.505665
0.266643
0.219632
0.181016
0.657665
0.542713
0.597818
0.510489
0.52802
0.530721
0.529323
0.511276
0.518764
0.51436
0.52057
0.523926
0.532792
0.53319
0.528542
0.530702
-0.0349125
-0.037816
-0.0129265
-0.122867
-0.1131
-0.173657
-0.0494095
0.0893279
0.0525971
0.24671
0.352624
0.0650835
-0.0479661
-0.0194
0.0170698
0.191099
0.216735
0.0946191
0.181803
0.170699
0.154432
0.255684
0.260645
-0.00426728
-0.00832322
-0.0103746
-0.012981
0.0414699
0.111675
0.121783
0.0158639
0.0111527
-0.0130788
-0.0146788
-0.000570369
-0.0056645
-0.00220992
0.0337427
-0.0408926
-0.00764533
0.00744867
0.0175943
0.0145163
0.00954973
0.524196
0.526421
0.52609
0.533718
0.551689
0.567792
0.52482
0.504536
0.495463
0.498449
0.471893
0.482057
0.477894
0.491304
0.512019
0.521187
0.518734
0.521428
0.504178
0.505836
0.492749
0.496353
0.471773
0.452881
0.44136
-0.0318715
0.00602508
-0.000385395
-0.0294013
0.000932582
-0.0120929
0.00632526
0.0227571
0.00911041
0.00506931
-0.003889
-0.0144077
-0.0120784
-0.0647625
0.0191121
-0.173499
-0.209525
-0.279198
0.900098
1.02197
0.822876
0.597307
0.612607
0.854301
0.940682
0.56
0.746986
0.771085
0.588268
0.854735
0.533352
0.532965
0.530563
0.530041
0.531263
-0.000603844
0.102133
0.107568
0.165536
0.282248
0.395502
0.318642
0.19426
0.326624
0.330365
0.625451
0.638819
0.593883
0.617094
0.617661
0.437481
0.513416
0.566493
0.522843
0.573047
0.593973
0.551101
0.582714
0.53276
0.488037
0.484534
0.433945
0.454717
0.431546
0.413533
0.523304
0.500774
0.511256
0.501471
0.521053
0.545279
0.542043
0.574392
0.585409
0.505603
0.462053
0.471816
0.501881
0.462287
0.476981
0.493017
0.234284
0.134338
0.218897
-0.0698061
0.00740186
-0.00712115
-0.0545193
-0.00701231
0.278302
-0.416688
-0.391665
-1.02286
0.505521
0.970086
0.66142
0.634755
0.711653
0.69258
0.697581
0.717339
0.721689
0.648227
0.665081
0.668124
0.630047
0.653229
0.675285
0.672221
0.534285
0.400934
0.396082
0.348869
0.220195
0.257121
0.458333
0.38029
0.305312
0.3067
0.471696
0.358397
0.427421
0.464474
0.395877
0.349763
0.554467
0.619293
0.609733
0.584396
0.501986
0.51634
0.540505
0.57619
0.602571
0.633886
0.52021
0.526027
0.52728
0.524795
0.522018
0.524998
0.525158
0.527689
0.528442
0.531389
0.530407
-0.0225085
-0.0110355
-0.0246235
-0.0315616
-0.00150743
-0.00595378
0.0380639
0.0241888
0.0093987
0.0158159
-0.0110042
-0.015408
-0.010087
-0.000806265
0.115778
0.12876
0.112501
0.0730715
0.260274
0.391047
0.462395
0.339897
0.233066
0.256958
0.279058
0.00891442
0.0357526
0.0226706
0.0620083
0.0537711
-0.0114023
-0.0157855
-0.0146545
-0.00781834
0.00302681
-0.0162954
-0.0226287
-0.0123059
-0.0170916
-0.0193501
-0.0247822
0.506747
0.500301
0.501839
0.495855
0.494591
0.508639
0.512874
0.514791
0.520157
0.52229
0.512652
0.518208
0.52188
0.00494424
-0.0199971
-0.0236325
-0.00817896
-0.0146503
-0.0137706
-0.0126913
0.127535
0.0566976
0.0611595
0.0157987
-0.112852
-0.0552114
0.493511
0.49258
0.487365
0.723156
0.573305
0.492925
0.589436
0.694641
0.278263
0.477094
0.310233
0.893713
0.787329
0.933863
0.547649
0.247485
0.406476
0.455904
0.26377
0.336581
0.336241
0.223184
0.255609
0.289516
0.391411
0.26931
0.244544
0.00179857
0.190162
0.306041
0.287091
0.415195
0.477562
0.266031
0.187299
0.141693
0.615604
0.633283
0.648934
0.622754
0.64444
0.583749
0.571958
0.590168
0.600035
0.595692
-0.750202
-0.457046
-1.40207
-0.718134
-0.266044
0.536652
0.501597
0.776862
0.658402
0.715623
0.699811
0.65666
0.623656
0.64058
0.669668
0.362856
0.4746
0.449256
0.454286
0.355242
0.286768
0.588644
0.582726
0.617843
0.641276
0.609943
0.64147
0.517967
0.517636
0.517213
0.513526
0.511811
0.514094
0.0769331
0.0461979
0.0806425
0.061573
0.0390665
0.0276843
0.012786
0.00323343
-0.00554707
-0.00677773
0.00805152
0.0135015
0.171154
0.111576
0.033349
0.0626596
0.00316075
-0.0640532
-0.0818458
0.0191108
0.113129
0.10354
0.409707
0.661611
0.481802
0.649976
0.490153
0.545893
0.477372
0.469875
0.496658
0.384466
0.4638
0.241675
-0.265445
-0.173368
0.793611
0.809311
0.592045
0.410205
0.179016
0.363811
0.556809
0.49006
0.527978
0.597443
0.587502
0.022857
0.0859881
0.356943
0.58425
0.24066
0.232461
0.226548
0.40477
0.326194
))
(300 (1 10 1 0 0 919 1018)(
0.564036
1.20915
0.00218756
0.563416
1.1762
-0.492338
0.71035
-0.0895775
-0.0207774
0.540817
1.03667
0.802813
-1.11546
0.664646
-0.371263
0.543255
-0.0342102
0.74392
0.544384
0.609993
0.781344
0.917477
0.0185055
1.05985
0.512308
-0.426176
-0.53591
0.703699
-0.182502
0.719087
0.531332
-0.124568
-0.0607338
-0.0242979
-0.019503
0.462422
0.533248
0.555222
1.07692
0.9873
0.84501
0.776494
-2.51141
-0.268179
0.658006
0.675112
-0.47431
0.542186
0.54636
-0.0285881
-0.0321321
0.730831
0.541935
0.574654
0.290042
0.626737
0.607691
0.775765
0.854315
0.97796
0.500855
0.527519
0.51815
-0.334799
-0.557671
0.692999
-0.254394
-0.112241
0.523666
0.535566
-0.233458
-0.0424202
-0.0326787
-0.0232532
0.444382
0.482338
0.52583
0.528946
0.941866
0.197779
0.649252
0.531515
0.535016
-0.0256985
0.725397
0.164658
0.368389
0.63995
0.704254
1.01032
0.492865
0.529342
0.524217
0.683695
-0.0417415
0.411124
0.893185
0.450535
0.787806
0.0340972
))
(300 (1 11 1 0 0 919 926)(
0.564036
0.563416
0.544196
0.55077
0.54447
0.545882
0.550557
0.546451
))
(300 (1 12 1 0 0 919 922)(
1.20915
1.1762
1.13361
1.14677
))
(300 (1 13 1 0 0 919 926)(
0
0
0
0
0
0
0
0
))
(300 (1 14 1 0 0 919 952)(
-0.0116172
-0.00349711
-0.0300207
0.340764
0.420466
0.0737728
0.0130769
1.0918
-0.0150779
0.121737
0.451626
0.613431
0.606489
0.312846
0.113106
0.0497856
-6.30808
0.0113511
0.0142566
1.01355
0.94194
-0.412839
0.501054
0.50624
0.769998
0.235354
-0.987765
0.0199989
1.0829
0.838537
0.525265
0.896148
0.163192
1.02353
))
(300 (1 15 1 0 0 919 2754)(
0.564036
0.564036
1.20915
1.20915
0.00218756
0.00218756
0.563416
0.563416
-0.0116172
-0.0116172
1.1762
1.1762
-0.492338
-0.492338
0.71035
0.71035
0.544196
0.544196
-0.0895775
-0.0895775
-0.0207774
-0.0207774
0.540817
0.540817
1.03667
1.03667
0.802813
0.802813
-1.11546
-1.11546
-0.00349711
-0.00349711
0.664646
0.664646
-0.371263
-0.371263
0.543255
0.543255
-0.0342102
-0.0342102
0.74392
0.74392
0.55077
0.55077
0.5538
0.5538
0.544384
0.544384
0.609993
0.609993
0.781344
0.781344
0.917477
0.917477
0.0185055
0.0185055
0.00554374
0.00554374
0.00215456
0.00215456
-0.0112179
-0.0112179
-0.0375959
-0.0375959
-0.0300207
-0.0300207
1.05985
1.05985
1.11093
1.11093
1.13361
1.13361
0.512308
0.512308
0.340764
0.340764
-0.359107
-0.359107
-0.426176
-0.426176
-0.418669
-0.418669
-0.53591
-0.53591
0.704613
0.704613
0.703699
0.703699
-0.182502
-0.182502
0.713199
0.713199
0.719087
0.719087
0.531332
0.531332
0.543561
0.543561
0.54447
0.54447
0.54553
0.54553
0.54449
0.54449
0.545882
0.545882
0.420466
0.420466
-0.0920918
-0.0920918
-0.124568
-0.124568
-0.0687672
-0.0687672
-0.0607338
-0.0607338
0.0737728
0.0737728
-0.0221863
-0.0221863
-0.0242979
-0.0242979
-0.0200251
-0.0200251
-0.019503
-0.019503
0.462422
0.462422
0.536175
0.536175
0.533248
0.533248
0.546058
0.546058
0.555222
0.555222
1.1487
1.1487
1.12062
1.12062
1.14677
1.14677
1.06037
1.06037
1.07692
1.07692
1.01467
1.01467
0.9873
0.9873
0.823466
0.823466
0.84501
0.84501
0.787694
0.787694
0.776494
0.776494
-1.55175
-1.55175
-2.51141
-2.51141
-0.521175
-0.521175
-0.268179
-0.268179
-0.0103119
-0.0103119
0.0034768
0.0034768
0.0130769
0.0130769
0.658413
0.658413
0.658006
0.658006
0.666519
0.666519
0.675112
0.675112
1.0918
1.0918
-0.369983
-0.369983
-0.47431
-0.47431
0.543386
0.543386
0.542186
0.542186
0.550557
0.550557
0.551253
0.551253
0.547268
0.547268
0.54636
0.54636
-0.031029
-0.031029
-0.0285881
-0.0285881
-0.0304801
-0.0304801
-0.0336762
-0.0336762
-0.0321321
-0.0321321
0.732947
0.732947
0.730831
0.730831
0.544921
0.544921
0.541935
0.541935
0.561921
0.561921
0.582871
0.582871
0.574654
0.574654
0.290042
0.290042
0.613256
0.613256
0.626737
0.626737
0.607691
0.607691
0.773375
0.773375
0.766557
0.766557
0.775765
0.775765
0.890972
0.890972
0.854315
0.854315
0.954804
0.954804
0.97796
0.97796
0.0157992
0.0157992
0.00118894
0.00118894
-0.0115908
-0.0115908
-0.0161149
-0.0161149
-0.0150779
-0.0150779
0.508204
0.508204
0.500855
0.500855
0.527519
0.527519
0.515689
0.515689
0.51815
0.51815
0.256547
0.256547
0.121737
0.121737
0.426457
0.426457
0.451626
0.451626
-0.274145
-0.274145
-0.334799
-0.334799
-0.420477
-0.420477
-0.446292
-0.446292
-0.557671
-0.557671
0.613431
0.613431
0.6953
0.6953
0.692999
0.692999
-0.19838
-0.19838
-0.124699
-0.124699
-0.254394
-0.254394
-0.0513229
-0.0513229
-0.112241
-0.112241
0.521682
0.521682
0.528631
0.528631
0.523666
0.523666
0.539125
0.539125
0.533612
0.533612
0.535566
0.535566
0.547817
0.547817
0.544896
0.544896
0.546451
0.546451
0.482858
0.482858
0.606489
0.606489
0.347052
0.347052
0.312846
0.312846
-0.23126
-0.23126
-0.142666
-0.142666
-0.233458
-0.233458
-0.0480377
-0.0480377
-0.0424202
-0.0424202
0.0875656
0.0875656
0.113106
0.113106
0.0609475
0.0609475
0.0497856
0.0497856
-0.0361161
-0.0361161
-0.0285276
-0.0285276
-0.0326787
-0.0326787
-0.018725
-0.018725
-0.0232532
-0.0232532
0.455318
0.455318
0.444382
0.444382
0.474928
0.474928
0.482338
0.482338
0.52583
0.52583
0.52706
0.52706
0.530572
0.530572
0.528946
0.528946
0.938132
0.938132
0.960376
0.960376
0.967983
0.967983
0.941866
0.941866
-3.50978
-3.50978
-6.30808
-6.30808
0.0598588
0.0598588
0.197779
0.197779
-0.00582928
-0.00582928
-0.00877928
-0.00877928
0.00186779
0.00186779
-0.00452008
-0.00452008
0.00137826
0.00137826
-0.00122219
-0.00122219
0.0113511
0.0113511
0.00792819
0.00792819
0.0127863
0.0127863
0.0142566
0.0142566
0.649174
0.649174
0.649252
0.649252
1.01128
1.01128
1.01355
1.01355
0.990871
0.990871
0.94194
0.94194
0.531515
0.531515
0.533617
0.533617
0.539151
0.539151
0.535016
0.535016
-0.0230568
-0.0230568
-0.0269344
-0.0269344
-0.0256985
-0.0256985
0.720875
0.720875
0.727398
0.727398
0.725397
0.725397
0.252453
0.252453
0.164658
0.164658
0.340014
0.340014
0.368389
0.368389
0.64161
0.64161
0.630106
0.630106
0.63995
0.63995
0.667867
0.667867
0.704254
0.704254
0.985337
0.985337
1.00358
1.00358
1.00186
1.00186
1.01032
1.01032
1.05443
1.05443
1.0709
1.0709
1.03613
1.03613
0.488025
0.488025
0.497801
0.497801
0.492865
0.492865
0.530689
0.530689
0.528419
0.528419
0.529342
0.529342
0.524931
0.524931
0.526378
0.526378
0.524217
0.524217
-0.0299247
-0.0299247
-0.412839
-0.412839
0.501054
0.501054
0.519374
0.519374
0.500868
0.500868
0.50624
0.50624
0.692832
0.692832
0.769998
0.769998
0.676743
0.676743
0.685874
0.685874
0.683695
0.683695
0.0159394
0.0159394
-0.0417415
-0.0417415
0.269036
0.269036
0.235354
0.235354
0.396071
0.396071
0.431807
0.431807
0.411124
0.411124
0.909178
0.909178
0.869852
0.869852
0.91985
0.91985
0.893185
0.893185
0.854696
0.854696
0.880159
0.880159
-0.364412
-0.364412
-1.87418
-1.87418
-0.987765
-0.987765
0.550267
0.550267
0.362902
0.362902
0.450535
0.450535
0.0319639
0.0319639
0.0135221
0.0135221
0.0199989
0.0199989
1.00649
1.00649
1.0829
1.0829
0.662333
0.662333
0.832536
0.832536
0.838537
0.838537
0.742694
0.742694
0.772985
0.772985
0.827353
0.827353
0.7536
0.7536
0.787806
0.787806
0.82241
0.82241
0.803956
0.803956
0.570434
0.570434
0.513642
0.513642
0.525265
0.525265
0.839683
0.839683
0.896148
0.896148
0.136513
0.136513
0.0782771
0.0782771
0.0340972
0.0340972
0.131977
0.131977
0.188464
0.188464
0.163192
0.163192
1.04465
1.04465
0.951762
0.951762
1.02353
1.02353
0.541687
0.541687
0.542392
0.542392
0.00239847
0.00239847
-0.00562551
-0.00562551
0.546579
0.546579
0.546628
0.546628
-0.00878566
-0.00878566
0.00186336
0.00186336
0.434069
0.434069
-0.824442
-0.824442
0.119872
0.119872
0.535092
0.535092
0.525207
0.525207
0.542208
0.542208
-0.0718644
-0.0718644
0.374602
0.374602
-0.0216844
-0.0216844
0.0710035
0.0710035
0.0114595
0.0114595
0.538494
0.538494
0.473219
0.473219
0.43319
0.43319
0.00578136
0.00578136
-0.0115875
-0.0115875
-0.02847
-0.02847
-0.201385
-0.201385
0.539359
0.539359
0.537666
0.537666
0.541678
0.541678
0.542645
0.542645
0.543311
0.543311
-0.0120856
-0.0120856
-0.00593011
-0.00593011
-0.00606512
-0.00606512
-0.0290023
-0.0290023
-0.0260808
-0.0260808
-0.0334212
-0.0334212
0.506529
0.506529
0.524638
0.524638
-0.156696
-0.156696
0.541821
0.541821
0.543944
0.543944
0.54377
0.54377
0.536977
0.536977
0.542631
0.542631
0.540864
0.540864
-0.00398807
-0.00398807
-0.0104709
-0.0104709
-0.0142784
-0.0142784
0.235451
0.235451
0.362238
0.362238
0.67783
0.67783
0.768364
0.768364
0.647701
0.647701
0.421136
0.421136
0.183735
0.183735
0.578672
0.578672
0.643419
0.643419
0.547336
0.547336
0.703199
0.703199
0.690751
0.690751
0.707268
0.707268
0.185255
0.185255
0.0354727
0.0354727
0.193418
0.193418
0.135281
0.135281
0.53295
0.53295
0.531638
0.531638
0.523463
0.523463
0.520487
0.520487
0.537076
0.537076
0.535185
0.535185
0.539742
0.539742
0.536735
0.536735
0.539684
0.539684
0.541078
0.541078
-0.030322
-0.030322
-0.0546612
-0.0546612
-0.0678294
-0.0678294
-0.134048
-0.134048
0.330476
0.330476
0.591073
0.591073
0.271276
0.271276
0.301592
0.301592
0.162109
0.162109
-0.0176278
-0.0176278
-0.0170926
-0.0170926
-0.0205582
-0.0205582
-0.0273758
-0.0273758
0.0235431
0.0235431
-0.00351614
-0.00351614
0.064843
0.064843
0.0650558
0.0650558
0.0343819
0.0343819
0.00769816
0.00769816
0.0153478
0.0153478
0.00226939
0.00226939
0.00713145
0.00713145
0.531703
0.531703
0.530096
0.530096
0.536449
0.536449
0.54541
0.54541
0.482657
0.482657
0.486401
0.486401
0.451932
0.451932
0.472315
0.472315
0.457774
0.457774
0.397999
0.397999
0.432422
0.432422
0.407921
0.407921
0.00178272
0.00178272
0.0101298
0.0101298
0.00320159
0.00320159
-0.00631278
-0.00631278
-0.00136791
-0.00136791
-0.020015
-0.020015
-0.0169089
-0.0169089
-0.0173329
-0.0173329
-0.0119278
-0.0119278
-0.0166966
-0.0166966
-0.0234724
-0.0234724
-0.0264962
-0.0264962
-0.161097
-0.161097
-0.275417
-0.275417
0.997475
0.997475
0.92755
0.92755
0.13852
0.13852
0.528541
0.528541
0.534969
0.534969
0.531748
0.531748
0.536591
0.536591
0.539715
0.539715
0.54055
0.54055
0.538286
0.538286
0.534848
0.534848
0.525099
0.525099
0.526754
0.526754
0.523368
0.523368
0.52408
0.52408
-0.0911705
-0.0911705
-0.228312
-0.228312
-0.0579012
-0.0579012
-0.129284
-0.129284
0.150667
0.150667
0.632538
0.632538
0.374035
0.374035
0.311843
0.311843
0.306375
0.306375
0.532254
0.532254
0.939814
0.939814
0.729548
0.729548
0.710484
0.710484
0.728127
0.728127
-0.330695
-0.330695
0.0640148
0.0640148
-0.264792
-0.264792
0.354862
0.354862
0.177519
0.177519
0.675347
0.675347
0.725478
0.725478
0.748281
0.748281
0.695269
0.695269
0.647518
0.647518
-0.0993216
-0.0993216
0.564257
0.564257
-0.0538461
-0.0538461
-0.00433594
-0.00433594
0.194897
0.194897
0.0772949
0.0772949
0.710302
0.710302
0.674355
0.674355
0.678439
0.678439
0.696788
0.696788
0.714682
0.714682
0.680733
0.680733
0.663736
0.663736
0.658321
0.658321
0.692415
0.692415
0.696083
0.696083
0.505665
0.505665
0.266643
0.266643
0.219632
0.219632
0.181016
0.181016
0.657665
0.657665
0.542713
0.542713
0.597818
0.597818
0.510489
0.510489
0.52802
0.52802
0.530721
0.530721
0.529323
0.529323
0.511276
0.511276
0.518764
0.518764
0.51436
0.51436
0.52057
0.52057
0.523926
0.523926
0.532792
0.532792
0.53319
0.53319
0.528542
0.528542
0.530702
0.530702
-0.0349125
-0.0349125
-0.037816
-0.037816
-0.0129265
-0.0129265
-0.122867
-0.122867
-0.1131
-0.1131
-0.173657
-0.173657
-0.0494095
-0.0494095
0.0893279
0.0893279
0.0525971
0.0525971
0.24671
0.24671
0.352624
0.352624
0.0650835
0.0650835
-0.0479661
-0.0479661
-0.0194
-0.0194
0.0170698
0.0170698
0.191099
0.191099
0.216735
0.216735
0.0946191
0.0946191
0.181803
0.181803
0.170699
0.170699
0.154432
0.154432
0.255684
0.255684
0.260645
0.260645
-0.00426728
-0.00426728
-0.00832322
-0.00832322
-0.0103746
-0.0103746
-0.012981
-0.012981
0.0414699
0.0414699
0.111675
0.111675
0.121783
0.121783
0.0158639
0.0158639
0.0111527
0.0111527
-0.0130788
-0.0130788
-0.0146788
-0.0146788
-0.000570369
-0.000570369
-0.0056645
-0.0056645
-0.00220992
-0.00220992
0.0337427
0.0337427
-0.0408926
-0.0408926
-0.00764533
-0.00764533
0.00744867
0.00744867
0.0175943
0.0175943
0.0145163
0.0145163
0.00954973
0.00954973
0.524196
0.524196
0.526421
0.526421
0.52609
0.52609
0.533718
0.533718
0.551689
0.551689
0.567792
0.567792
0.52482
0.52482
0.504536
0.504536
0.495463
0.495463
0.498449
0.498449
0.471893
0.471893
0.482057
0.482057
0.477894
0.477894
0.491304
0.491304
0.512019
0.512019
0.521187
0.521187
0.518734
0.518734
0.521428
0.521428
0.504178
0.504178
0.505836
0.505836
0.492749
0.492749
0.496353
0.496353
0.471773
0.471773
0.452881
0.452881
0.44136
0.44136
-0.0318715
-0.0318715
0.00602508
0.00602508
-0.000385395
-0.000385395
-0.0294013
-0.0294013
0.000932582
0.000932582
-0.0120929
-0.0120929
0.00632526
0.00632526
0.0227571
0.0227571
0.00911041
0.00911041
0.00506931
0.00506931
-0.003889
-0.003889
-0.0144077
-0.0144077
-0.0120784
-0.0120784
-0.0647625
-0.0647625
0.0191121
0.0191121
-0.173499
-0.173499
-0.209525
-0.209525
-0.279198
-0.279198
0.900098
0.900098
1.02197
1.02197
0.822876
0.822876
0.597307
0.597307
0.612607
0.612607
0.854301
0.854301
0.940682
0.940682
0.56
0.56
0.746986
0.746986
0.771085
0.771085
0.588268
0.588268
0.854735
0.854735
0.533352
0.533352
0.532965
0.532965
0.530563
0.530563
0.530041
0.530041
0.531263
0.531263
-0.000603844
-0.000603844
0.102133
0.102133
0.107568
0.107568
0.165536
0.165536
0.282248
0.282248
0.395502
0.395502
0.318642
0.318642
0.19426
0.19426
0.326624
0.326624
0.330365
0.330365
0.625451
0.625451
0.638819
0.638819
0.593883
0.593883
0.617094
0.617094
0.617661
0.617661
0.437481
0.437481
0.513416
0.513416
0.566493
0.566493
0.522843
0.522843
0.573047
0.573047
0.593973
0.593973
0.551101
0.551101
0.582714
0.582714
0.53276
0.53276
0.488037
0.488037
0.484534
0.484534
0.433945
0.433945
0.454717
0.454717
0.431546
0.431546
0.413533
0.413533
0.523304
0.523304
0.500774
0.500774
0.511256
0.511256
0.501471
0.501471
0.521053
0.521053
0.545279
0.545279
0.542043
0.542043
0.574392
0.574392
0.585409
0.585409
0.505603
0.505603
0.462053
0.462053
0.471816
0.471816
0.501881
0.501881
0.462287
0.462287
0.476981
0.476981
0.493017
0.493017
0.234284
0.234284
0.134338
0.134338
0.218897
0.218897
-0.0698061
-0.0698061
0.00740186
0.00740186
-0.00712115
-0.00712115
-0.0545193
-0.0545193
-0.00701231
-0.00701231
0.278302
0.278302
-0.416688
-0.416688
-0.391665
-0.391665
-1.02286
-1.02286
0.505521
0.505521
0.970086
0.970086
0.66142
0.66142
0.634755
0.634755
0.711653
0.711653
0.69258
0.69258
0.697581
0.697581
0.717339
0.717339
0.721689
0.721689
0.648227
0.648227
0.665081
0.665081
0.668124
0.668124
0.630047
0.630047
0.653229
0.653229
0.675285
0.675285
0.672221
0.672221
0.534285
0.534285
0.400934
0.400934
0.396082
0.396082
0.348869
0.348869
0.220195
0.220195
0.257121
0.257121
0.458333
0.458333
0.38029
0.38029
0.305312
0.305312
0.3067
0.3067
0.471696
0.471696
0.358397
0.358397
0.427421
0.427421
0.464474
0.464474
0.395877
0.395877
0.349763
0.349763
0.554467
0.554467
0.619293
0.619293
0.609733
0.609733
0.584396
0.584396
0.501986
0.501986
0.51634
0.51634
0.540505
0.540505
0.57619
0.57619
0.602571
0.602571
0.633886
0.633886
0.52021
0.52021
0.526027
0.526027
0.52728
0.52728
0.524795
0.524795
0.522018
0.522018
0.524998
0.524998
0.525158
0.525158
0.527689
0.527689
0.528442
0.528442
0.531389
0.531389
0.530407
0.530407
-0.0225085
-0.0225085
-0.0110355
-0.0110355
-0.0246235
-0.0246235
-0.0315616
-0.0315616
-0.00150743
-0.00150743
-0.00595378
-0.00595378
0.0380639
0.0380639
0.0241888
0.0241888
0.0093987
0.0093987
0.0158159
0.0158159
-0.0110042
-0.0110042
-0.015408
-0.015408
-0.010087
-0.010087
-0.000806265
-0.000806265
0.115778
0.115778
0.12876
0.12876
0.112501
0.112501
0.0730715
0.0730715
0.260274
0.260274
0.391047
0.391047
0.462395
0.462395
0.339897
0.339897
0.233066
0.233066
0.256958
0.256958
0.279058
0.279058
0.00891442
0.00891442
0.0357526
0.0357526
0.0226706
0.0226706
0.0620083
0.0620083
0.0537711
0.0537711
-0.0114023
-0.0114023
-0.0157855
-0.0157855
-0.0146545
-0.0146545
-0.00781834
-0.00781834
0.00302681
0.00302681
-0.0162954
-0.0162954
-0.0226287
-0.0226287
-0.0123059
-0.0123059
-0.0170916
-0.0170916
-0.0193501
-0.0193501
-0.0247822
-0.0247822
0.506747
0.506747
0.500301
0.500301
0.501839
0.501839
0.495855
0.495855
0.494591
0.494591
0.508639
0.508639
0.512874
0.512874
0.514791
0.514791
0.520157
0.520157
0.52229
0.52229
0.512652
0.512652
0.518208
0.518208
0.52188
0.52188
0.00494424
0.00494424
-0.0199971
-0.0199971
-0.0236325
-0.0236325
-0.00817896
-0.00817896
-0.0146503
-0.0146503
-0.0137706
-0.0137706
-0.0126913
-0.0126913
0.127535
0.127535
0.0566976
0.0566976
0.0611595
0.0611595
0.0157987
0.0157987
-0.112852
-0.112852
-0.0552114
-0.0552114
0.493511
0.493511
0.49258
0.49258
0.487365
0.487365
0.723156
0.723156
0.573305
0.573305
0.492925
0.492925
0.589436
0.589436
0.694641
0.694641
0.278263
0.278263
0.477094
0.477094
0.310233
0.310233
0.893713
0.893713
0.787329
0.787329
0.933863
0.933863
0.547649
0.547649
0.247485
0.247485
0.406476
0.406476
0.455904
0.455904
0.26377
0.26377
0.336581
0.336581
0.336241
0.336241
0.223184
0.223184
0.255609
0.255609
0.289516
0.289516
0.391411
0.391411
0.26931
0.26931
0.244544
0.244544
0.00179857
0.00179857
0.190162
0.190162
0.306041
0.306041
0.287091
0.287091
0.415195
0.415195
0.477562
0.477562
0.266031
0.266031
0.187299
0.187299
0.141693
0.141693
0.615604
0.615604
0.633283
0.633283
0.648934
0.648934
0.622754
0.622754
0.64444
0.64444
0.583749
0.583749
0.571958
0.571958
0.590168
0.590168
0.600035
0.600035
0.595692
0.595692
-0.750202
-0.750202
-0.457046
-0.457046
-1.40207
-1.40207
-0.718134
-0.718134
-0.266044
-0.266044
0.536652
0.536652
0.501597
0.501597
0.776862
0.776862
0.658402
0.658402
0.715623
0.715623
0.699811
0.699811
0.65666
0.65666
0.623656
0.623656
0.64058
0.64058
0.669668
0.669668
0.362856
0.362856
0.4746
0.4746
0.449256
0.449256
0.454286
0.454286
0.355242
0.355242
0.286768
0.286768
0.588644
0.588644
0.582726
0.582726
0.617843
0.617843
0.641276
0.641276
0.609943
0.609943
0.64147
0.64147
0.517967
0.517967
0.517636
0.517636
0.517213
0.517213
0.513526
0.513526
0.511811
0.511811
0.514094
0.514094
0.0769331
0.0769331
0.0461979
0.0461979
0.0806425
0.0806425
0.061573
0.061573
0.0390665
0.0390665
0.0276843
0.0276843
0.012786
0.012786
0.00323343
0.00323343
-0.00554707
-0.00554707
-0.00677773
-0.00677773
0.00805152
0.00805152
0.0135015
0.0135015
0.171154
0.171154
0.111576
0.111576
0.033349
0.033349
0.0626596
0.0626596
0.00316075
0.00316075
-0.0640532
-0.0640532
-0.0818458
-0.0818458
0.0191108
0.0191108
0.113129
0.113129
0.10354
0.10354
0.409707
0.409707
0.661611
0.661611
0.481802
0.481802
0.649976
0.649976
0.490153
0.490153
0.545893
0.545893
0.477372
0.477372
0.469875
0.469875
0.496658
0.496658
0.384466
0.384466
0.4638
0.4638
0.241675
0.241675
-0.265445
-0.265445
-0.173368
-0.173368
0.793611
0.793611
0.809311
0.809311
0.592045
0.592045
0.410205
0.410205
0.179016
0.179016
0.363811
0.363811
0.556809
0.556809
0.49006
0.49006
0.527978
0.527978
0.597443
0.597443
0.587502
0.587502
0.022857
0.022857
0.0859881
0.0859881
0.356943
0.356943
0.58425
0.58425
0.24066
0.24066
0.232461
0.232461
0.226548
0.226548
0.40477
0.40477
0.326194
0.326194
))
(300 (2 1 3 0 0 1 918)(
0.985163 -0.000503371 0 
0.00501319 2.96625 0 
0.00630655 0.854272 0 
0.979703 0.00214779 0 
-0.0114673 2.05473 3.59191e-20 
-0.0070459 2.9488 -2.51908e-18 
0.815304 1.1529 4.33698e-19 
0.236384 0.115154 -1.57886e-20 
0.999907 -0.0002834 0 
0.0618136 0.794425 0 
0.0132266 0.601354 0 
0.734699 -0.0169531 0 
0.0111137 2.93039 0 
0.00232849 2.79513 0 
-0.0176493 3.15382 7.70185e-19 
-0.0203148 1.90369 3.26826e-23 
0.304832 0.0330139 1.03875e-18 
0.188553 1.16437 3.05787e-19 
0.962761 0.00501736 0 
-0.0134972 0.540027 0 
0.0401728 0.154548 -7.47073e-19 
1.00198 -0.0049793 0 
1.00022 -0.00979046 0 
0.975728 -0.00644019 0 
0.583321 -0.0383786 0 
0.0156784 2.64019 0 
-0.0149635 2.91005 9.30168e-19 
0.00941253 0.925015 0 
-0.00251997 1.16809 0 
0.00904083 0.90246 0 
-0.0140316 2.61106 0 
-0.000314786 2.11067 -2.86817e-20 
-0.00994021 1.8783 0 
-0.0206056 2.9876 -9.0699e-23 
-0.016688 3.00529 1.95775e-18 
0.00209859 3.00018 0 
0.870913 -0.00956667 0 
0.40499 0.938299 1.84646e-19 
0.794091 1.17032 -4.86698e-19 
0.940821 1.00954 5.28344e-19 
0.666147 1.26259 -9.99121e-20 
0.666743 1.24672 5.77866e-19 
0.27372 0.187477 1.54031e-20 
0.25036 0.0883231 0 
1.13641 0.550612 0 
0.241123 0.179323 7.03366e-20 
0.20769 0.114506 -7.29871e-20 
0.919814 -0.0074455 0 
1.00027 0.000156178 0 
0.999909 0.000336881 0 
1.00363 -0.00776824 0 
1.00096 -0.000922234 0 
1.00017 3.14642e-05 0 
0.076631 1.81556 -8.0436e-19 
0.0307 0.980124 0 
0.0961148 0.863249 0 
0.0129752 0.932974 0 
0.0364984 0.726395 0 
0.0136912 2.00372 0 
0.00503328 0.833477 0 
0.00810369 0.618813 0 
0.00265648 0.821914 0 
0.0175359 0.589712 0 
0.83944 -0.0158379 0 
0.845068 0.0298821 0 
0.76766 -0.00577406 0 
0.814169 0.0394058 0 
0.704434 -0.0193649 0 
0.0146857 3.00041 9.34464e-19 
0.0114906 3.00804 0 
0.00610921 3.00276 0 
0.013537 2.99736 1.06114e-23 
0.00796868 2.95848 -1.38884e-18 
0.0145014 2.98205 0 
0.0108754 2.90355 0 
0.024316 2.93082 2.14217e-24 
0.00464889 2.82516 0 
0.0304984 2.91646 0 
-0.00489026 2.74504 0 
0.307724 3.54986 0 
-0.131789 3.63112 0 
0.139216 3.24427 -7.16739e-19 
-0.0129879 2.98054 0 
-0.0233512 1.99703 0 
-0.00820345 2.16525 -3.22343e-23 
-0.0130099 1.91125 -1.18132e-20 
0.406481 0.143672 -3.59676e-19 
0.314486 0.018368 -3.47814e-19 
0.381746 0.153194 -1.08206e-18 
0.286079 0.042907 -7.11929e-19 
0.224592 0.96684 0 
0.270054 1.31045 -3.61916e-19 
0.36437 1.24338 6.03686e-19 
0.98747 0.0085572 0 
0.941915 0.00583596 0 
1.0003 0.000578521 0 
1.00286 0.00930624 0 
1.00302 0.00846195 -2.77951e-18 
0.991912 0.00969938 2.099e-18 
-0.00724961 0.805772 0 
-0.00496015 0.539967 0 
-0.0273617 0.981822 0 
-0.0123859 0.826846 0 
-0.00102058 0.534416 0 
0.0669963 0.156654 2.30832e-19 
0.128038 0.131853 0 
0.993542 -0.00837861 0 
0.954432 -0.00652311 0 
0.760032 0.0466079 0 
0.695614 0.0572375 0 
0.664213 -0.0315102 0 
0.964541 -0.00805872 0 
0.611392 0.0762921 0 
0.444523 -0.0110439 1.54999e-18 
-0.0371532 2.86216 6.96887e-19 
0.0413697 2.90953 0 
0.0540255 2.88569 0 
-0.0046429 2.7 0 
-0.0130716 2.98528 8.81887e-19 
-0.0178933 2.89516 0 
-0.0153628 2.98807 -2.73199e-18 
-0.0133112 2.92521 9.34897e-19 
-0.00298233 1.34592 0 
0.0178994 1.37853 0 
-0.00738123 2.13264 3.86216e-22 
-0.00579988 2.09058 0 
-0.0233018 1.88884 0 
0.938181 -0.00757455 0 
0.856741 -0.00981084 0 
0.863349 0.00607815 0 
0.949338 -0.00796215 0 
0.883774 -0.00812826 0 
0.517043 1.13179 -2.33008e-19 
0.566313 1.18299 0 
0.369043 0.882984 3.43263e-20 
0.311211 0.741916 0 
0.901289 1.04885 -1.44828e-19 
1.01367 0.854057 2.89813e-19 
0.357007 1.35959 0 
0.522385 1.32409 0 
0.54214 1.27438 0 
0.117342 0.182818 -3.02782e-19 
0.30596 0.17919 0 
0.273067 0.0832657 2.01191e-19 
0.985944 0.910082 0 
1.05756 0.764117 0 
1.08115 0.704799 -2.23499e-19 
1.11684 0.610298 0 
1.16932 0.397538 5.56313e-20 
0.957601 -0.00880779 0 
0.962421 -0.0100897 0 
0.901583 -0.00793897 0 
0.984179 -0.00916587 0 
0.974663 -0.00936723 0 
0.937083 -0.0063668 0 
1.00019 0.00233612 0 
1.0009 0.00140985 0 
0.99991 0.000852294 0 
0.0351158 2.06721 4.44353e-19 
0.120129 1.75796 0 
0.0165996 2.18198 6.90951e-19 
0.0501567 1.86972 -5.8225e-19 
0.103258 1.1727 -2.50146e-19 
0.0447665 1.05829 0 
0.143997 1.0144 0 
0.00615032 0.893139 0 
0.014415 0.675541 0 
-0.00216602 2.23634 -1.115e-21 
0.0211032 2.00819 0 
-0.00354628 2.23939 -4.82288e-20 
0.0148944 2.01294 8.36298e-20 
0.005745 0.865366 0 
0.00319915 0.846273 0 
0.00679321 0.64307 0 
0.00698431 0.805574 0 
0.00293912 0.575074 0 
0.93646 0.00932203 0 
0.847353 -0.0151672 0 
0.926203 3.38126e-05 0 
0.84099 -0.012912 0 
0.811985 0.000445582 0 
0.900786 0.0204667 0 
0.876337 0.0250887 0 
0.788858 -0.00216783 0 
0.00564033 3.06476 -8.74079e-21 
0.0166899 3.05785 0 
0.0146884 2.96904 0 
0.00861505 2.87618 0 
0.924682 3.9656 0 
1.23909 3.29863 9.30246e-19 
0.0697558 3.07268 0 
-0.0286209 2.90455 0 
-0.00137671 1.39426 0 
-0.0266629 1.69909 0 
-0.00944366 1.53578 0 
-0.0295024 2.56674 -5.9789e-21 
-0.0115152 2.25554 0 
-0.0186904 2.40366 0 
0.00408692 1.93939 2.45097e-21 
-0.00404461 2.23841 8.51278e-21 
-0.0054651 2.19979 1.18611e-20 
-0.00448206 1.92475 0 
0.442494 0.124716 5.44556e-19 
0.354556 0.00959115 -5.34607e-19 
0.259999 1.57923 0 
0.273025 0.741123 -3.17186e-19 
0.177192 1.66507 -1.06177e-18 
0.226878 1.20714 1.06429e-18 
0.902164 0.00645178 0 
0.96747 0.0110794 0 
0.974596 0.0107865 0 
0.923398 0.00645751 0 
-0.001213 0.798499 0 
-0.00834579 0.798513 0 
0.00601865 0.550301 0 
0.206375 0.172042 6.49036e-19 
0.17227 0.157897 -7.67976e-19 
0.172586 0.121062 0 
1.08946 0.0837239 2.83897e-20 
1.07187 0.0380118 0 
1.00658 0.0388543 0 
0.902424 -0.00667302 0 
0.482324 0.106668 0 
0.532297 0.0876979 -2.47835e-18 
0.395544 0.00611341 9.27984e-19 
0.00889953 2.98085 7.44013e-19 
-0.0329088 2.86566 4.68015e-20 
0.00365601 3.0502 -1.84851e-20 
0.0201952 3.04341 6.57792e-19 
-0.0150197 2.99657 3.06819e-20 
-0.0129599 2.94949 -1.23436e-22 
-0.0172578 3.01193 -5.67155e-19 
0.0148565 3.02381 4.10198e-19 
0.00736022 3.03677 -6.50455e-19 
0.933065 -0.0015738 0 
0.938851 -0.00349038 0 
0.844886 -0.00933869 0 
0.956657 0.0118136 0 
0.942911 0.0130833 0 
0.881716 0.00599905 0 
0.917696 0.0166622 0 
0.926312 0.0148083 0 
0.838559 0.00323952 0 
0.720044 1.40987 3.67824e-20 
0.753432 1.51879 0 
0.186819 0.325281 7.20598e-20 
0.221757 0.662845 5.82087e-19 
0.26138 0.721637 -3.38912e-19 
0.265883 0.533549 6.73646e-19 
0.338905 0.796456 1.59233e-18 
0.136219 0.224112 3.74739e-19 
0.355299 0.169342 7.55119e-19 
0.332868 0.177311 1.96981e-19 
0.280366 0.0630184 3.75208e-19 
1.15884 0.455189 4.2295e-20 
1.17735 0.25211 3.73383e-20 
0.00851655 2.22958 2.70457e-19 
0.0445894 1.93726 0 
0.96649 0.0285591 0 
0.94044 0.0133124 0 
0.865322 -0.0184922 0 
0.0111922 3.07432 0 
0.0196522 2.944 1.2071e-18 
0.016451 2.9563 0 
0.00636156 2.85066 -1.19743e-18 
0.00624567 3.09086 2.93187e-19 
0.00729018 3.0827 0 
0.786457 1.82113 -1.59154e-19 
1.24697 2.49837 4.05253e-19 
0.76857 1.96068 -1.23497e-18 
0.0200275 2.98095 -6.44259e-19 
0.0357773 3.0009 0 
-0.03388 2.87798 0 
-0.00412101 2.21863 -1.27457e-20 
-0.00329883 2.24097 -2.55081e-20 
0.00802502 1.97368 -7.95517e-21 
0.276867 1.387 1.03171e-18 
0.231646 0.529642 -7.07681e-19 
0.0635194 1.99195 7.79305e-19 
0.136009 1.87992 -9.25447e-19 
0.179858 1.49934 9.2559e-20 
0.00199219 3.11867 -1.83369e-18 
0.01644 3.11794 1.96551e-18 
-0.0090439 2.98112 8.12411e-19 
-0.00345956 2.97746 -7.69742e-19 
-0.0211082 2.88136 -8.27418e-19 
0.0086491 3.09967 -2.18173e-18 
0.00232833 3.10628 2.1298e-18 
0.275819 0.687394 0 
0.241488 0.677374 -1.20124e-18 
0.0965144 0.224692 5.32826e-19 
0.353006 0.922266 1.11293e-18 
0.191469 0.268923 -1.71584e-18 
1.17243 0.171468 6.98057e-20 
1.17783 0.305821 0 
1.16105 0.12023 -1.51338e-20 
0.000698815 2.24788 -1.76686e-21 
0.00415428 2.23961 0 
0.0287227 1.9729 0 
0.340143 1.2954 -3.71157e-19 
0.370935 1.13395 -8.03017e-19 
0.205492 0.368225 1.42989e-18 
1.00587 -0.0108537 0 
1.00766 -0.00764724 5.1292e-19 
-0.00303502 1.32179 0 
-0.0225503 1.30216 0 
1.00222 0.00350548 1.80655e-21 
1.00366 0.00945151 1.04695e-18 
-0.0182704 2.55076 7.57131e-21 
-0.0243543 2.59354 0 
0.035599 3.17812 4.30794e-19 
0.394284 3.48926 0 
1.16488 0.649618 -6.64058e-20 
1.0129 0.0130967 -2.14858e-21 
1.02126 -0.0103628 0 
1.00171 0.000118349 7.59707e-23 
0.102981 1.35976 0 
0.144604 2.57446 0 
0.0262247 1.30027 0 
0.00159487 2.62406 4.81697e-20 
-0.0200434 2.58263 1.84705e-20 
1.00083 0.0289764 2.48263e-21 
1.06212 0.00387244 0 
1.09544 0.0236785 0 
-0.0235795 1.74102 0 
-0.0198147 2.59161 0 
0.000819782 1.297 0 
0.296905 1.47191 -1.58711e-19 
1.01127 -0.00964386 0 
1.00939 -0.0149259 0 
1.00238 0.000736401 6.55515e-19 
1.00547 -0.00482083 -7.70342e-19 
1.00118 -0.000997107 0 
-0.00659999 1.45885 0 
-0.00549323 1.36517 0 
0.000382486 1.41436 0 
-0.000264356 1.28462 0 
-0.00881251 1.26212 0 
-0.00425567 1.2407 0 
1.0347 -0.00631183 0 
1.02028 0.0156895 -8.94606e-22 
0.804572 1.26532 2.47225e-19 
1.00223 0.000311047 -6.52693e-19 
1.00407 0.00524783 7.64292e-19 
1.00117 0.00206564 0 
1.01278 0.0103156 6.49771e-19 
1.00801 0.0082929 -7.8716e-19 
1.00858 0.0146867 0 
-0.0249601 2.62119 0 
-0.0260761 2.601 -1.33104e-20 
-0.0242096 2.61493 9.91432e-21 
1.23008 0.261549 6.13213e-19 
1.15729 0.0842948 0 
0.0425868 3.07723 -9.51822e-19 
0.0652787 2.85444 -6.92263e-20 
0.141039 3.19246 1.45576e-18 
0.136119 3.22124 -2.12121e-19 
0.134448 3.23307 0 
0.0202183 3.13747 2.4624e-19 
0.0761479 3.16025 9.38972e-19 
0.0688096 3.18597 -4.63912e-19 
0.0225915 3.12978 0 
0.621443 0.280623 0 
0.551662 0.326868 0 
1.13305 0.685666 1.5859e-19 
1.12826 0.807772 -1.51329e-19 
1.19142 0.573827 0 
1.22088 0.509976 0 
1.01612 0.013321 -1.21133e-18 
1.01499 0.0142541 1.52046e-18 
1.02525 -0.00990745 0 
1.02332 -0.0119063 0 
1.00643 0.00257947 0 
1.01041 0.00370028 0 
1.00457 0.0018379 0 
1.00981 0.00620439 0 
1.00784 0.00595701 0 
1.00451 0.0046628 0 
0.0914312 1.35712 0 
0.0853645 1.32775 0 
0.122658 1.39297 0 
0.137306 1.40387 0 
0.144797 2.5991 0 
0.185187 2.66705 -4.371e-19 
0.10029 2.65495 0 
0.0856341 2.65759 2.11873e-19 
0.039156 2.67884 -1.75144e-19 
0.0174572 1.31617 0 
0.0186976 1.24385 0 
0.0187465 1.32474 0 
0.0285659 1.26821 0 
0.00371639 1.98038 -1.4884e-20 
-0.0184536 2.6105 -2.64706e-22 
-0.00706542 2.66578 3.74501e-20 
-0.0166468 2.68598 0 
-0.0213489 2.61727 -4.16025e-20 
-0.0217686 2.61217 -8.70254e-21 
0.0131292 1.97923 1.39134e-20 
-0.00537291 2.39612 3.55196e-22 
-0.0117092 2.41824 -4.24772e-20 
1.01086 0.0368481 1.23542e-18 
1.00619 0.0162215 -1.52592e-18 
1.0021 0.0438132 -1.23636e-18 
0.97935 0.0221973 1.5769e-18 
1.06334 0.00768037 0 
1.04868 -0.00859124 0 
1.09265 0.033645 0 
1.07308 0.0119631 0 
1.07087 -0.000134268 0 
1.13795 0.0806412 0 
1.1094 0.0429499 0 
1.11245 0.0309757 0 
-0.024511 2.44086 -2.32831e-22 
-0.0092958 2.01747 0 
-0.0147522 2.22344 0 
-0.0205693 2.61185 -4.13231e-21 
-0.0183753 2.62021 -1.36343e-22 
0.00753954 1.56685 -2.11794e-20 
0.00152244 1.49549 2.15267e-20 
-0.00512667 1.38352 0 
-0.00838138 1.3893 0 
-0.0110496 1.3837 0 
0.00462566 1.29994 0 
0.0130226 1.23812 0 
0.377739 1.48783 2.5679e-19 
0.418376 1.4908 1.39274e-19 
0.597633 2.44958 -2.41182e-19 
0.400842 2.54411 7.11302e-19 
0.350811 2.06541 7.37685e-20 
1.02099 -0.00818709 0 
1.01547 -0.00978662 0 
1.01489 -0.0155149 0 
1.00745 -0.00115425 0 
1.00494 -0.000936005 0 
1.00776 -0.00474974 0 
1.00924 -0.00369376 0 
1.01418 -0.00445638 0 
1.02102 0.0161481 1.18604e-18 
1.01792 0.0156767 -1.51938e-18 
1.02142 0.0181214 -1.19476e-18 
1.01926 0.0168388 1.49327e-18 
0.768572 1.31526 0 
0.704981 1.36632 2.31814e-19 
0.88125 1.2125 8.48195e-20 
0.925634 1.16047 -1.12806e-19 
1.15801 2.60715 2.91757e-19 
0.79402 0.115823 6.04648e-19 
1.16049 0.105933 0 
1.20718 0.190232 -4.92798e-19 
1.19222 0.152004 -2.08608e-20 
1.00489 0.150856 0 
0.133797 2.95972 5.58076e-19 
0.110858 2.86544 -1.20784e-18 
0.0206964 2.37448 8.12421e-19 
0.0903555 -0.0571595 -3.60786e-19 
0.339108 3.41864 -2.057e-19 
0.193345 3.31166 0 
0.236544 3.35324 2.67891e-19 
0.243392 3.03295 -1.84384e-18 
0.338212 3.19218 0 
0.00609866 3.12105 4.77305e-20 
0.0158329 3.12984 -5.62489e-19 
0.0143315 3.12591 8.2787e-19 
0.0353791 3.14005 0 
0.0339165 3.15043 0 
1.21565 2.60583 0 
0.544051 0.826703 -5.37365e-19 
1.05161 0.982149 4.55738e-21 
0.985813 1.06529 0 
0.840471 0.968498 -1.16259e-19 
1.07742 0.879292 2.85244e-20 
0.357111 0.374372 -9.28473e-19 
0.674709 0.311636 -2.0639e-20 
0.624305 0.220799 4.28556e-19 
0.574241 0.360941 3.16386e-20 
0.484385 0.324744 -1.27357e-18 
0.644271 0.323607 0 
0.700719 0.41543 7.27827e-19 
0.709783 0.416764 0 
0.608225 0.351448 0 
0.563121 0.270227 0 
0.809672 0.61344 4.29414e-19 
1.23034 0.283957 -5.17818e-19 
1.22857 0.421049 0 
1.23818 0.360967 0 
0.726994 0.187898 6.363e-19 
0.856109 0.537348 -3.94979e-19 
0.751637 0.507729 7.00128e-19 
0.951417 0.430633 -7.68811e-19 
1.01957 0.0147762 8.14887e-19 
1.01775 0.0142552 -8.19688e-19 
1.01593 0.0154787 0 
1.03616 -0.00585479 0 
1.0297 -0.00851895 -7.68011e-19 
1.02775 -0.0120507 7.60401e-19 
1.02498 0.0100506 0 
1.02358 0.0136931 0 
1.01141 0.00409137 0 
1.01426 0.00904556 0 
1.01515 0.00401973 0 
1.01424 0.00279294 0 
0.0626272 1.34251 0 
0.0644809 1.29763 0 
0.14367 1.36711 -6.67092e-21 
0.270598 1.46897 8.14105e-20 
0.164038 1.44044 1.68984e-19 
0.195987 1.44749 -2.77067e-19 
0.164932 1.39164 0 
0.129989 1.59457 -8.57934e-20 
0.113926 1.5681 0 
0.348322 2.01768 -1.07241e-19 
0.344829 2.34991 6.30545e-19 
0.186593 1.45193 7.48148e-20 
0.261404 1.38159 1.82705e-20 
0.195883 1.3714 -1.47816e-20 
0.271639 1.32404 -1.11373e-19 
0.239077 1.5773 0 
0.261597 1.61673 1.19153e-19 
0.0304348 2.26383 -3.76381e-20 
0.043656 2.66805 0 
0.0649633 2.40113 1.52166e-19 
0.0611677 2.42134 0 
0.0694944 2.6705 -2.3467e-19 
0.0496215 2.69828 0 
0.0283027 1.41512 8.96186e-21 
0.0349399 1.46801 0 
0.0288162 1.38512 0 
0.0243679 1.38697 -1.01115e-20 
0.00159703 2.65159 -1.73384e-20 
0.0301708 2.69653 1.99911e-19 
0.0117587 2.72154 1.40887e-21 
0.00567458 1.82725 1.25733e-20 
-0.00178679 1.67778 5.13852e-21 
0.0136364 1.28999 0 
0.0223789 1.22168 0 
0.0469358 1.57715 2.13683e-21 
0.0293101 1.45104 -4.45242e-21 
0.0370343 1.51591 5.37773e-21 
0.0393924 1.60106 0 
-0.0267146 2.27387 6.69661e-20 
-0.0270254 2.55752 -2.757e-20 
-0.0142564 2.45213 2.10418e-22 
0.00063598 1.84384 -1.52424e-20 
-0.022446 2.50199 -5.02837e-21 
-0.0189237 2.44335 2.79884e-20 
1.01933 0.0209342 -8.0968e-19 
1.01539 0.0266537 8.14453e-19 
1.01446 0.0161735 0 
1.01232 0.0705713 1.14386e-18 
0.990089 0.0593366 -1.28634e-18 
0.947921 0.0439661 1.44091e-18 
1.01364 0.108343 -1.52514e-19 
1.04245 -0.005902 0 
1.05063 -0.00168237 7.33136e-19 
1.03874 -0.00999972 -7.34679e-19 
1.07024 0.0414672 -4.36635e-20 
1.06402 0.022763 3.7628e-19 
1.06288 0.0545983 0 
1.05333 0.0482228 -1.35249e-19 
1.03239 0.0413594 0 
1.02583 0.0379046 0 
1.02782 0.0130412 0 
1.02414 0.0158177 0 
1.03998 0.0316747 2.785e-19 
1.03893 0.0263018 -6.15274e-19 
1.0506 0.0330656 -2.95339e-19 
1.04809 0.033033 -3.25066e-19 
1.07015 0.0627927 6.35456e-19 
1.09521 0.0508311 0 
1.10331 0.0945275 0 
-0.0208686 2.27937 4.16589e-20 
-0.0188657 2.02079 -5.52747e-22 
-0.0150826 2.02722 0 
-0.0260733 2.4534 -4.14501e-20 
-0.0204336 2.40914 7.81475e-22 
-0.0319026 2.48254 3.47686e-21 
-0.0194661 2.62635 7.24767e-21 
-0.0198304 2.56919 -1.12751e-21 
-0.0184182 2.51857 2.69559e-21 
-0.015326 2.62228 8.49391e-22 
-0.0201157 2.62316 3.93019e-22 
0.0028559 1.47909 -3.53913e-22 
0.0091923 1.61565 -1.80258e-20 
0.363714 1.4325 -1.07019e-19 
0.364361 1.37034 4.2301e-20 
0.648505 1.41567 -2.24278e-19 
0.517008 1.48235 -1.36536e-19 
0.572824 1.45003 0 
0.593303 2.4262 2.10437e-19 
0.661138 2.41951 3.39837e-19 
0.410552 2.51726 8.54884e-20 
0.40265 2.54419 -6.27518e-19 
0.511293 2.48835 6.19259e-19 
0.552769 2.46339 0 
0.488874 2.51886 -5.6583e-19 
0.247552 2.59216 1.17379e-18 
0.353616 2.56578 -8.02617e-20 
0.283724 2.65358 -1.61578e-18 
0.945512 2.38129 7.29563e-19 
0.837355 2.38515 0 
1.01103 0.000461501 2.65902e-20 
1.01527 -0.0054666 -2.1581e-20 
1.01764 -0.00360227 -3.94215e-19 
1.01497 -0.000939337 3.96227e-19 
1.01239 0.00111439 0 
0.636873 1.28703 0 
0.661401 1.18343 0 
0.77074 1.09593 0 
0.653963 1.14752 0 
1.18733 2.62137 5.88207e-20 
1.07601 2.36777 0 
0.839111 2.18165 3.84098e-21 
0.826122 2.44565 0 
0.923277 2.53714 -4.25357e-19 
0.95887 2.49281 2.8308e-19 
0.812858 0.173967 0 
0.772193 0.147182 1.64402e-19 
0.919343 0.144966 9.57526e-19 
0.835104 0.147418 -3.58034e-19 
0.799562 0.0839128 -1.10466e-18 
1.07842 0.234386 -9.18275e-19 
0.992156 0.292053 -1.59947e-20 
0.92775 0.293081 8.81144e-19 
1.00431 0.223029 7.36598e-19 
0.951934 0.189894 -1.27146e-18 
0.91666 0.191088 1.58898e-19 
0.95481 0.255532 -3.38766e-19 
0.931297 0.21743 0 
0.992486 0.184164 6.27531e-19 
1.04526 0.186877 0 
1.04103 0.213733 0 
1.10488 0.117505 2.95487e-19 
1.06893 0.175326 -1.4337e-20 
1.07301 0.235393 -1.61348e-19 
1.10272 0.201977 0 
1.02276 0.0454826 6.28364e-19 
1.04017 0.0581586 7.83421e-19 
1.03386 0.0441456 -6.23313e-19 
1.0431 0.0649051 -5.24986e-19 
1.01898 0.0727619 -8.04265e-19 
0.98803 0.157668 0 
0.999034 0.104719 0 
0.965681 0.0665866 -5.13454e-19 
0.91265 0.0898063 2.01665e-19 
1.03869 0.103831 7.26201e-19 
1.06843 0.120311 -8.53035e-19 
1.07519 0.153391 7.62307e-19 
1.029 0.142969 0 
1.07452 0.108336 0 
1.0549 0.090331 -3.49054e-19 
1.04447 0.0947594 -5.94501e-19 
0.582798 1.0753 1.40961e-19 
0.611976 1.40302 -4.25456e-20 
1.1576 2.73726 -2.29032e-19 
1.22383 3.07874 1.85883e-21 
1.24971 2.72022 -1.34091e-19 
1.27927 2.70392 -2.87963e-20 
1.20747 2.34468 -1.04468e-20 
1.21125 2.98284 -9.42735e-20 
1.23084 2.94819 2.36088e-19 
1.2146 3.23214 -1.43223e-19 
1.37509 2.96403 1.98031e-19 
1.36519 2.88226 0 
0.55222 0.834743 -5.04168e-20 
0.130255 1.24598 5.79882e-19 
0.538527 0.422992 6.00609e-19 
0.377229 0.171993 6.61498e-19 
0.515285 0.360762 7.1958e-19 
0.54596 0.461353 -1.15867e-18 
0.547864 0.462249 9.46698e-19 
0.490755 0.3758 -3.63306e-19 
0.402202 0.307733 8.2294e-19 
0.733141 0.253123 -3.64666e-19 
0.693504 0.278253 0 
0.667068 0.19712 8.47581e-21 
0.734407 0.505236 3.82865e-19 
0.706558 0.473979 -1.39601e-18 
0.61588 0.459424 1.42845e-20 
0.622496 0.446482 0 
0.682818 0.723981 4.05871e-19 
0.842868 0.772147 4.11191e-19 
0.765358 0.855265 -4.80689e-19 
0.888011 0.808143 -1.62805e-19 
0.91708 0.851203 -4.03586e-20 
0.924743 0.851199 4.1333e-20 
0.85499 0.646487 -7.11852e-19 
0.936501 0.702336 1.51249e-19 
0.992981 0.716644 0 
0.984228 0.693501 -2.0636e-19 
1.022 0.331115 2.21539e-19 
1.14433 0.299269 3.02769e-19 
1.06512 0.270651 3.75662e-19 
1.00905 0.362508 -4.46133e-19 
1.05898 0.427407 0 
1.11644 0.413557 0 
0.917627 0.364298 5.5182e-21 
0.840934 0.296706 0 
0.880718 0.292122 4.15286e-19 
0.908134 0.299892 -5.25741e-21 
0.945394 0.433096 2.14315e-18 
0.904919 0.490469 5.53907e-19 
0.90755 0.45571 -5.89222e-19 
0.826239 0.439902 6.30934e-19 
0.809255 0.432378 3.78824e-19 
0.778714 0.41377 -3.72439e-19 
1.0272 -0.000422873 6.56689e-19 
1.01999 -9.90016e-05 0 
1.01849 0.000837201 4.28126e-19 
1.02169 -0.00171649 -9.6985e-19 
1.0223 0.00427747 4.71074e-19 
1.02038 0.0112335 -9.86569e-19 
1.02132 0.0106242 0 
1.02063 0.0108799 -2.05573e-19 
1.01598 0.00769804 5.15719e-19 
1.0167 0.0104556 -2.57323e-19 
1.0174 0.00980336 1.89515e-19 
0.0295277 1.31772 0 
0.0327236 1.35863 0 
0.0430256 1.31994 0 
0.0429196 1.27528 0 
0.0704339 1.38238 -1.1188e-20 
0.0774159 1.35294 1.04122e-20 
0.11058 1.51543 -2.25044e-20 
0.0932796 1.36355 2.58366e-21 
0.0336915 1.45604 -1.71632e-20 
0.0374298 1.44884 1.34888e-20 
0.0619239 1.36707 -8.10738e-21 
0.054101 1.36898 1.7915e-20 
0.0470174 1.34449 2.47583e-21 
0.0386842 1.36725 -8.20269e-22 
0.105993 2.37246 -1.68207e-19 
0.0948624 2.41917 0 
0.169054 2.04823 1.13704e-19 
0.108262 1.70929 4.67995e-20 
0.229826 2.04432 -9.32375e-20 
0.203641 2.43764 0 
0.264419 2.38861 -6.12313e-19 
0.302756 2.3866 4.34081e-19 
0.229005 2.00466 -2.59486e-19 
0.152529 2.16519 1.72972e-19 
0.142607 2.27667 0 
0.0180245 1.87513 -2.6951e-20 
-0.000247979 2.39402 -7.43173e-20 
0.00590299 2.1491 0 
0.0113561 2.4568 -1.35108e-20 
0.0270168 2.30156 2.5014e-20 
0.0174694 1.39677 -2.45567e-21 
0.0191937 1.38333 4.55787e-20 
0.0199939 1.38731 -1.6651e-20 
0.022537 1.38711 -1.07104e-20 
0.0279139 1.41897 0 
0.0168648 1.36941 0 
0.0112805 1.29077 -2.45674e-20 
0.0119197 1.36014 6.15163e-21 
0.0160976 1.3614 0 
0.0140477 1.28418 -1.82511e-20 
0.0230592 1.21752 3.80617e-20 
1.04049 0.0114349 0 
1.04647 0.00771432 -6.87884e-20 
1.03854 0.0212594 -4.96077e-19 
1.04807 0.0201511 0 
1.05203 0.0200242 0 
1.03627 0.0115505 -6.6999e-21 
1.03096 0.0113931 7.96865e-19 
1.03174 0.0163094 9.65929e-19 
1.02574 0.0202061 0 
1.02286 0.0205993 0 
1.03511 0.0250248 4.94629e-19 
1.02597 0.0262657 0 
1.02422 0.0262831 0 
-0.0133402 2.01899 0 
0.00881901 1.64647 -3.99937e-21 
0.000824687 1.75396 -2.40997e-20 
0.00535758 1.36981 0 
-0.000760762 1.54289 -7.20801e-21 
0.00194951 1.44783 6.12786e-21 
0.0026003 1.37956 0 
0.391148 1.66634 0 
0.3674 1.29925 -8.03167e-20 
0.30229 1.34214 0 
0.420936 1.29989 2.08248e-20 
0.466958 1.45849 0 
0.447965 1.40357 1.76047e-20 
1.03634 2.68563 -1.54967e-20 
0.966669 2.41114 -9.17147e-19 
0.917953 2.19425 1.04292e-18 
0.85096 2.37735 2.43098e-19 
0.848147 2.49661 0 
0.918047 2.49257 0 
0.928828 2.37492 0 
0.907673 2.36246 -9.45996e-19 
0.689386 2.46365 -3.9834e-19 
0.801667 2.45362 -9.82975e-20 
0.812418 2.42735 7.48512e-20 
0.695596 2.39388 0 
0.800405 2.38971 0 
0.758937 2.40226 -3.69799e-19 
0.769378 2.48666 0 
0.622139 1.0994 0 
0.486575 0.922566 -5.0768e-19 
0.560253 0.958217 -3.22816e-20 
0.524516 1.05415 0 
0.525392 1.00196 7.62028e-19 
0.78818 0.880142 -1.34945e-19 
0.795673 1.01768 0 
0.770043 0.979275 1.95423e-19 
0.655699 1.03622 0 
0.659993 0.941585 0 
1.16568 2.75967 -2.33887e-19 
1.14343 2.82295 -9.89337e-20 
0.932742 2.34164 1.02893e-19 
0.900325 2.32069 -8.41797e-20 
1.13079 2.73321 0 
1.08417 2.70321 1.0133e-19 
1.09088 2.48674 -3.19516e-19 
0.985391 2.23686 -3.07378e-20 
0.498357 1.35099 0 
0.512822 1.07624 -1.2432e-19 
0.569843 1.17002 0 
0.857722 0.232109 0 
0.78161 0.187172 0 
0.719792 0.14712 0 
0.851473 0.23511 -6.53662e-19 
0.755625 0.223907 3.82167e-19 
0.928613 0.0760431 -4.16541e-19 
0.943977 0.122483 0 
0.923916 0.135858 1.78665e-19 
0.861662 0.11074 7.17251e-19 
0.829289 0.0682686 -4.48817e-19 
1.16106 3.35735 -7.20049e-19 
1.20926 3.27667 0 
1.15909 3.38567 -1.48538e-18 
0.646628 3.54656 1.2617e-18 
0.870847 3.1142 6.93609e-20 
0.520975 0.837951 6.09013e-19 
0.433417 0.835035 0 
0.329834 0.46066 -1.53499e-19 
0.45688 0.670734 8.71929e-19 
0.541054 0.427703 -2.08285e-19 
0.51117 0.492556 2.40079e-19 
0.665221 0.51858 5.16744e-19 
0.697231 0.546093 0 
0.650582 0.598053 0 
0.607505 0.539733 0 
0.996703 0.603085 9.84045e-20 
0.911213 0.539557 -5.38928e-19 
0.937517 0.573073 4.08779e-19 
0.969713 0.510808 -4.16384e-19 
1.07696 0.483752 0 
1.08377 0.573102 -1.03428e-19 
0.849009 0.392968 -8.64336e-19 
0.851752 0.382027 -1.06767e-18 
0.794426 0.381751 6.74157e-19 
0.794354 0.353669 -6.89144e-19 
0.84335 0.315519 -5.39069e-19 
0.793232 0.313709 6.61559e-19 
1.02668 0.00575198 -5.02099e-19 
1.0264 0.00597638 1.02234e-18 
1.0293 -6.31547e-05 6.36563e-19 
1.03346 0.000832634 -7.66629e-19 
1.03357 0.00872761 0 
1.03005 0.00939318 -1.24762e-18 
0.0620688 1.64427 2.55735e-20 
0.0446869 1.57792 0 
0.0839736 1.69476 1.54545e-19 
0.0948504 1.67657 -1.36648e-19 
0.0867178 1.53097 4.22064e-20 
0.0849099 1.51648 0 
0.0138449 1.67434 0 
0.00143306 1.48 3.03276e-22 
0.00588512 1.42465 -2.72745e-22 
0.000679818 1.53829 6.59369e-21 
0.00508574 1.87659 -3.33806e-22 
-0.00493496 1.9293 4.0695e-21 
0.498034 1.37081 -2.78154e-19 
0.491354 1.37386 3.0528e-19 
0.44687 1.29646 -3.64778e-20 
0.436094 1.29285 8.08475e-21 
0.628638 1.30158 0 
0.545382 1.38911 9.56156e-20 
0.560671 1.39679 -9.30984e-20 
0.458049 1.2822 3.54503e-20 
0.513727 1.23757 0 
0.566144 1.20477 0 
0.65608 2.42275 5.85296e-19 
0.670577 2.4614 1.27508e-18 
0.716042 2.47271 -8.78329e-19 
0.613773 2.4476 -2.05248e-19 
0.5608 2.53939 2.86467e-19 
0.509721 2.51271 -7.63706e-19 
0.977539 2.38084 -5.8358e-19 
1.01354 2.39402 0 
0.924522 2.17238 -6.75208e-19 
1.05444 2.6826 0 
1.05669 2.66939 0 
0.609782 2.26924 -1.19705e-19 
1.0421 3.16058 1.33952e-19 
0.913079 3.03059 -3.74916e-20 
0.277679 0.893833 0 
0.313453 0.749349 -3.21287e-19 
0.476915 0.706949 -3.23365e-19 
0.386683 2.01545 0 
0.466111 2.78346 -4.82837e-20 
0.421418 2.54701 0 
0.700238 0.671362 -8.59736e-19 
0.783571 0.676535 1.16657e-18 
0.803527 0.61928 -1.15418e-18 
0.679025 0.633581 -1.11044e-19 
0.734244 0.5883 -4.58798e-19 
1.00472 2.76267 -1.01862e-19 
1.04301 2.82028 -1.65592e-19 
0.638605 2.14142 6.75549e-19 
0.595206 1.70998 -4.81532e-19 
0.699766 1.90372 -4.06839e-19 
0.990654 2.44623 -1.13874e-19 
0.996085 2.43888 2.98539e-19 
0.659186 1.84013 2.82182e-20 
0.451492 1.33124 1.45714e-19 
))
(300 (2 10 3 0 0 919 1018)(
0 0 0 
0 0 0 
0 0 0 
0 0 0 
0 0 0 
0 0 0 
0 0 0 
0 0 0 
0 0 0 
0 0 0 
0 0 0 
0 0 0 
0 0 0 
0 0 0 
0 0 0 
0 0 0 
0 0 0 
0 0 0 
0 0 0 
0 0 0 
0 0 0 
0 0 0 
0 0 0 
0 0 0 
0 0 0 
0 0 0 
0 0 0 
0 0 0 
0 0 0 
0 0 0 
0 0 0 
0 0 0 
0 0 0 
0 0 0 
0 0 0 
0 0 0 
0 0 0 
0 0 0 
0 0 0 
0 0 0 
0 0 0 
0 0 0 
0 0 0 
0 0 0 
0 0 0 
0 0 0 
0 0 0 
0 0 0 
0 0 0 
0 0 0 
0 0 0 
0 0 0 
0 0 0 
0 0 0 
0 0 0 
0 0 0 
0 0 0 
0 0 0 
0 0 0 
0 0 0 
0 0 0 
0 0 0 
0 0 0 
0 0 0 
0 0 0 
0 0 0 
0 0 0 
0 0 0 
0 0 0 
0 0 0 
0 0 0 
0 0 0 
0 0 0 
0 0 0 
0 0 0 
0 0 0 
0 0 0 
0 0 0 
0 0 0 
0 0 0 
0 0 0 
0 0 0 
0 0 0 
0 0 0 
0 0 0 
0 0 0 
0 0 0 
0 0 0 
0 0 0 
0 0 0 
0 0 0 
0 0 0 
0 0 0 
0 0 0 
0 0 0 
0 0 0 
0 0 0 
0 0 0 
0 0 0 
0 0 0 
))
(300 (2 11 3 0 0 1019 1026)(
1 0 0 
1 0 0 
1 0 0 
1 0 0 
1 0 0 
1 0 0 
1 0 0 
1 0 0 
))
(300 (2 12 3 0 0 1027 1030)(
0 3 0 
0 3 0 
0 3 0 
0 3 0 
))
(300 (2 13 3 0 0 1031 1038)(
0.00630655 0.854272 0 
-0.0114673 2.05473 3.59191e-20 
-0.00251997 1.16809 0 
-0.0140316 2.61106 0 
-0.0233512 1.99703 0 
0.0178994 1.37853 0 
-0.00944366 1.53578 0 
-0.0186904 2.40366 0 
))
(300 (2 14 3 0 0 1039 1072)(
0 0 0 
0 0 0 
0 0 0 
0 0 0 
0 0 0 
0 0 0 
0 0 0 
0 0 0 
0 0 0 
0 0 0 
0 0 0 
0 0 0 
0 0 0 
0 0 0 
0 0 0 
0 0 0 
0 0 0 
0 0 0 
0 0 0 
0 0 0 
0 0 0 
0 0 0 
0 0 0 
0 0 0 
0 0 0 
0 0 0 
0 0 0 
0 0 0 
0 0 0 
0 0 0 
0 0 0 
0 0 0 
0 0 0 
0 0 0 
))
(300 (2 15 3 0 0 1073 1072)(
))
