(0 "FOAM to Fluent data File")

(33 (918 3444 1074))
(300 (1 1 1 0 0 1 918)(
0.561017
1.21152
0.0023279
0.560312
-0.0145765
1.17858
-0.495
0.730848
0.541137
-0.085362
-0.0199143
0.535371
1.03904
0.80544
-1.12531
0.0988963
0.681771
-0.374877
0.540135
-0.093391
0.763722
0.547744
0.55078
0.541371
0.601827
0.787306
0.919747
-0.0578319
-0.0143846
-0.0330132
-0.00930477
-0.0114402
0.0173457
1.06223
1.11331
1.13598
0.509573
0.335151
-0.355377
-0.427134
-0.419112
-0.534608
0.722296
0.724268
-0.16481
0.731632
0.741296
0.528395
0.5405
0.541391
0.5425
0.541443
0.542845
0.41756
-0.0930172
-0.123795
-0.0642767
-0.0555452
0.0919722
-0.0228075
-0.0276975
-0.0167362
-0.02148
0.461236
0.531529
0.528634
0.540141
0.547938
1.15107
1.123
1.14914
1.06274
1.07929
1.01703
0.989623
0.825986
0.847375
0.790257
0.779403
-1.56328
-2.52642
-0.529062
-0.274533
-0.0414294
0.0902702
0.0897583
0.672707
0.672443
0.682801
0.69524
1.08311
-0.369727
-0.492084
0.540277
0.539069
0.547456
0.548149
0.544159
0.543254
-0.0886406
-0.075933
-0.10062
-0.0969997
-0.0955159
0.752776
0.751637
0.541915
0.538936
0.555297
0.575449
0.567485
0.294991
0.606427
0.620566
0.607909
0.776746
0.770969
0.7798
0.893249
0.856352
0.957102
0.980321
-0.052665
-0.0553688
0.113765
0.0738904
0.0898502
0.505536
0.498303
0.524233
0.512919
0.515322
0.250468
0.115071
0.421355
0.446819
-0.266888
-0.329836
-0.428588
-0.448456
-0.551076
0.60686
0.710905
0.711641
-0.184435
-0.105391
-0.242026
-0.0321421
-0.0932956
0.518828
0.525719
0.520795
0.536133
0.530654
0.53259
0.544723
0.541805
0.543365
0.481603
0.606192
0.344901
0.312325
-0.236037
-0.141977
-0.238431
-0.0435959
-0.0375748
0.0983437
0.117296
0.0813315
0.073401
-0.0351974
-0.028288
-0.0335915
-0.0251624
-0.0307617
0.45424
0.443745
0.473312
0.480308
0.52217
0.523222
0.526219
0.524905
0.940456
0.962744
0.970289
0.944154
-3.52823
-6.33271
0.0550792
0.194331
-0.108995
-0.10483
-0.0570054
-0.0248507
-0.0412218
-0.0129913
0.0567257
0.0509594
0.0609586
0.0663437
0.657233
0.656856
0.999969
0.997193
0.984078
0.933795
0.528329
0.530452
0.536018
0.531859
-0.0427799
-0.0681714
-0.0516342
0.739947
0.747143
0.746755
0.258643
0.174153
0.343401
0.370686
0.643004
0.625766
0.640058
0.66893
0.705392
0.987733
1.00597
1.00425
1.0127
1.05681
1.07328
1.0385
0.485778
0.495331
0.490557
0.527487
0.525146
0.526111
0.521461
0.523055
0.520786
-0.0373003
-0.421328
0.504641
0.520746
0.495975
0.504816
0.683669
0.755764
0.694467
0.703518
0.703526
0.0337677
-0.0233919
0.268804
0.234848
0.397138
0.431577
0.411693
0.911471
0.872179
0.922123
0.89554
0.856988
0.882557
-0.373113
-1.88785
-0.998391
0.549865
0.360585
0.44914
0.058028
0.050111
0.0550183
0.990059
1.06962
0.661938
0.826229
0.836009
0.744677
0.775505
0.829269
0.754927
0.789508
0.824676
0.806717
0.563909
0.517642
0.522607
0.823645
0.878696
0.147959
0.0939847
0.0499169
0.138468
0.19136
0.169633
1.0359
0.93547
1.00718
0.538682
0.539369
-0.103767
-0.109875
0.543485
0.543516
-0.0257896
0.0285749
0.431761
-0.83489
0.137117
0.531944
0.522269
0.539146
-0.0700382
0.376158
-0.0289587
0.0835684
0.050977
0.53267
0.471106
0.432665
-0.166662
0.0774731
-0.0816785
-0.198521
0.536355
0.534668
0.53861
0.53961
0.540266
-0.195173
-0.146219
-0.165886
-0.124852
-0.120508
-0.112037
0.50398
0.520964
-0.151423
0.538724
0.540868
0.540675
0.533829
0.539498
0.537729
0.0331658
0.0336874
0.0762214
0.244281
0.362998
0.67943
0.775206
0.644402
0.41759
0.178764
0.578844
0.644823
0.546754
0.705764
0.70428
0.72317
0.199832
0.0521478
0.207893
0.150884
0.529812
0.528468
0.520507
0.517624
0.534016
0.532112
0.536651
0.533599
0.536577
0.538011
-0.0285868
-0.0483219
-0.0681444
-0.126839
0.33333
0.592783
0.270029
0.301261
0.172971
-0.0155771
-0.0208631
-0.0285051
-0.0350712
0.0260127
0.0305529
0.0781149
0.0861288
0.0687053
0.0452543
0.0241009
0.0199211
0.0117628
0.52662
0.525377
0.531251
0.539552
0.480221
0.484083
0.450631
0.470346
0.456371
0.397375
0.431957
0.407211
-0.0490555
-0.120653
-0.0659819
0.0556242
0.0488051
-0.10716
-0.164037
-0.14293
-0.146332
-0.160099
-0.0641059
-0.0665592
-0.159405
-0.273578
0.987138
0.927713
0.125626
0.525581
0.531974
0.528784
0.53357
0.536651
0.537514
0.535269
0.531834
0.521586
0.523364
0.519693
0.52029
-0.0911451
-0.228272
-0.0531005
-0.120244
0.144311
0.636046
0.376355
0.317056
0.310736
0.531883
0.928408
0.724472
0.721367
0.744373
-0.339278
0.0571824
-0.272393
0.346029
0.168233
0.677019
0.727997
0.751303
0.69771
0.648898
-0.107736
0.551751
-0.0406079
0.00431586
0.196427
0.089002
0.722488
0.687733
0.69315
0.710457
0.729264
0.693361
0.672957
0.667614
0.70678
0.711714
0.507277
0.277253
0.232661
0.194192
0.671527
0.548295
0.606151
0.519142
0.524731
0.527541
0.526115
0.508643
0.515929
0.511656
0.517453
0.52061
0.529734
0.530076
0.525501
0.527669
-0.0325385
-0.0355616
-0.0139963
-0.123515
-0.111072
-0.170025
-0.0531429
0.0819032
0.0467393
0.238548
0.345156
0.05792
-0.0557156
-0.0252508
0.00331161
0.182885
0.208111
0.0904442
0.187727
0.166829
0.153972
0.255509
0.264307
-0.000724932
-0.00720079
-0.014449
-0.0135806
0.0510165
0.124453
0.135002
0.0246778
0.0224696
-0.011298
-0.0167476
-0.00240664
-0.00633146
-0.00258409
0.035795
-0.0539933
0.0220604
0.0241986
0.0286175
0.035915
0.028546
0.520276
0.522154
0.521946
0.528919
0.545555
0.560472
0.521621
0.502019
0.493056
0.496049
0.469986
0.479879
0.476392
0.488708
0.509013
0.51733
0.515632
0.518082
0.501441
0.502923
0.49052
0.493938
0.470664
0.452218
0.440663
-0.081776
-0.0943554
-0.0867794
-0.065338
-0.0622224
-0.0437742
0.0479451
0.0521875
0.044348
0.043609
0.0387749
-0.0877589
-0.0785403
-0.0696814
0.00815711
-0.178051
-0.211278
-0.283257
0.892451
1.00993
0.818351
0.595733
0.605014
0.843273
0.930398
0.558634
0.739678
0.764953
0.579104
0.839399
0.530388
0.529945
0.527548
0.527042
0.528269
-0.00326658
0.0967877
0.107161
0.161139
0.276673
0.390371
0.3129
0.18518
0.318938
0.324724
0.630993
0.646909
0.59386
0.617493
0.614906
0.44323
0.520785
0.576498
0.528892
0.574921
0.597188
0.557763
0.588159
0.53403
0.490904
0.489572
0.436298
0.456958
0.435291
0.417459
0.519938
0.497797
0.508315
0.49884
0.518571
0.544611
0.539672
0.566718
0.577945
0.503813
0.463892
0.473581
0.502039
0.462436
0.475362
0.490975
0.228099
0.12843
0.21185
-0.0807681
5.39398e-05
-0.0152913
-0.0622801
-0.0163739
0.26988
-0.429115
-0.402211
-1.03528
0.492023
0.95964
0.676343
0.647743
0.724935
0.703518
0.706114
0.728868
0.736129
0.661171
0.679015
0.683088
0.638412
0.662358
0.684146
0.682453
0.525643
0.400373
0.39127
0.352123
0.227823
0.261043
0.46357
0.385791
0.312789
0.316847
0.479042
0.368348
0.434521
0.472834
0.404545
0.35968
0.56277
0.629603
0.619852
0.595451
0.510758
0.523671
0.548995
0.585009
0.612179
0.643891
0.517206
0.523004
0.524275
0.521796
0.518937
0.521856
0.521935
0.524472
0.525319
0.528227
0.527225
-0.0284584
-0.0166943
-0.0236441
-0.0315133
-0.00336482
-0.01095
0.0320999
0.0199639
0.00945483
0.0169465
-0.0112389
-0.0166165
-0.00923322
-0.000155939
0.111323
0.125282
0.107215
0.0662924
0.251062
0.383292
0.451845
0.330287
0.224416
0.247441
0.272931
0.00720914
0.0402352
0.0241046
0.0665078
0.0517212
-0.00720731
-0.0140574
-0.01716
0.00162726
0.0100903
-0.0204621
-0.0421725
-0.0233515
-0.0243926
-0.0273487
-0.0434244
0.504131
0.497726
0.499029
0.493169
0.492006
0.505609
0.509834
0.511539
0.516788
0.51865
0.509336
0.514689
0.518175
0.0110905
-0.0556472
-0.0291357
-0.0183642
-0.0428723
-0.0566813
-0.0432652
0.119788
0.0454382
0.0511872
0.00943595
-0.115285
-0.058856
0.486473
0.485641
0.489158
0.712335
0.563936
0.484279
0.581177
0.686019
0.267656
0.467724
0.300074
0.881191
0.77346
0.918329
0.53752
0.240536
0.395129
0.44502
0.254319
0.327067
0.331499
0.221632
0.253404
0.284634
0.384403
0.264329
0.239076
-0.0030232
0.185039
0.301312
0.282194
0.410823
0.474455
0.258747
0.180314
0.134206
0.623176
0.642842
0.662215
0.631981
0.656709
0.579349
0.570831
0.588855
0.596653
0.590988
-0.763655
-0.47158
-1.41599
-0.731384
-0.282022
0.521425
0.485764
0.761362
0.650563
0.715409
0.700961
0.661896
0.627955
0.639369
0.671895
0.37271
0.482506
0.457108
0.462996
0.365639
0.298989
0.598104
0.591986
0.627598
0.651965
0.619584
0.652894
0.514879
0.514592
0.514149
0.510698
0.509207
0.51131
0.0720713
0.0436726
0.0747236
0.0549286
0.0341962
0.0236601
0.0247908
0.0105634
0.00170918
-0.00665159
0.0235539
0.0301892
0.162271
0.103807
0.0264851
0.0567137
-0.00105865
-0.0675737
-0.0862147
0.012667
0.104864
0.0959907
0.399408
0.650437
0.472468
0.641394
0.480171
0.535892
0.479593
0.469991
0.499662
0.380255
0.45866
0.221035
-0.281572
-0.190712
0.776899
0.795629
0.577993
0.391602
0.162383
0.351233
0.552678
0.489257
0.527956
0.59664
0.588728
0.00824692
0.0755931
0.335438
0.563785
0.232882
0.223787
0.218977
0.393313
0.31766
))
(300 (1 10 1 0 0 919 1018)(
0.561017
1.21152
0.0023279
0.560312
1.17858
-0.495
0.730848
-0.085362
-0.0199143
0.535371
1.03904
0.80544
-1.12531
0.681771
-0.374877
0.540135
-0.093391
0.763722
0.541371
0.601827
0.787306
0.919747
-0.0578319
1.06223
0.509573
-0.427134
-0.534608
0.724268
-0.16481
0.741296
0.528395
-0.123795
-0.0555452
-0.0276975
-0.02148
0.461236
0.528634
0.547938
1.07929
0.989623
0.847375
0.779403
-2.52642
-0.274533
0.672443
0.69524
-0.492084
0.539069
0.543254
-0.075933
-0.0955159
0.751637
0.538936
0.567485
0.294991
0.620566
0.607909
0.7798
0.856352
0.980321
0.498303
0.524233
0.515322
-0.329836
-0.551076
0.711641
-0.242026
-0.0932956
0.520795
0.53259
-0.238431
-0.0375748
-0.0335915
-0.0307617
0.443745
0.480308
0.52217
0.524905
0.944154
0.194331
0.656856
0.528329
0.531859
-0.0516342
0.746755
0.174153
0.370686
0.640058
0.705392
1.0127
0.490557
0.526111
0.520786
0.703526
-0.0233919
0.411693
0.89554
0.44914
0.789508
0.0499169
))
(300 (1 11 1 0 0 919 926)(
0.561017
0.560312
0.541137
0.547744
0.541391
0.542845
0.547456
0.543365
))
(300 (1 12 1 0 0 919 922)(
1.21152
1.17858
1.13598
1.14914
))
(300 (1 13 1 0 0 919 926)(
0
0
0
0
0
0
0
0
))
(300 (1 14 1 0 0 919 952)(
-0.0145765
0.0988963
0.0173457
0.335151
0.41756
0.0919722
0.0897583
1.08311
0.0898502
0.115071
0.446819
0.60686
0.606192
0.312325
0.117296
0.073401
-6.33271
0.0567257
0.0663437
0.997193
0.933795
-0.421328
0.504641
0.504816
0.755764
0.234848
-0.998391
0.0550183
1.06962
0.836009
0.522607
0.878696
0.169633
1.00718
))
(300 (1 15 1 0 0 919 2754)(
0.561017
0.561017
1.21152
1.21152
0.0023279
0.0023279
0.560312
0.560312
-0.0145765
-0.0145765
1.17858
1.17858
-0.495
-0.495
0.730848
0.730848
0.541137
0.541137
-0.085362
-0.085362
-0.0199143
-0.0199143
0.535371
0.535371
1.03904
1.03904
0.80544
0.80544
-1.12531
-1.12531
0.0988963
0.0988963
0.681771
0.681771
-0.374877
-0.374877
0.540135
0.540135
-0.093391
-0.093391
0.763722
0.763722
0.547744
0.547744
0.55078
0.55078
0.541371
0.541371
0.601827
0.601827
0.787306
0.787306
0.919747
0.919747
-0.0578319
-0.0578319
-0.0143846
-0.0143846
-0.0330132
-0.0330132
-0.00930477
-0.00930477
-0.0114402
-0.0114402
0.0173457
0.0173457
1.06223
1.06223
1.11331
1.11331
1.13598
1.13598
0.509573
0.509573
0.335151
0.335151
-0.355377
-0.355377
-0.427134
-0.427134
-0.419112
-0.419112
-0.534608
-0.534608
0.722296
0.722296
0.724268
0.724268
-0.16481
-0.16481
0.731632
0.731632
0.741296
0.741296
0.528395
0.528395
0.5405
0.5405
0.541391
0.541391
0.5425
0.5425
0.541443
0.541443
0.542845
0.542845
0.41756
0.41756
-0.0930172
-0.0930172
-0.123795
-0.123795
-0.0642767
-0.0642767
-0.0555452
-0.0555452
0.0919722
0.0919722
-0.0228075
-0.0228075
-0.0276975
-0.0276975
-0.0167362
-0.0167362
-0.02148
-0.02148
0.461236
0.461236
0.531529
0.531529
0.528634
0.528634
0.540141
0.540141
0.547938
0.547938
1.15107
1.15107
1.123
1.123
1.14914
1.14914
1.06274
1.06274
1.07929
1.07929
1.01703
1.01703
0.989623
0.989623
0.825986
0.825986
0.847375
0.847375
0.790257
0.790257
0.779403
0.779403
-1.56328
-1.56328
-2.52642
-2.52642
-0.529062
-0.529062
-0.274533
-0.274533
-0.0414294
-0.0414294
0.0902702
0.0902702
0.0897583
0.0897583
0.672707
0.672707
0.672443
0.672443
0.682801
0.682801
0.69524
0.69524
1.08311
1.08311
-0.369727
-0.369727
-0.492084
-0.492084
0.540277
0.540277
0.539069
0.539069
0.547456
0.547456
0.548149
0.548149
0.544159
0.544159
0.543254
0.543254
-0.0886406
-0.0886406
-0.075933
-0.075933
-0.10062
-0.10062
-0.0969997
-0.0969997
-0.0955159
-0.0955159
0.752776
0.752776
0.751637
0.751637
0.541915
0.541915
0.538936
0.538936
0.555297
0.555297
0.575449
0.575449
0.567485
0.567485
0.294991
0.294991
0.606427
0.606427
0.620566
0.620566
0.607909
0.607909
0.776746
0.776746
0.770969
0.770969
0.7798
0.7798
0.893249
0.893249
0.856352
0.856352
0.957102
0.957102
0.980321
0.980321
-0.052665
-0.052665
-0.0553688
-0.0553688
0.113765
0.113765
0.0738904
0.0738904
0.0898502
0.0898502
0.505536
0.505536
0.498303
0.498303
0.524233
0.524233
0.512919
0.512919
0.515322
0.515322
0.250468
0.250468
0.115071
0.115071
0.421355
0.421355
0.446819
0.446819
-0.266888
-0.266888
-0.329836
-0.329836
-0.428588
-0.428588
-0.448456
-0.448456
-0.551076
-0.551076
0.60686
0.60686
0.710905
0.710905
0.711641
0.711641
-0.184435
-0.184435
-0.105391
-0.105391
-0.242026
-0.242026
-0.0321421
-0.0321421
-0.0932956
-0.0932956
0.518828
0.518828
0.525719
0.525719
0.520795
0.520795
0.536133
0.536133
0.530654
0.530654
0.53259
0.53259
0.544723
0.544723
0.541805
0.541805
0.543365
0.543365
0.481603
0.481603
0.606192
0.606192
0.344901
0.344901
0.312325
0.312325
-0.236037
-0.236037
-0.141977
-0.141977
-0.238431
-0.238431
-0.0435959
-0.0435959
-0.0375748
-0.0375748
0.0983437
0.0983437
0.117296
0.117296
0.0813315
0.0813315
0.073401
0.073401
-0.0351974
-0.0351974
-0.028288
-0.028288
-0.0335915
-0.0335915
-0.0251624
-0.0251624
-0.0307617
-0.0307617
0.45424
0.45424
0.443745
0.443745
0.473312
0.473312
0.480308
0.480308
0.52217
0.52217
0.523222
0.523222
0.526219
0.526219
0.524905
0.524905
0.940456
0.940456
0.962744
0.962744
0.970289
0.970289
0.944154
0.944154
-3.52823
-3.52823
-6.33271
-6.33271
0.0550792
0.0550792
0.194331
0.194331
-0.108995
-0.108995
-0.10483
-0.10483
-0.0570054
-0.0570054
-0.0248507
-0.0248507
-0.0412218
-0.0412218
-0.0129913
-0.0129913
0.0567257
0.0567257
0.0509594
0.0509594
0.0609586
0.0609586
0.0663437
0.0663437
0.657233
0.657233
0.656856
0.656856
0.999969
0.999969
0.997193
0.997193
0.984078
0.984078
0.933795
0.933795
0.528329
0.528329
0.530452
0.530452
0.536018
0.536018
0.531859
0.531859
-0.0427799
-0.0427799
-0.0681714
-0.0681714
-0.0516342
-0.0516342
0.739947
0.739947
0.747143
0.747143
0.746755
0.746755
0.258643
0.258643
0.174153
0.174153
0.343401
0.343401
0.370686
0.370686
0.643004
0.643004
0.625766
0.625766
0.640058
0.640058
0.66893
0.66893
0.705392
0.705392
0.987733
0.987733
1.00597
1.00597
1.00425
1.00425
1.0127
1.0127
1.05681
1.05681
1.07328
1.07328
1.0385
1.0385
0.485778
0.485778
0.495331
0.495331
0.490557
0.490557
0.527487
0.527487
0.525146
0.525146
0.526111
0.526111
0.521461
0.521461
0.523055
0.523055
0.520786
0.520786
-0.0373003
-0.0373003
-0.421328
-0.421328
0.504641
0.504641
0.520746
0.520746
0.495975
0.495975
0.504816
0.504816
0.683669
0.683669
0.755764
0.755764
0.694467
0.694467
0.703518
0.703518
0.703526
0.703526
0.0337677
0.0337677
-0.0233919
-0.0233919
0.268804
0.268804
0.234848
0.234848
0.397138
0.397138
0.431577
0.431577
0.411693
0.411693
0.911471
0.911471
0.872179
0.872179
0.922123
0.922123
0.89554
0.89554
0.856988
0.856988
0.882557
0.882557
-0.373113
-0.373113
-1.88785
-1.88785
-0.998391
-0.998391
0.549865
0.549865
0.360585
0.360585
0.44914
0.44914
0.058028
0.058028
0.050111
0.050111
0.0550183
0.0550183
0.990059
0.990059
1.06962
1.06962
0.661938
0.661938
0.826229
0.826229
0.836009
0.836009
0.744677
0.744677
0.775505
0.775505
0.829269
0.829269
0.754927
0.754927
0.789508
0.789508
0.824676
0.824676
0.806717
0.806717
0.563909
0.563909
0.517642
0.517642
0.522607
0.522607
0.823645
0.823645
0.878696
0.878696
0.147959
0.147959
0.0939847
0.0939847
0.0499169
0.0499169
0.138468
0.138468
0.19136
0.19136
0.169633
0.169633
1.0359
1.0359
0.93547
0.93547
1.00718
1.00718
0.538682
0.538682
0.539369
0.539369
-0.103767
-0.103767
-0.109875
-0.109875
0.543485
0.543485
0.543516
0.543516
-0.0257896
-0.0257896
0.0285749
0.0285749
0.431761
0.431761
-0.83489
-0.83489
0.137117
0.137117
0.531944
0.531944
0.522269
0.522269
0.539146
0.539146
-0.0700382
-0.0700382
0.376158
0.376158
-0.0289587
-0.0289587
0.0835684
0.0835684
0.050977
0.050977
0.53267
0.53267
0.471106
0.471106
0.432665
0.432665
-0.166662
-0.166662
0.0774731
0.0774731
-0.0816785
-0.0816785
-0.198521
-0.198521
0.536355
0.536355
0.534668
0.534668
0.53861
0.53861
0.53961
0.53961
0.540266
0.540266
-0.195173
-0.195173
-0.146219
-0.146219
-0.165886
-0.165886
-0.124852
-0.124852
-0.120508
-0.120508
-0.112037
-0.112037
0.50398
0.50398
0.520964
0.520964
-0.151423
-0.151423
0.538724
0.538724
0.540868
0.540868
0.540675
0.540675
0.533829
0.533829
0.539498
0.539498
0.537729
0.537729
0.0331658
0.0331658
0.0336874
0.0336874
0.0762214
0.0762214
0.244281
0.244281
0.362998
0.362998
0.67943
0.67943
0.775206
0.775206
0.644402
0.644402
0.41759
0.41759
0.178764
0.178764
0.578844
0.578844
0.644823
0.644823
0.546754
0.546754
0.705764
0.705764
0.70428
0.70428
0.72317
0.72317
0.199832
0.199832
0.0521478
0.0521478
0.207893
0.207893
0.150884
0.150884
0.529812
0.529812
0.528468
0.528468
0.520507
0.520507
0.517624
0.517624
0.534016
0.534016
0.532112
0.532112
0.536651
0.536651
0.533599
0.533599
0.536577
0.536577
0.538011
0.538011
-0.0285868
-0.0285868
-0.0483219
-0.0483219
-0.0681444
-0.0681444
-0.126839
-0.126839
0.33333
0.33333
0.592783
0.592783
0.270029
0.270029
0.301261
0.301261
0.172971
0.172971
-0.0155771
-0.0155771
-0.0208631
-0.0208631
-0.0285051
-0.0285051
-0.0350712
-0.0350712
0.0260127
0.0260127
0.0305529
0.0305529
0.0781149
0.0781149
0.0861288
0.0861288
0.0687053
0.0687053
0.0452543
0.0452543
0.0241009
0.0241009
0.0199211
0.0199211
0.0117628
0.0117628
0.52662
0.52662
0.525377
0.525377
0.531251
0.531251
0.539552
0.539552
0.480221
0.480221
0.484083
0.484083
0.450631
0.450631
0.470346
0.470346
0.456371
0.456371
0.397375
0.397375
0.431957
0.431957
0.407211
0.407211
-0.0490555
-0.0490555
-0.120653
-0.120653
-0.0659819
-0.0659819
0.0556242
0.0556242
0.0488051
0.0488051
-0.10716
-0.10716
-0.164037
-0.164037
-0.14293
-0.14293
-0.146332
-0.146332
-0.160099
-0.160099
-0.0641059
-0.0641059
-0.0665592
-0.0665592
-0.159405
-0.159405
-0.273578
-0.273578
0.987138
0.987138
0.927713
0.927713
0.125626
0.125626
0.525581
0.525581
0.531974
0.531974
0.528784
0.528784
0.53357
0.53357
0.536651
0.536651
0.537514
0.537514
0.535269
0.535269
0.531834
0.531834
0.521586
0.521586
0.523364
0.523364
0.519693
0.519693
0.52029
0.52029
-0.0911451
-0.0911451
-0.228272
-0.228272
-0.0531005
-0.0531005
-0.120244
-0.120244
0.144311
0.144311
0.636046
0.636046
0.376355
0.376355
0.317056
0.317056
0.310736
0.310736
0.531883
0.531883
0.928408
0.928408
0.724472
0.724472
0.721367
0.721367
0.744373
0.744373
-0.339278
-0.339278
0.0571824
0.0571824
-0.272393
-0.272393
0.346029
0.346029
0.168233
0.168233
0.677019
0.677019
0.727997
0.727997
0.751303
0.751303
0.69771
0.69771
0.648898
0.648898
-0.107736
-0.107736
0.551751
0.551751
-0.0406079
-0.0406079
0.00431586
0.00431586
0.196427
0.196427
0.089002
0.089002
0.722488
0.722488
0.687733
0.687733
0.69315
0.69315
0.710457
0.710457
0.729264
0.729264
0.693361
0.693361
0.672957
0.672957
0.667614
0.667614
0.70678
0.70678
0.711714
0.711714
0.507277
0.507277
0.277253
0.277253
0.232661
0.232661
0.194192
0.194192
0.671527
0.671527
0.548295
0.548295
0.606151
0.606151
0.519142
0.519142
0.524731
0.524731
0.527541
0.527541
0.526115
0.526115
0.508643
0.508643
0.515929
0.515929
0.511656
0.511656
0.517453
0.517453
0.52061
0.52061
0.529734
0.529734
0.530076
0.530076
0.525501
0.525501
0.527669
0.527669
-0.0325385
-0.0325385
-0.0355616
-0.0355616
-0.0139963
-0.0139963
-0.123515
-0.123515
-0.111072
-0.111072
-0.170025
-0.170025
-0.0531429
-0.0531429
0.0819032
0.0819032
0.0467393
0.0467393
0.238548
0.238548
0.345156
0.345156
0.05792
0.05792
-0.0557156
-0.0557156
-0.0252508
-0.0252508
0.00331161
0.00331161
0.182885
0.182885
0.208111
0.208111
0.0904442
0.0904442
0.187727
0.187727
0.166829
0.166829
0.153972
0.153972
0.255509
0.255509
0.264307
0.264307
-0.000724932
-0.000724932
-0.00720079
-0.00720079
-0.014449
-0.014449
-0.0135806
-0.0135806
0.0510165
0.0510165
0.124453
0.124453
0.135002
0.135002
0.0246778
0.0246778
0.0224696
0.0224696
-0.011298
-0.011298
-0.0167476
-0.0167476
-0.00240664
-0.00240664
-0.00633146
-0.00633146
-0.00258409
-0.00258409
0.035795
0.035795
-0.0539933
-0.0539933
0.0220604
0.0220604
0.0241986
0.0241986
0.0286175
0.0286175
0.035915
0.035915
0.028546
0.028546
0.520276
0.520276
0.522154
0.522154
0.521946
0.521946
0.528919
0.528919
0.545555
0.545555
0.560472
0.560472
0.521621
0.521621
0.502019
0.502019
0.493056
0.493056
0.496049
0.496049
0.469986
0.469986
0.479879
0.479879
0.476392
0.476392
0.488708
0.488708
0.509013
0.509013
0.51733
0.51733
0.515632
0.515632
0.518082
0.518082
0.501441
0.501441
0.502923
0.502923
0.49052
0.49052
0.493938
0.493938
0.470664
0.470664
0.452218
0.452218
0.440663
0.440663
-0.081776
-0.081776
-0.0943554
-0.0943554
-0.0867794
-0.0867794
-0.065338
-0.065338
-0.0622224
-0.0622224
-0.0437742
-0.0437742
0.0479451
0.0479451
0.0521875
0.0521875
0.044348
0.044348
0.043609
0.043609
0.0387749
0.0387749
-0.0877589
-0.0877589
-0.0785403
-0.0785403
-0.0696814
-0.0696814
0.00815711
0.00815711
-0.178051
-0.178051
-0.211278
-0.211278
-0.283257
-0.283257
0.892451
0.892451
1.00993
1.00993
0.818351
0.818351
0.595733
0.595733
0.605014
0.605014
0.843273
0.843273
0.930398
0.930398
0.558634
0.558634
0.739678
0.739678
0.764953
0.764953
0.579104
0.579104
0.839399
0.839399
0.530388
0.530388
0.529945
0.529945
0.527548
0.527548
0.527042
0.527042
0.528269
0.528269
-0.00326658
-0.00326658
0.0967877
0.0967877
0.107161
0.107161
0.161139
0.161139
0.276673
0.276673
0.390371
0.390371
0.3129
0.3129
0.18518
0.18518
0.318938
0.318938
0.324724
0.324724
0.630993
0.630993
0.646909
0.646909
0.59386
0.59386
0.617493
0.617493
0.614906
0.614906
0.44323
0.44323
0.520785
0.520785
0.576498
0.576498
0.528892
0.528892
0.574921
0.574921
0.597188
0.597188
0.557763
0.557763
0.588159
0.588159
0.53403
0.53403
0.490904
0.490904
0.489572
0.489572
0.436298
0.436298
0.456958
0.456958
0.435291
0.435291
0.417459
0.417459
0.519938
0.519938
0.497797
0.497797
0.508315
0.508315
0.49884
0.49884
0.518571
0.518571
0.544611
0.544611
0.539672
0.539672
0.566718
0.566718
0.577945
0.577945
0.503813
0.503813
0.463892
0.463892
0.473581
0.473581
0.502039
0.502039
0.462436
0.462436
0.475362
0.475362
0.490975
0.490975
0.228099
0.228099
0.12843
0.12843
0.21185
0.21185
-0.0807681
-0.0807681
5.39398e-05
5.39398e-05
-0.0152913
-0.0152913
-0.0622801
-0.0622801
-0.0163739
-0.0163739
0.26988
0.26988
-0.429115
-0.429115
-0.402211
-0.402211
-1.03528
-1.03528
0.492023
0.492023
0.95964
0.95964
0.676343
0.676343
0.647743
0.647743
0.724935
0.724935
0.703518
0.703518
0.706114
0.706114
0.728868
0.728868
0.736129
0.736129
0.661171
0.661171
0.679015
0.679015
0.683088
0.683088
0.638412
0.638412
0.662358
0.662358
0.684146
0.684146
0.682453
0.682453
0.525643
0.525643
0.400373
0.400373
0.39127
0.39127
0.352123
0.352123
0.227823
0.227823
0.261043
0.261043
0.46357
0.46357
0.385791
0.385791
0.312789
0.312789
0.316847
0.316847
0.479042
0.479042
0.368348
0.368348
0.434521
0.434521
0.472834
0.472834
0.404545
0.404545
0.35968
0.35968
0.56277
0.56277
0.629603
0.629603
0.619852
0.619852
0.595451
0.595451
0.510758
0.510758
0.523671
0.523671
0.548995
0.548995
0.585009
0.585009
0.612179
0.612179
0.643891
0.643891
0.517206
0.517206
0.523004
0.523004
0.524275
0.524275
0.521796
0.521796
0.518937
0.518937
0.521856
0.521856
0.521935
0.521935
0.524472
0.524472
0.525319
0.525319
0.528227
0.528227
0.527225
0.527225
-0.0284584
-0.0284584
-0.0166943
-0.0166943
-0.0236441
-0.0236441
-0.0315133
-0.0315133
-0.00336482
-0.00336482
-0.01095
-0.01095
0.0320999
0.0320999
0.0199639
0.0199639
0.00945483
0.00945483
0.0169465
0.0169465
-0.0112389
-0.0112389
-0.0166165
-0.0166165
-0.00923322
-0.00923322
-0.000155939
-0.000155939
0.111323
0.111323
0.125282
0.125282
0.107215
0.107215
0.0662924
0.0662924
0.251062
0.251062
0.383292
0.383292
0.451845
0.451845
0.330287
0.330287
0.224416
0.224416
0.247441
0.247441
0.272931
0.272931
0.00720914
0.00720914
0.0402352
0.0402352
0.0241046
0.0241046
0.0665078
0.0665078
0.0517212
0.0517212
-0.00720731
-0.00720731
-0.0140574
-0.0140574
-0.01716
-0.01716
0.00162726
0.00162726
0.0100903
0.0100903
-0.0204621
-0.0204621
-0.0421725
-0.0421725
-0.0233515
-0.0233515
-0.0243926
-0.0243926
-0.0273487
-0.0273487
-0.0434244
-0.0434244
0.504131
0.504131
0.497726
0.497726
0.499029
0.499029
0.493169
0.493169
0.492006
0.492006
0.505609
0.505609
0.509834
0.509834
0.511539
0.511539
0.516788
0.516788
0.51865
0.51865
0.509336
0.509336
0.514689
0.514689
0.518175
0.518175
0.0110905
0.0110905
-0.0556472
-0.0556472
-0.0291357
-0.0291357
-0.0183642
-0.0183642
-0.0428723
-0.0428723
-0.0566813
-0.0566813
-0.0432652
-0.0432652
0.119788
0.119788
0.0454382
0.0454382
0.0511872
0.0511872
0.00943595
0.00943595
-0.115285
-0.115285
-0.058856
-0.058856
0.486473
0.486473
0.485641
0.485641
0.489158
0.489158
0.712335
0.712335
0.563936
0.563936
0.484279
0.484279
0.581177
0.581177
0.686019
0.686019
0.267656
0.267656
0.467724
0.467724
0.300074
0.300074
0.881191
0.881191
0.77346
0.77346
0.918329
0.918329
0.53752
0.53752
0.240536
0.240536
0.395129
0.395129
0.44502
0.44502
0.254319
0.254319
0.327067
0.327067
0.331499
0.331499
0.221632
0.221632
0.253404
0.253404
0.284634
0.284634
0.384403
0.384403
0.264329
0.264329
0.239076
0.239076
-0.0030232
-0.0030232
0.185039
0.185039
0.301312
0.301312
0.282194
0.282194
0.410823
0.410823
0.474455
0.474455
0.258747
0.258747
0.180314
0.180314
0.134206
0.134206
0.623176
0.623176
0.642842
0.642842
0.662215
0.662215
0.631981
0.631981
0.656709
0.656709
0.579349
0.579349
0.570831
0.570831
0.588855
0.588855
0.596653
0.596653
0.590988
0.590988
-0.763655
-0.763655
-0.47158
-0.47158
-1.41599
-1.41599
-0.731384
-0.731384
-0.282022
-0.282022
0.521425
0.521425
0.485764
0.485764
0.761362
0.761362
0.650563
0.650563
0.715409
0.715409
0.700961
0.700961
0.661896
0.661896
0.627955
0.627955
0.639369
0.639369
0.671895
0.671895
0.37271
0.37271
0.482506
0.482506
0.457108
0.457108
0.462996
0.462996
0.365639
0.365639
0.298989
0.298989
0.598104
0.598104
0.591986
0.591986
0.627598
0.627598
0.651965
0.651965
0.619584
0.619584
0.652894
0.652894
0.514879
0.514879
0.514592
0.514592
0.514149
0.514149
0.510698
0.510698
0.509207
0.509207
0.51131
0.51131
0.0720713
0.0720713
0.0436726
0.0436726
0.0747236
0.0747236
0.0549286
0.0549286
0.0341962
0.0341962
0.0236601
0.0236601
0.0247908
0.0247908
0.0105634
0.0105634
0.00170918
0.00170918
-0.00665159
-0.00665159
0.0235539
0.0235539
0.0301892
0.0301892
0.162271
0.162271
0.103807
0.103807
0.0264851
0.0264851
0.0567137
0.0567137
-0.00105865
-0.00105865
-0.0675737
-0.0675737
-0.0862147
-0.0862147
0.012667
0.012667
0.104864
0.104864
0.0959907
0.0959907
0.399408
0.399408
0.650437
0.650437
0.472468
0.472468
0.641394
0.641394
0.480171
0.480171
0.535892
0.535892
0.479593
0.479593
0.469991
0.469991
0.499662
0.499662
0.380255
0.380255
0.45866
0.45866
0.221035
0.221035
-0.281572
-0.281572
-0.190712
-0.190712
0.776899
0.776899
0.795629
0.795629
0.577993
0.577993
0.391602
0.391602
0.162383
0.162383
0.351233
0.351233
0.552678
0.552678
0.489257
0.489257
0.527956
0.527956
0.59664
0.59664
0.588728
0.588728
0.00824692
0.00824692
0.0755931
0.0755931
0.335438
0.335438
0.563785
0.563785
0.232882
0.232882
0.223787
0.223787
0.218977
0.218977
0.393313
0.393313
0.31766
0.31766
))
(300 (2 1 3 0 0 1 918)(
0.985166 -0.000496975 0 
0.00501226 2.96625 0 
-0.0504787 0.924823 0 
0.9797 0.0021521 0 
-0.0506622 1.34978 2.10906e-20 
-0.00704476 2.94879 -2.5243e-18 
0.832857 1.17689 4.35381e-19 
0.334874 0.153046 -1.62185e-20 
0.999907 -0.000291907 0 
0.0503685 0.847629 0 
0.00257399 0.66771 0 
0.734503 -0.0111196 0 
0.0111224 2.93038 0 
0.0021489 2.79509 0 
-0.0177503 3.15703 7.78324e-19 
-0.0817862 1.79752 -8.89048e-20 
0.410431 0.0498791 1.06372e-18 
0.190088 1.19085 3.09646e-19 
0.962786 0.00503187 0 
-0.0174595 0.640474 0 
0.0796796 0.194753 -7.6403e-19 
1.00198 -0.00498316 0 
1.00022 -0.00979837 0 
0.975716 -0.00644062 0 
0.587794 -0.0399216 0 
0.0164426 2.63801 0 
-0.0149919 2.9101 9.32338e-19 
-0.0687235 0.837723 0 
-0.188281 1.11422 0 
-0.0582173 0.871308 0 
-0.233231 2.50976 0 
-0.0854638 1.54592 -1.66213e-20 
-0.119583 1.28251 0 
-0.0206075 2.9876 -9.09027e-23 
-0.0166894 3.00529 1.96183e-18 
0.00209958 3.00018 0 
0.870449 -0.00949463 0 
0.403869 0.937498 1.80816e-19 
0.814049 1.19272 -4.79237e-19 
0.963449 1.03191 5.27455e-19 
0.684094 1.28586 -1.01417e-19 
0.682008 1.26996 5.89038e-19 
0.375749 0.239662 1.58225e-20 
0.351753 0.12273 0 
1.14115 0.555435 0 
0.339537 0.239876 7.23495e-20 
0.298788 0.161396 -7.50811e-20 
0.919681 -0.00745764 0 
1.00027 0.000134185 0 
0.99991 0.0003277 0 
1.00364 -0.00777884 0 
1.00096 -0.000927202 0 
1.00017 2.80459e-05 0 
0.0791584 1.79356 -8.00204e-19 
0.0306935 1.00566 0 
0.0858789 0.908661 0 
0.0256802 0.955653 0 
0.0308129 0.778554 0 
0.0253612 2.0012 0 
-0.0154117 0.812583 0 
0.0165148 0.664578 0 
-0.00671163 0.813083 0 
-0.00542881 0.667786 0 
0.836213 -0.0150808 0 
0.851144 0.0272726 0 
0.768364 -0.0014279 0 
0.825057 0.0358301 0 
0.702318 -0.0157046 0 
0.0146867 3.00041 9.36467e-19 
0.0114932 3.00803 0 
0.0061101 3.00277 0 
0.0135381 2.99736 1.06354e-23 
0.00797112 2.95847 -1.39182e-18 
0.014496 2.98205 0 
0.010862 2.90357 0 
0.0243947 2.9307 2.14898e-24 
0.00455691 2.82523 0 
0.0308265 2.9163 0 
-0.00516062 2.74479 0 
0.308511 3.55397 0 
-0.131924 3.6355 0 
0.139564 3.24757 -7.2432e-19 
-0.0126793 2.98302 0 
-0.305487 2.33742 0 
-0.0908929 1.94995 8.76487e-20 
-0.0395138 1.89311 -6.89061e-20 
0.49572 0.148902 -3.67957e-19 
0.408811 0.0285643 -3.55434e-19 
0.480724 0.172175 -1.1084e-18 
0.394887 0.0709546 -7.31843e-19 
0.216935 0.933796 0 
0.272096 1.32936 -3.69666e-19 
0.378184 1.27451 6.18887e-19 
0.987492 0.00855055 0 
0.941932 0.00585804 0 
1.0003 0.00057592 0 
1.00287 0.00930188 0 
1.00302 0.0084656 -2.76367e-18 
0.991917 0.00969478 2.08707e-18 
0.00290789 0.776315 0 
-0.00843792 0.630874 0 
-0.0458898 0.858461 0 
-0.0124852 0.775566 0 
0.0175199 0.631458 0 
0.125242 0.202104 2.36287e-19 
0.181143 0.180416 0 
0.993534 -0.00838924 0 
0.954395 -0.00653069 0 
0.777792 0.0442898 0 
0.717367 0.053829 0 
0.659847 -0.0309291 0 
0.949714 -0.00925263 0 
0.637779 0.0661884 0 
0.468257 -0.0199342 1.53721e-18 
-0.0367304 2.86303 6.96688e-19 
0.0417433 2.90922 0 
0.0547161 2.88508 0 
-0.00480148 2.6992 0 
-0.0130062 2.9853 8.84073e-19 
-0.0179758 2.89526 0 
-0.0153577 2.98808 -2.73853e-18 
-0.0133129 2.92522 9.37151e-19 
-0.235277 1.16827 0 
-0.26796 1.37331 0 
-0.131033 1.83921 -2.84565e-21 
-0.142378 1.69885 0 
-0.0990482 1.58017 0 
0.93768 -0.00761836 0 
0.855957 -0.0094782 0 
0.863619 0.00673109 0 
0.94899 -0.00802688 0 
0.883496 -0.00814591 0 
0.516016 1.13132 -2.28416e-19 
0.565563 1.18295 0 
0.367807 0.881702 3.38472e-20 
0.310053 0.741501 0 
0.922852 1.0701 -1.43446e-19 
1.03512 0.872872 2.85312e-19 
0.373423 1.37825 0 
0.53704 1.34912 0 
0.545968 1.30169 0 
0.110283 0.182679 -2.99219e-19 
0.409744 0.223098 0 
0.376929 0.113175 2.06407e-19 
1.00495 0.927049 0 
1.06974 0.774497 0 
1.09521 0.716001 -2.12527e-19 
1.12123 0.615787 0 
1.16622 0.399422 5.51462e-20 
0.957384 -0.00890262 0 
0.962293 -0.0101256 0 
0.901355 -0.00796473 0 
0.984157 -0.00918082 0 
0.974603 -0.00939121 0 
0.937014 -0.00640263 0 
1.00019 0.00233663 0 
1.00091 0.001398 0 
0.999912 0.000849178 0 
0.0339711 2.05463 4.42449e-19 
0.119482 1.73361 0 
0.0137633 2.16939 6.87995e-19 
0.0543198 1.85324 -5.81281e-19 
0.106638 1.19374 -2.53447e-19 
0.0467347 1.07981 0 
0.142698 1.05595 0 
0.0138788 0.911601 0 
0.0220073 0.726668 0 
-0.00742442 2.1948 -1.27725e-21 
0.0375928 1.99712 0 
-0.00635912 2.17158 -6.73887e-20 
0.024883 1.99991 1.24331e-19 
0.0192023 0.866996 0 
0.00443164 0.828503 0 
0.0214026 0.691924 0 
-0.00703067 0.801906 0 
-0.025882 0.651473 0 
0.934101 0.00866062 0 
0.84338 -0.0148797 0 
0.924607 -0.000428311 0 
0.83881 -0.0122508 0 
0.812977 0.00261376 0 
0.902886 0.0190029 0 
0.880336 0.0233271 0 
0.789836 0.00121698 0 
0.0056319 3.06473 -8.76206e-21 
0.0166417 3.0579 0 
0.0146699 2.96906 0 
0.00856335 2.87622 0 
0.925684 3.97065 0 
1.24036 3.3028 9.3427e-19 
0.0700895 3.0752 0 
-0.0282094 2.90625 0 
-0.228867 1.51579 0 
-0.292937 2.22442 0 
-0.322894 1.91733 0 
-0.239957 2.51306 -2.05142e-20 
-0.263325 2.46997 0 
-0.259032 2.45864 0 
0.0146835 1.97991 -3.56554e-22 
-0.0256164 2.07198 4.71244e-20 
-0.0425127 2.01954 6.97416e-20 
-0.00759598 1.94476 0 
0.522547 0.122218 5.51028e-19 
0.424336 0.00604536 -5.41094e-19 
0.261277 1.56489 0 
0.265756 0.709998 -3.12063e-19 
0.177978 1.64993 -1.05331e-18 
0.227038 1.18004 1.05606e-18 
0.902365 0.00660204 0 
0.967551 0.0109579 0 
0.974633 0.0107442 0 
0.923508 0.00652759 0 
-0.00700712 0.796406 0 
-0.00307935 0.786013 0 
-0.00510566 0.628833 0 
0.288385 0.234913 6.64479e-19 
0.236268 0.215123 -7.86276e-19 
0.249391 0.173592 0 
1.07384 0.0830956 2.89612e-20 
1.05479 0.0378997 0 
0.993867 0.0374526 0 
0.891685 -0.00814393 0 
0.54635 0.0958312 0 
0.577158 0.073313 -2.4616e-18 
0.441241 -0.00342378 9.25401e-19 
0.0091173 2.98104 7.45104e-19 
-0.0329223 2.86604 4.69432e-20 
0.00368347 3.05019 -1.85295e-20 
0.020164 3.04342 6.59494e-19 
-0.0150081 2.99657 3.07557e-20 
-0.0129753 2.94949 -1.23724e-22 
-0.0172614 3.01194 -5.68421e-19 
0.0148614 3.02381 4.11129e-19 
0.00736103 3.03678 -6.52165e-19 
0.932119 -0.00247459 0 
0.938176 -0.00395186 0 
0.843487 -0.0085545 0 
0.956839 0.0116139 0 
0.94327 0.0128024 0 
0.881961 0.00624561 0 
0.918705 0.0156869 0 
0.926894 0.0143832 0 
0.8391 0.00456011 0 
0.71959 1.41038 4.33096e-20 
0.753296 1.51974 0 
0.193733 0.336838 7.25985e-20 
0.213934 0.652155 5.8474e-19 
0.25834 0.717484 -3.37282e-19 
0.267897 0.542414 6.69589e-19 
0.324751 0.772944 1.5707e-18 
0.128014 0.216574 3.66147e-19 
0.456005 0.195471 7.77247e-19 
0.432386 0.211978 2.01013e-19 
0.388028 0.096437 3.86501e-19 
1.15567 0.457729 2.67496e-20 
1.16634 0.252318 2.09287e-20 
0.00424982 2.2076 2.70124e-19 
0.0524741 1.92088 0 
0.959706 0.0265299 0 
0.936893 0.0119928 0 
0.85849 -0.0186063 0 
0.0111948 3.07445 0 
0.0197244 2.94401 1.21026e-18 
0.0164673 2.95636 0 
0.00627443 2.85069 -1.20062e-18 
0.00618231 3.0909 2.93983e-19 
0.00729987 3.08263 0 
0.786394 1.82274 -1.61395e-19 
1.24807 2.50157 4.12417e-19 
0.768616 1.96273 -1.2443e-18 
0.0203405 2.98186 -6.43827e-19 
0.0361009 3.00261 0 
-0.033343 2.87925 0 
-0.0115031 2.14747 -7.80914e-21 
-0.012286 2.11107 -9.31619e-20 
0.0203732 1.99644 -3.45369e-21 
0.2748 1.37142 1.01718e-18 
0.219484 0.493775 -6.97725e-19 
0.0634356 1.98046 7.77841e-19 
0.136599 1.86914 -9.20366e-19 
0.178413 1.47301 8.93676e-20 
0.00182858 3.1188 -1.83918e-18 
0.0161561 3.11803 1.97214e-18 
-0.00890621 2.98123 8.14274e-19 
-0.00341743 2.97762 -7.71018e-19 
-0.0211223 2.88155 -8.29315e-19 
0.0087014 3.09986 -2.18843e-18 
0.00243671 3.10603 2.13725e-18 
0.26931 0.677268 0 
0.229191 0.665628 -1.20588e-18 
0.0996301 0.222001 5.33981e-19 
0.342558 0.89684 1.09148e-18 
0.182552 0.258804 -1.68304e-18 
1.15726 0.171997 7.4221e-20 
1.1674 0.306825 0 
1.14429 0.120042 -2.21635e-20 
-0.00872089 2.20588 -1.89996e-21 
-0.00203575 2.21412 0 
0.0418689 1.96472 0 
0.337542 1.27693 -3.67269e-19 
0.362383 1.10529 -7.90465e-19 
0.195514 0.352916 1.40541e-18 
1.00587 -0.0108737 0 
1.00766 -0.00765997 5.10074e-19 
-0.12861 1.19979 0 
-0.0807718 1.02465 0 
1.00222 0.00347873 1.78499e-21 
1.00364 0.0094138 1.04097e-18 
-0.237958 2.515 2.76743e-20 
-0.220185 2.49377 0 
0.0365209 3.17948 4.27953e-19 
0.395765 3.49266 0 
1.13548 0.652075 -7.33051e-20 
1.01296 0.0130524 -2.14323e-21 
1.02118 -0.0104919 0 
1.00169 0.000105589 6.08073e-23 
0.0965178 1.35199 0 
0.147661 2.58366 0 
0.0218597 1.30652 0 
-0.00326644 2.62384 5.7805e-20 
-0.0266768 2.57311 4.65142e-20 
1.00382 0.0271335 2.42504e-21 
1.06161 0.00313014 0 
1.09298 0.0193863 0 
-0.21943 2.13714 0 
-0.0478156 2.54551 0 
0.0212061 1.15891 0 
0.283921 1.46406 -1.57094e-19 
1.01124 -0.00966815 0 
1.0094 -0.0149516 0 
1.00234 0.000690781 6.51035e-19 
1.00547 -0.00485419 -7.66109e-19 
1.00117 -0.00101822 0 
-0.099622 1.80149 0 
-0.0954633 1.26575 0 
-0.168085 1.58788 0 
0.00736275 1.12221 0 
0.0237022 1.02393 0 
0.00821156 0.969851 0 
1.03414 -0.00664471 0 
1.02088 0.0157377 -9.78166e-22 
0.795947 1.26012 2.43436e-19 
1.00231 0.000260031 -6.51068e-19 
1.00406 0.00521941 7.5997e-19 
1.00118 0.00205857 0 
1.01283 0.0102694 6.45956e-19 
1.00806 0.00827655 -7.82537e-19 
1.00861 0.0146833 0 
-0.122553 2.57141 0 
-0.194506 2.54764 4.47955e-20 
-0.136458 2.52612 -4.64755e-20 
1.21177 0.258552 6.30041e-19 
1.14948 0.0773589 0 
0.0456489 3.07744 -9.54401e-19 
0.0659903 2.85335 -6.96739e-20 
0.142538 3.19392 1.44993e-18 
0.137341 3.22288 -2.10848e-19 
0.135683 3.23553 0 
0.0207855 3.1378 2.46135e-19 
0.077401 3.16081 9.41703e-19 
0.0700586 3.18704 -4.63886e-19 
0.0235396 3.12944 0 
0.657355 0.303799 0 
0.576355 0.35572 0 
1.10606 0.684096 1.79817e-19 
1.10242 0.814829 -1.78197e-19 
1.16464 0.570925 0 
1.19406 0.512546 0 
1.0162 0.0132484 -1.20441e-18 
1.01499 0.0142329 1.5114e-18 
1.02511 -0.010045 0 
1.02316 -0.0119238 0 
1.00645 0.00261658 0 
1.01038 0.00364807 0 
1.00458 0.00186638 0 
1.0099 0.00606674 0 
1.00787 0.00603711 0 
1.00447 0.00459026 0 
0.0871142 1.34804 0 
0.0790247 1.32037 0 
0.115961 1.38316 0 
0.126781 1.39965 0 
0.145239 2.60747 0 
0.186218 2.67116 -4.37071e-19 
0.0986721 2.66483 0 
0.0881615 2.66594 2.11717e-19 
0.040488 2.68244 -1.90229e-19 
0.0230161 1.30098 0 
0.00889487 1.23526 0 
0.0214107 1.32394 0 
0.0429244 1.27258 0 
-0.0102914 1.98969 -2.01482e-20 
-0.0302415 2.60246 2.24847e-20 
-0.0129266 2.66548 4.70306e-20 
-0.0216907 2.67528 0 
-0.0375367 2.60772 -1.00286e-19 
-0.0360055 2.60154 -5.8487e-20 
-0.000748916 1.99082 1.59009e-20 
-0.0241622 2.41353 -3.01463e-20 
-0.021782 2.43016 -5.33537e-20 
1.01254 0.0348358 1.22048e-18 
1.00837 0.0169404 -1.51225e-18 
1.00509 0.0413762 -1.22774e-18 
0.983561 0.0223775 1.55985e-18 
1.06253 0.00679269 0 
1.04782 -0.00901581 0 
1.09045 0.0302451 0 
1.0718 0.0103586 0 
1.06923 -0.00100832 0 
1.13231 0.0712852 0 
1.1051 0.0370569 0 
1.10709 0.024754 0 
-0.223112 2.52781 8.96869e-21 
-0.189726 2.36547 0 
-0.248006 2.4581 0 
-0.0707798 2.57519 2.32856e-20 
-0.0467333 2.58419 -1.24072e-21 
0.0526342 1.85447 -1.60152e-19 
-0.00165507 1.72641 1.6182e-19 
0.0687782 1.37676 0 
0.0401004 1.37978 0 
0.0200824 1.35734 0 
0.039133 1.17422 0 
-0.00531154 1.03624 0 
0.375572 1.47855 2.59903e-19 
0.412958 1.48577 1.4144e-19 
0.595567 2.45294 -2.36759e-19 
0.404363 2.54694 6.9687e-19 
0.35523 2.0754 7.00803e-20 
1.02086 -0.00827246 0 
1.0154 -0.00982141 0 
1.01485 -0.0156078 0 
1.00745 -0.00124422 0 
1.00492 -0.000978091 0 
1.00776 -0.00478357 0 
1.00922 -0.00381353 0 
1.01412 -0.00455402 0 
1.02156 0.0159077 1.17808e-18 
1.0182 0.0158124 -1.51186e-18 
1.02206 0.017808 -1.18616e-18 
1.01976 0.0164824 1.48735e-18 
0.763717 1.30835 0 
0.697585 1.36314 2.34453e-19 
0.872117 1.20631 7.85517e-20 
0.915114 1.16061 -1.0453e-19 
1.15728 2.60823 2.75584e-19 
0.814519 0.0948451 6.05977e-19 
1.14969 0.0955596 0 
1.19191 0.183521 -5.05213e-19 
1.1766 0.148179 -2.12724e-20 
1.00624 0.13646 0 
0.138563 2.96244 5.46116e-19 
0.115337 2.86819 -1.20605e-18 
0.0269701 2.36999 8.18281e-19 
0.093014 0.00512785 -3.66339e-19 
0.34034 3.42159 -2.11326e-19 
0.194494 3.3143 0 
0.237267 3.35653 2.75217e-19 
0.246602 3.03553 -1.81163e-18 
0.341581 3.19454 0 
0.00657012 3.12095 4.78278e-20 
0.016256 3.12983 -5.64635e-19 
0.0148205 3.12585 8.3104e-19 
0.0362007 3.14005 0 
0.0347982 3.15079 0 
1.2154 2.60819 0 
0.530089 0.842468 -5.29086e-19 
1.03342 0.989238 1.29475e-20 
0.971875 1.06094 0 
0.817223 0.960164 -1.16071e-19 
1.05667 0.877049 2.95018e-20 
0.368584 0.411986 -9.46947e-19 
0.700919 0.328719 -2.29415e-20 
0.680245 0.24982 4.35606e-19 
0.59164 0.391051 3.22301e-20 
0.510098 0.367074 -1.29856e-18 
0.672284 0.340387 0 
0.701935 0.426219 7.37963e-19 
0.709035 0.425767 0 
0.629843 0.371942 0 
0.606536 0.298687 0 
0.787361 0.61706 4.31931e-19 
1.20833 0.279632 -5.36206e-19 
1.20374 0.416989 0 
1.21524 0.363699 0 
0.758767 0.193619 6.49817e-19 
0.833355 0.536925 -4.02039e-19 
0.738888 0.51353 7.08538e-19 
0.934822 0.420935 -7.82015e-19 
1.01989 0.0145838 8.11132e-19 
1.01795 0.014101 -8.15705e-19 
1.01597 0.0155932 0 
1.03562 -0.00623501 0 
1.02944 -0.00879874 -7.64221e-19 
1.02735 -0.0123255 7.5671e-19 
1.02509 0.00964979 0 
1.0238 0.0130432 0 
1.01139 0.00402332 0 
1.01432 0.00890086 0 
1.01507 0.00386616 0 
1.01418 0.00272412 0 
0.0622294 1.33264 0 
0.0643711 1.29392 0 
0.147674 1.346 -3.75577e-21 
0.262375 1.46208 8.05071e-20 
0.152563 1.43208 1.65647e-19 
0.183164 1.4413 -2.72502e-19 
0.161407 1.37314 0 
0.132607 1.58841 -7.77424e-20 
0.110972 1.55828 0 
0.353498 2.02981 -1.01857e-19 
0.349902 2.36285 6.25068e-19 
0.184515 1.43943 6.77949e-20 
0.260776 1.37003 2.18558e-20 
0.196101 1.35418 -1.76952e-20 
0.270648 1.31007 -9.67554e-20 
0.239754 1.57329 0 
0.261233 1.6152 1.08417e-19 
0.0308181 2.27789 -3.56301e-20 
0.0373017 2.675 0 
0.0621557 2.41424 1.4765e-19 
0.0554733 2.43522 0 
0.0688121 2.67963 -2.34414e-19 
0.0495368 2.70433 0 
0.0216286 1.4158 7.59844e-21 
0.0243483 1.46381 0 
0.0255336 1.38231 0 
0.0181747 1.38742 -8.67839e-21 
-0.00429938 2.65381 -2.17956e-20 
0.025382 2.6996 2.17412e-19 
0.0101426 2.72244 1.51481e-21 
-0.00521992 1.84685 1.96861e-20 
-0.0162527 1.66481 8.75469e-21 
0.0479306 1.28117 0 
0.0371012 1.14565 0 
0.0401105 1.56974 8.58731e-23 
0.0254932 1.44599 -5.13396e-21 
0.0292203 1.51105 6.66265e-21 
0.03486 1.59172 0 
-0.0812384 2.35895 6.57088e-20 
-0.0989857 2.5528 -3.67832e-20 
-0.0303129 2.48297 -6.84064e-21 
-0.0213379 1.85267 -2.37564e-20 
-0.050176 2.49198 -1.19294e-20 
-0.0237017 2.44062 6.37445e-20 
1.02026 0.0203766 -8.05964e-19 
1.01674 0.0255547 8.0839e-19 
1.0152 0.0162448 0 
1.01557 0.0645375 1.10618e-18 
0.994705 0.0555608 -1.27204e-18 
0.956704 0.043388 1.42299e-18 
1.01714 0.100378 -1.51656e-19 
1.04183 -0.00632072 0 
1.04982 -0.00233637 7.29493e-19 
1.03804 -0.0104178 -7.31403e-19 
1.0698 0.038738 -4.34712e-20 
1.06339 0.0211387 3.75024e-19 
1.06229 0.0498609 0 
1.05363 0.0438444 -1.34503e-19 
1.03251 0.038855 0 
1.02633 0.0351706 0 
1.0277 0.0126764 0 
1.02443 0.0154317 0 
1.03874 0.0297737 2.77072e-19 
1.03901 0.0252429 -6.11504e-19 
1.05044 0.0318935 -2.94492e-19 
1.0469 0.0321621 -3.23445e-19 
1.06786 0.0563533 6.3366e-19 
1.09188 0.0438354 0 
1.09888 0.0869436 0 
-0.0654989 2.37557 9.98996e-20 
-0.113807 2.30026 1.27858e-20 
-0.06209 2.27476 0 
-0.12205 2.51095 -9.81878e-20 
-0.196375 2.5165 -2.13612e-20 
-0.161082 2.51388 -1.91974e-22 
-0.0372325 2.6112 5.05288e-20 
-0.0642736 2.54774 -4.03737e-21 
-0.0397013 2.51634 1.63156e-20 
-0.0429209 2.59883 -2.54714e-20 
-0.0404123 2.60283 3.16285e-20 
0.124145 1.60342 4.63835e-21 
0.0648031 1.83338 -9.00415e-20 
0.365409 1.41835 -1.08667e-19 
0.363279 1.35958 2.73447e-20 
0.644889 1.40844 -2.26745e-19 
0.511649 1.47279 -1.3671e-19 
0.563653 1.44622 0 
0.591151 2.42817 2.10385e-19 
0.658128 2.41941 3.36044e-19 
0.410771 2.5229 8.17716e-20 
0.40544 2.55402 -6.20423e-19 
0.51497 2.50175 6.02646e-19 
0.550266 2.46653 0 
0.488416 2.52045 -5.6056e-19 
0.248274 2.59733 1.16997e-18 
0.353534 2.5717 -8.3475e-20 
0.28466 2.65818 -1.60368e-18 
0.939847 2.38116 7.18794e-19 
0.833008 2.38654 0 
1.01095 0.000373783 2.64119e-20 
1.0153 -0.00557215 -2.14793e-20 
1.01762 -0.00368302 -3.92144e-19 
1.01494 -0.00111341 3.94182e-19 
1.01232 0.000932201 0 
0.633541 1.27731 0 
0.653551 1.17235 0 
0.754255 1.07985 0 
0.644484 1.13958 0 
1.186 2.62295 5.95169e-20 
1.07571 2.36732 0 
0.84018 2.18694 3.75629e-21 
0.827821 2.45403 0 
0.923002 2.54259 -4.16132e-19 
0.959145 2.49754 2.77121e-19 
0.824644 0.147687 0 
0.795741 0.129122 1.66483e-19 
0.924839 0.126934 9.58524e-19 
0.844872 0.12218 -3.61706e-19 
0.824218 0.0646829 -1.10257e-18 
1.06979 0.22201 -9.32918e-19 
0.989752 0.278458 -1.55222e-20 
0.915124 0.273727 8.95289e-19 
1.00256 0.206071 7.45708e-19 
0.950252 0.167975 -1.27488e-18 
0.918363 0.171129 1.59598e-19 
0.94829 0.233817 -3.42165e-19 
0.927333 0.19515 0 
0.996617 0.168591 6.28559e-19 
1.04497 0.171931 0 
1.04232 0.198543 0 
1.09781 0.106363 2.97065e-19 
1.07177 0.161672 -1.36077e-20 
1.06368 0.225329 -1.61756e-19 
1.09422 0.192285 0 
1.02279 0.0432455 6.25411e-19 
1.04182 0.0537976 7.78782e-19 
1.0328 0.0409212 -6.20456e-19 
1.04235 0.0587486 -5.21781e-19 
1.01686 0.0661857 -7.83033e-19 
0.99167 0.142483 0 
1.00119 0.0961177 0 
0.972569 0.0619055 -5.06555e-19 
0.924912 0.0807813 1.99728e-19 
1.03988 0.0948187 7.22911e-19 
1.06915 0.108303 -8.56681e-19 
1.07423 0.14093 7.65369e-19 
1.03381 0.131994 0 
1.0742 0.096253 0 
1.05876 0.0797259 -3.48096e-19 
1.0468 0.0876454 -5.92137e-19 
0.582062 1.08158 1.36585e-19 
0.612469 1.41244 -3.89279e-20 
1.15666 2.74085 -2.21777e-19 
1.22309 3.08218 -3.30038e-22 
1.24897 2.72243 -1.20005e-19 
1.27894 2.70649 -3.60268e-20 
1.20716 2.34618 -1.00827e-20 
1.21033 2.98586 -8.68661e-20 
1.22987 2.95079 2.25233e-19 
1.21412 3.23597 -1.47252e-19 
1.37536 2.96751 2.03665e-19 
1.36604 2.88579 0 
0.537296 0.849659 -4.91062e-20 
0.138927 1.26107 5.72561e-19 
0.52847 0.468607 6.12856e-19 
0.362842 0.219625 6.75733e-19 
0.530631 0.39705 7.32284e-19 
0.539959 0.485739 -1.20505e-18 
0.543129 0.492776 9.8498e-19 
0.49702 0.41736 -3.69467e-19 
0.42502 0.35476 8.40463e-19 
0.762304 0.250654 -3.71665e-19 
0.723061 0.28812 0 
0.717325 0.219973 9.88844e-21 
0.720536 0.513545 3.8816e-19 
0.692196 0.482951 -1.41542e-18 
0.612003 0.485095 1.65379e-20 
0.624545 0.465618 0 
0.665634 0.737721 4.01556e-19 
0.81435 0.77053 4.08018e-19 
0.742627 0.85386 -4.77252e-19 
0.856097 0.802303 -1.64871e-19 
0.889853 0.845176 -4.13784e-20 
0.898247 0.846704 4.23563e-20 
0.827169 0.642749 -7.17783e-19 
0.904187 0.698252 1.53175e-19 
0.961774 0.712432 0 
0.951807 0.688381 -2.12405e-19 
1.01489 0.319259 2.2575e-19 
1.12349 0.290405 3.12722e-19 
1.05468 0.260267 3.81257e-19 
0.997341 0.353339 -4.53484e-19 
1.0366 0.420129 0 
1.08944 0.406504 0 
0.902872 0.349277 4.77798e-21 
0.839552 0.282714 0 
0.864694 0.275903 4.21774e-19 
0.899384 0.280192 -6.09619e-21 
0.926455 0.424133 2.17952e-18 
0.882316 0.485337 5.62441e-19 
0.888099 0.449866 -5.98058e-19 
0.815942 0.435592 6.4036e-19 
0.798305 0.430961 3.84843e-19 
0.769683 0.418634 -3.78353e-19 
1.02701 -0.00069924 6.52925e-19 
1.02 -0.000347257 0 
1.01852 0.000583161 4.2569e-19 
1.02156 -0.0019489 -9.64416e-19 
1.02231 0.00393298 4.68325e-19 
1.02048 0.0108512 -9.80789e-19 
1.02147 0.0102654 0 
1.02076 0.0105902 -2.04374e-19 
1.01602 0.00745762 5.12639e-19 
1.01678 0.0102292 -2.55768e-19 
1.01748 0.00956679 1.88413e-19 
0.0319801 1.31472 0 
0.0390258 1.35156 0 
0.0491648 1.31331 0 
0.0478549 1.27513 0 
0.0713599 1.36692 -1.61042e-20 
0.0780927 1.33977 1.16918e-20 
0.111285 1.49464 -1.94393e-20 
0.0856879 1.3377 2.10512e-21 
0.0327497 1.44838 -1.78006e-20 
0.036714 1.43853 1.40665e-20 
0.0654346 1.35059 -7.851e-21 
0.0594208 1.35252 1.90673e-20 
0.0530451 1.3314 2.49043e-21 
0.0411301 1.3524 -8.79189e-22 
0.10375 2.38691 -1.63088e-19 
0.0930744 2.43132 0 
0.168963 2.06426 1.10293e-19 
0.106847 1.71087 4.38184e-20 
0.231226 2.05575 -8.98436e-20 
0.20918 2.45267 0 
0.268483 2.40419 -5.93596e-19 
0.306068 2.40245 4.21436e-19 
0.231762 2.01437 -2.49775e-19 
0.152583 2.18187 1.67145e-19 
0.145808 2.30199 0 
0.00902789 1.88437 -2.41087e-20 
-0.017201 2.40658 -8.6162e-20 
-0.00254584 2.16519 0 
0.00682617 2.46823 -1.49739e-20 
0.0194606 2.31643 2.35286e-20 
0.0172802 1.39996 -1.87428e-21 
0.0329495 1.38231 4.38106e-20 
0.0494807 1.40751 -1.96937e-20 
0.0100061 1.40311 -6.97344e-21 
0.021361 1.42005 0 
0.0516321 1.38741 0 
0.068948 1.19525 -4.48211e-20 
0.105422 1.37863 1.17766e-20 
0.0873264 1.37643 0 
0.0507418 1.25038 -2.92381e-20 
0.0384992 1.03784 6.4903e-20 
1.04018 0.0108358 0 
1.04584 0.00706575 -6.84918e-20 
1.03836 0.0200825 -4.92693e-19 
1.0475 0.0192111 0 
1.05167 0.01918 0 
1.03635 0.0105742 -6.46553e-21 
1.03122 0.0104351 7.90907e-19 
1.03193 0.0153402 9.60081e-19 
1.02593 0.0193548 0 
1.02336 0.0198522 0 
1.03504 0.0234181 4.91956e-19 
1.02637 0.0248484 0 
1.02498 0.0247324 0 
-0.0243768 2.04907 0 
0.0428465 1.83036 1.59326e-20 
0.034291 1.89443 -2.25811e-20 
0.0846608 1.39663 0 
0.0838644 1.65535 -1.74019e-20 
0.110283 1.52325 3.11516e-20 
0.0908169 1.435 0 
0.396588 1.68454 0 
0.364329 1.28746 -5.89958e-20 
0.30683 1.33926 0 
0.420211 1.28781 3.15859e-21 
0.464342 1.44596 0 
0.445402 1.39037 2.34003e-20 
1.03395 2.68943 -1.53479e-20 
0.962207 2.41139 -9.03689e-19 
0.910752 2.18666 1.04755e-18 
0.846079 2.37834 2.40313e-19 
0.846285 2.50254 0 
0.916612 2.49687 0 
0.923174 2.37493 0 
0.900691 2.36162 -9.33653e-19 
0.692848 2.47361 -3.86594e-19 
0.80232 2.46454 -9.55864e-20 
0.813823 2.43637 7.30021e-20 
0.693017 2.39469 0 
0.796783 2.3907 0 
0.755658 2.40315 -3.63954e-19 
0.76986 2.49394 0 
0.612914 1.09578 0 
0.482876 0.929623 -4.92789e-19 
0.551689 0.964814 -3.14223e-20 
0.52266 1.05857 0 
0.521673 1.00762 7.40168e-19 
0.766619 0.880055 -1.3333e-19 
0.778471 1.01104 0 
0.75139 0.968442 1.94371e-19 
0.639847 1.03436 0 
0.644662 0.944386 0 
1.16475 2.76175 -2.29529e-19 
1.14234 2.82551 -9.55987e-20 
0.932551 2.34614 9.70609e-20 
0.900219 2.32535 -8.24547e-20 
1.12971 2.73494 0 
1.08316 2.70516 9.92709e-20 
1.08935 2.48748 -3.16798e-19 
0.984833 2.23419 -3.05657e-20 
0.502731 1.36247 0 
0.515245 1.07923 -1.2053e-19 
0.562871 1.16121 0 
0.860552 0.211966 0 
0.802769 0.167096 0 
0.756734 0.14443 0 
0.855063 0.22077 -6.63854e-19 
0.779521 0.213296 3.89963e-19 
0.936793 0.0672056 -4.1248e-19 
0.950279 0.111643 0 
0.927975 0.118283 1.77959e-19 
0.870781 0.0940443 7.13591e-19 
0.850548 0.0547073 -4.46156e-19 
1.16165 3.36159 -7.29866e-19 
1.20911 3.28085 0 
1.16031 3.38968 -1.50208e-18 
0.647827 3.55059 1.27657e-18 
0.87252 3.11814 8.33882e-20 
0.511237 0.854515 5.92529e-19 
0.429315 0.848022 0 
0.339167 0.502378 -1.52068e-19 
0.443603 0.686399 8.57918e-19 
0.531146 0.474948 -2.10644e-19 
0.505933 0.526268 2.38589e-19 
0.653616 0.5397 5.22661e-19 
0.680819 0.556239 0 
0.63418 0.622196 0 
0.591775 0.559195 0 
0.963162 0.596787 1.04742e-19 
0.884886 0.535013 -5.4712e-19 
0.908126 0.567257 4.17916e-19 
0.943302 0.502449 -4.24245e-19 
1.0468 0.478107 0 
1.05691 0.566128 -1.06745e-19 
0.839147 0.386252 -8.77456e-19 
0.843224 0.371091 -1.08355e-18 
0.791015 0.386375 6.84761e-19 
0.787375 0.354406 -7.03279e-19 
0.838696 0.308193 -5.48224e-19 
0.793084 0.307184 6.73702e-19 
1.02685 0.00535646 -5.0145e-19 
1.02647 0.00569096 1.02435e-18 
1.02918 -0.000600499 6.32945e-19 
1.03323 0.000590044 -7.62486e-19 
1.0328 0.00796135 0 
1.03003 0.00868538 -1.23731e-18 
0.0548365 1.64279 2.45361e-20 
0.0401809 1.56765 0 
0.0805476 1.69535 1.41529e-19 
0.0944006 1.67741 -1.24395e-19 
0.079478 1.51246 3.64719e-20 
0.0798342 1.49726 0 
0.0100458 1.71523 0 
0.0231939 1.55393 -2.10836e-21 
0.0606483 1.4812 1.897e-21 
0.0428313 1.63511 1.99717e-20 
0.0125892 1.91974 -4.86071e-21 
-0.0126353 1.94312 9.65272e-21 
0.5003 1.37596 -2.61612e-19 
0.495092 1.38195 2.8734e-19 
0.443555 1.28563 -2.70435e-20 
0.438535 1.2952 7.49047e-21 
0.625832 1.28977 0 
0.5415 1.37725 1.0071e-19 
0.559804 1.38571 -9.80867e-20 
0.451371 1.27385 2.605e-20 
0.510066 1.2274 0 
0.564812 1.19733 0 
0.659653 2.43331 5.67998e-19 
0.67042 2.46892 1.25291e-18 
0.717339 2.48265 -8.62306e-19 
0.617924 2.46185 -2.05145e-19 
0.563825 2.55196 2.8087e-19 
0.512716 2.52502 -7.45734e-19 
0.974934 2.37831 -5.85712e-19 
1.01232 2.39329 0 
0.920958 2.16574 -6.77945e-19 
1.05293 2.68482 0 
1.05516 2.67157 0 
0.612486 2.27836 -1.01042e-19 
1.04187 3.16463 1.48628e-19 
0.913096 3.03505 -5.69153e-20 
0.283011 0.919934 0 
0.323172 0.781664 -3.14476e-19 
0.479337 0.73521 -3.11898e-19 
0.390963 2.02656 0 
0.468582 2.78739 -5.80528e-20 
0.424337 2.55161 0 
0.677611 0.684403 -8.51528e-19 
0.759209 0.681584 1.16531e-18 
0.778721 0.624633 -1.15426e-18 
0.658835 0.646531 -1.10699e-19 
0.714899 0.599784 -4.59863e-19 
1.00373 2.76826 -1.1301e-19 
1.04094 2.82421 -1.5311e-19 
0.640239 2.15368 6.42259e-19 
0.596426 1.72089 -4.5946e-19 
0.699604 1.91035 -3.94987e-19 
0.989541 2.45112 -1.14014e-19 
0.994637 2.4443 2.88177e-19 
0.660368 1.84999 2.73053e-20 
0.451079 1.33891 1.4109e-19 
))
(300 (2 10 3 0 0 919 1018)(
0 0 0 
0 0 0 
0 0 0 
0 0 0 
0 0 0 
0 0 0 
0 0 0 
0 0 0 
0 0 0 
0 0 0 
0 0 0 
0 0 0 
0 0 0 
0 0 0 
0 0 0 
0 0 0 
0 0 0 
0 0 0 
0 0 0 
0 0 0 
0 0 0 
0 0 0 
0 0 0 
0 0 0 
0 0 0 
0 0 0 
0 0 0 
0 0 0 
0 0 0 
0 0 0 
0 0 0 
0 0 0 
0 0 0 
0 0 0 
0 0 0 
0 0 0 
0 0 0 
0 0 0 
0 0 0 
0 0 0 
0 0 0 
0 0 0 
0 0 0 
0 0 0 
0 0 0 
0 0 0 
0 0 0 
0 0 0 
0 0 0 
0 0 0 
0 0 0 
0 0 0 
0 0 0 
0 0 0 
0 0 0 
0 0 0 
0 0 0 
0 0 0 
0 0 0 
0 0 0 
0 0 0 
0 0 0 
0 0 0 
0 0 0 
0 0 0 
0 0 0 
0 0 0 
0 0 0 
0 0 0 
0 0 0 
0 0 0 
0 0 0 
0 0 0 
0 0 0 
0 0 0 
0 0 0 
0 0 0 
0 0 0 
0 0 0 
0 0 0 
0 0 0 
0 0 0 
0 0 0 
0 0 0 
0 0 0 
0 0 0 
0 0 0 
0 0 0 
0 0 0 
0 0 0 
0 0 0 
0 0 0 
0 0 0 
0 0 0 
0 0 0 
0 0 0 
0 0 0 
0 0 0 
0 0 0 
0 0 0 
))
(300 (2 11 3 0 0 1019 1026)(
1 0 0 
1 0 0 
1 0 0 
1 0 0 
1 0 0 
1 0 0 
1 0 0 
1 0 0 
))
(300 (2 12 3 0 0 1027 1030)(
0 3 0 
0 3 0 
0 3 0 
0 3 0 
))
(300 (2 13 3 0 0 1031 1038)(
-0.0504787 0.924823 0 
-0.0506622 1.34978 2.10906e-20 
-0.188281 1.11422 0 
-0.233231 2.50976 0 
-0.305487 2.33742 0 
-0.26796 1.37331 0 
-0.322894 1.91733 0 
-0.259032 2.45864 0 
))
(300 (2 14 3 0 0 1039 1072)(
0 0 0 
0 0 0 
0 0 0 
0 0 0 
0 0 0 
0 0 0 
0 0 0 
0 0 0 
0 0 0 
0 0 0 
0 0 0 
0 0 0 
0 0 0 
0 0 0 
0 0 0 
0 0 0 
0 0 0 
0 0 0 
0 0 0 
0 0 0 
0 0 0 
0 0 0 
0 0 0 
0 0 0 
0 0 0 
0 0 0 
0 0 0 
0 0 0 
0 0 0 
0 0 0 
0 0 0 
0 0 0 
0 0 0 
0 0 0 
))
(300 (2 15 3 0 0 1073 1072)(
))
