(0 "FOAM to Fluent data File")

(33 (918 3444 1074))
(300 (1 1 1 0 0 1 918)(
0.233628
0.926797
0.00680588
0.233128
0.000334083
0.893934
-0.824945
0.421223
0.213615
-0.139145
0.0191746
0.204999
0.754516
0.521834
-1.45751
0.0143639
0.372433
-0.665847
0.212097
0.00620988
0.496218
0.220278
0.223346
0.21404
0.26926
0.512581
0.635203
0.00127924
-0.00294459
-0.0020416
0.00366569
-0.00223648
0.00319235
0.777555
0.828669
0.851325
0.182717
0.0103466
-0.670897
-0.753534
-0.731181
-0.871183
0.407406
0.412674
-0.486231
0.419344
0.433672
0.201719
0.212987
0.214029
0.214916
0.214101
0.215382
0.284041
-0.16596
-0.229648
-0.0803306
-0.0600396
0.0767899
0.0204975
0.0158759
0.0213091
0.0225248
0.143391
0.201759
0.197723
0.209149
0.218723
0.866348
0.838221
0.864359
0.778194
0.794641
0.732444
0.704908
0.541435
0.562949
0.50797
0.495418
-1.90092
-2.87724
-0.855248
-0.593907
0.00152669
0.0210973
0.0262763
0.352167
0.360388
0.364971
0.377184
0.777472
-0.643605
-0.778842
0.211822
0.210574
0.220209
0.220993
0.217034
0.216258
0.0136008
0.0209688
-0.00335338
0.00557743
0.00347895
0.475271
0.469401
0.214791
0.211734
0.225979
0.250116
0.237593
-0.0140046
0.284749
0.312622
0.315139
0.491983
0.491543
0.498529
0.60881
0.571682
0.672448
0.695752
0.00678392
0.00164776
0.0110205
0.00723464
0.0106776
0.180381
0.175312
0.1939
0.184446
0.187751
-0.0701696
-0.199408
0.0889614
0.115961
-0.583469
-0.660538
-0.735862
-0.761452
-0.8553
0.174492
0.395438
0.398392
-0.50169
-0.413047
-0.569268
-0.337519
-0.413096
0.190514
0.199003
0.193527
0.208518
0.20355
0.204486
0.21729
0.21449
0.21597
0.308739
0.37642
0.245699
0.223006
-0.456326
-0.297206
-0.438765
-0.031414
-0.0210828
0.0865503
0.0998273
0.0667321
0.0650127
-0.003452
0.0136204
0.000232156
0.0243496
0.0265982
0.137451
0.127786
0.152025
0.159073
0.192837
0.193337
0.196127
0.196682
0.655623
0.677964
0.68551
0.659116
-3.89106
-6.7131
-0.257772
-0.113048
0.00240936
0.00292834
0.00144999
0.00436318
0.00347647
0.00107623
0.0407181
0.0380113
0.0297976
0.0343339
0.340459
0.345769
0.747578
0.816515
0.683201
0.696933
0.199779
0.203024
0.207721
0.203492
0.0264902
0.0226456
0.0270337
0.434075
0.452838
0.455136
-0.0479833
-0.135814
0.0340153
0.0609181
0.329517
0.313297
0.334392
0.380604
0.417882
0.702923
0.721331
0.719784
0.728282
0.772161
0.788476
0.75382
0.164274
0.173392
0.169192
0.199024
0.195378
0.196438
0.191892
0.194962
0.192825
-0.351698
-0.732887
0.21519
0.207172
0.159619
0.174418
0.24031
0.3318
0.373846
0.383624
0.390697
-0.271855
-0.341
0.187283
0.171719
0.0865045
0.114552
0.0995863
0.626801
0.586988
0.637016
0.61049
0.571882
0.59838
-0.682075
-2.21755
-1.31139
0.254677
0.0582071
0.150873
0.0567651
0.0448216
0.0481022
0.736417
0.769587
0.422485
0.567785
0.53266
0.457003
0.488995
0.54531
0.4689
0.504942
0.541398
0.521221
0.143839
0.217674
0.141606
0.419694
0.505122
-0.160319
-0.206189
-0.268256
0.11096
0.143829
0.127229
0.661043
0.565836
0.639963
0.211546
0.211988
0.0110269
0.0183678
0.216023
0.216317
0.00751586
0.00825281
0.129514
-1.16777
-0.16911
0.20406
0.194519
0.211485
-0.139205
0.299057
0.0190807
0.0878831
0.0587972
0.201402
0.153844
0.11803
0.00721788
0.0196579
0.0147467
-0.433042
0.209023
0.207121
0.211046
0.212208
0.213022
0.00916015
0.0101187
0.0073853
0.0121366
0.0103329
0.00969575
0.180518
0.191358
-0.484208
0.211333
0.21342
0.213366
0.206827
0.211942
0.209996
0.0154233
0.0106992
0.010522
-0.062652
0.0538672
0.389755
0.50257
0.337686
0.110475
-0.134911
0.284607
0.354491
0.249651
0.419958
0.376973
0.402734
-0.113057
-0.259009
-0.0983755
-0.151617
0.202063
0.201179
0.19347
0.189792
0.206813
0.205206
0.209177
0.207065
0.209475
0.210415
-0.0798138
-0.0644916
-0.181728
-0.247931
0.326354
0.40563
0.207931
0.241762
0.139606
0.0229235
0.0226485
0.0187631
0.0167022
0.0525306
0.0627455
0.0779479
0.0681946
0.0482709
0.046049
0.0512174
0.0568539
0.0612645
0.196284
0.196396
0.200775
0.207882
0.160709
0.164543
0.135808
0.151534
0.142473
0.0861186
0.117736
0.0972402
0.00850479
0.00954685
0.0080473
0.0236774
0.0280189
0.0150869
0.0130002
0.0130687
0.0108563
0.0114856
0.0188257
0.0219278
-0.447194
-0.541751
0.749877
0.635068
-0.456002
0.197855
0.204024
0.201317
0.20641
0.20909
0.20956
0.207594
0.204985
0.192325
0.193587
0.190281
0.190945
-0.424393
-0.570037
-0.389871
-0.449567
-0.173231
0.316461
0.0658072
0.00496069
0.00198477
0.213782
0.590134
0.406399
0.455543
0.475163
-0.669897
-0.265504
-0.59947
0.0161285
-0.163737
0.390143
0.442514
0.465103
0.411147
0.359125
-0.423115
0.197075
-0.361367
-0.330436
-0.144813
-0.227878
0.426927
0.361255
0.36698
0.38994
0.414023
0.364399
0.34612
0.34237
0.381834
0.386702
0.178307
-0.0247067
-0.0732976
-0.106762
0.341382
0.221418
0.275997
0.196527
0.196418
0.19944
0.198521
0.183473
0.189066
0.184368
0.190059
0.192053
0.202549
0.202183
0.197967
0.200413
-0.036248
-0.0233995
-0.14901
-0.362723
-0.250223
-0.34843
-0.222426
0.0169126
0.0436141
-0.136152
0.134655
-0.118092
-0.41987
-0.301914
-0.490831
-0.166397
-0.287043
0.0934877
0.148708
0.159554
0.137074
0.201437
0.185608
0.0378032
0.0460066
0.029178
0.0285016
0.0919273
0.111842
0.108999
0.0467557
0.0489718
0.0253463
0.0263245
0.0633724
0.0394242
0.0503029
0.0619794
0.0210877
0.0238686
0.0285906
0.0377687
0.0378359
0.0404812
0.191509
0.193767
0.192157
0.203914
0.215313
0.228829
0.199561
0.177545
0.170252
0.173942
0.151128
0.157478
0.156329
0.164929
0.183117
0.188973
0.188333
0.189953
0.176288
0.177976
0.165154
0.168833
0.152685
0.136582
0.124594
0.0183441
0.0115009
0.0151648
0.0155443
0.0106239
0.0127068
0.0417463
0.0331992
0.0371259
0.0326814
0.0367615
0.0169952
0.0179818
-0.55555
-0.571862
-0.519413
-0.562462
-0.583824
0.662232
0.702497
0.586772
0.290264
0.278257
0.548523
0.716104
0.381894
0.459757
0.483818
0.113781
0.415688
0.204699
0.203395
0.200323
0.200776
0.202853
-0.318935
-0.222159
-0.223606
-0.176358
-0.0379944
0.0650997
0.135615
-0.190807
-0.0447415
0.01168
0.309903
0.326443
0.272514
0.297111
0.295378
0.129492
0.200218
0.246294
0.212755
0.250652
0.269438
0.23209
0.261004
0.214713
0.175673
0.176088
0.123418
0.139425
0.120758
0.105015
0.192949
0.173048
0.182407
0.175384
0.193411
0.225031
0.216629
0.238534
0.254974
0.183428
0.146113
0.154438
0.182729
0.143628
0.15489
0.16973
-0.0895846
-0.185472
-0.1359
-0.439362
-0.326841
-0.338883
-0.386909
-0.367379
-0.0881838
-0.788679
-0.736634
-1.37424
0.131093
0.624369
0.38388
0.351906
0.410888
0.384775
0.383323
0.421838
0.428363
0.333347
0.352287
0.354532
0.305871
0.332361
0.361322
0.358123
0.174909
0.0686438
0.0583875
0.0277823
-0.0983638
-0.0699743
0.142209
0.0655245
-0.00948608
-3.80383e-05
0.160704
0.0614173
0.119094
0.155678
0.0880067
0.0472604
0.236573
0.302021
0.297466
0.265147
0.187485
0.199818
0.223594
0.255038
0.283497
0.320498
0.191008
0.195396
0.197268
0.195304
0.191263
0.19437
0.193768
0.195981
0.196392
0.198995
0.198138
0.0149719
0.0180402
-0.00368893
0.00453835
-0.0159852
-0.0457156
-0.00309013
-0.0617344
0.0285386
0.0220192
-0.0102661
-0.0110376
-0.00147756
0.012272
0.116211
0.131301
0.115084
0.0662741
0.0293273
0.285294
0.240358
0.176295
0.0810674
0.157919
0.254453
0.0724394
0.0828685
0.0709868
0.0905035
0.0856292
0.0318264
0.0282507
0.0315494
0.041216
0.0377506
0.0287023
0.0236192
0.0253975
0.0276961
0.0268772
0.0266732
0.177125
0.173283
0.175433
0.16931
0.167967
0.180421
0.183272
0.184566
0.189164
0.190749
0.182943
0.186376
0.189748
0.0277995
0.0215532
0.023535
0.0238692
0.0232742
0.0203509
0.0208072
-0.50585
-0.575606
-0.882793
-0.491751
-0.514475
-0.518691
0.188394
0.0329028
0.184963
0.286186
0.176163
0.0962287
0.142508
0.219699
-0.0533124
0.0376324
-0.109936
0.571285
0.390456
0.553208
0.0788867
-0.106998
0.0264303
0.0859551
-0.0990598
-0.0433553
-0.00174215
-0.110743
-0.0824426
-0.0541866
0.0418588
-0.0408615
-0.0597068
-0.237439
-0.019799
-0.0156173
-0.0436035
0.0891247
0.154177
0.0313352
-0.114834
-0.169254
0.300192
0.319141
0.334208
0.310372
0.328625
0.258078
0.247803
0.267153
0.277061
0.270973
-1.11615
-0.835739
-1.76248
-1.07084
-0.654387
0.155506
0.116935
0.39636
0.299906
0.385312
0.367547
0.333979
0.298272
0.299629
0.337769
0.0566362
0.160197
0.135015
0.140646
0.0477647
-0.0129636
0.267736
0.264617
0.300694
0.325371
0.290584
0.32779
0.187943
0.187317
0.188421
0.18499
0.181202
0.183029
0.0796288
0.0642587
0.0645321
0.0481875
0.0428738
0.0529457
0.0321088
0.0287943
0.02589
0.0263771
0.0298596
0.0337376
-0.177932
-0.340672
-0.439
-0.476156
-0.33582
-0.436739
-0.42863
-0.391902
-0.262874
-0.264936
-0.0432999
0.246186
-0.0169872
0.241498
-0.0772576
0.118267
0.216855
0.181871
0.222939
0.0834426
0.180894
-0.200216
-0.645208
-0.566869
0.424009
0.434222
0.206257
-0.00601158
-0.213515
0.00380264
0.21133
0.154721
0.195958
0.261397
0.259243
-0.357077
-0.276474
-0.0969999
0.147447
-0.149155
-0.146907
-0.160484
0.00121233
-0.0680672
))
(300 (1 10 1 0 0 919 1018)(
0.233628
0.926797
0.00680588
0.233128
0.893934
-0.824945
0.421223
-0.139145
0.0191746
0.204999
0.754516
0.521834
-1.45751
0.372433
-0.665847
0.212097
0.00620988
0.496218
0.21404
0.26926
0.512581
0.635203
0.00127924
0.777555
0.182717
-0.753534
-0.871183
0.412674
-0.486231
0.433672
0.201719
-0.229648
-0.0600396
0.0158759
0.0225248
0.143391
0.197723
0.218723
0.794641
0.704908
0.562949
0.495418
-2.87724
-0.593907
0.360388
0.377184
-0.778842
0.210574
0.216258
0.0209688
0.00347895
0.469401
0.211734
0.237593
-0.0140046
0.312622
0.315139
0.498529
0.571682
0.695752
0.175312
0.1939
0.187751
-0.660538
-0.8553
0.398392
-0.569268
-0.413096
0.193527
0.204486
-0.438765
-0.0210828
0.000232156
0.0265982
0.127786
0.159073
0.192837
0.196682
0.659116
-0.113048
0.345769
0.199779
0.203492
0.0270337
0.455136
-0.135814
0.0609181
0.334392
0.417882
0.728282
0.169192
0.196438
0.192825
0.390697
-0.341
0.0995863
0.61049
0.150873
0.504942
-0.268256
))
(300 (1 11 1 0 0 919 926)(
0.233628
0.233128
0.213615
0.220278
0.214029
0.215382
0.220209
0.21597
))
(300 (1 12 1 0 0 919 922)(
0.926797
0.893934
0.851325
0.864359
))
(300 (1 13 1 0 0 919 926)(
0
0
0
0
0
0
0
0
))
(300 (1 14 1 0 0 919 952)(
0.000334083
0.0143639
0.00319235
0.0103466
0.284041
0.0767899
0.0262763
0.777472
0.0106776
-0.199408
0.115961
0.174492
0.37642
0.223006
0.0998273
0.0650127
-6.7131
0.0407181
0.0343339
0.816515
0.696933
-0.732887
0.21519
0.174418
0.3318
0.171719
-1.31139
0.0481022
0.769587
0.53266
0.141606
0.505122
0.127229
0.639963
))
(300 (1 15 1 0 0 919 2754)(
0.233628
0.233628
0.926797
0.926797
0.00680588
0.00680588
0.233128
0.233128
0.000334083
0.000334083
0.893934
0.893934
-0.824945
-0.824945
0.421223
0.421223
0.213615
0.213615
-0.139145
-0.139145
0.0191746
0.0191746
0.204999
0.204999
0.754516
0.754516
0.521834
0.521834
-1.45751
-1.45751
0.0143639
0.0143639
0.372433
0.372433
-0.665847
-0.665847
0.212097
0.212097
0.00620988
0.00620988
0.496218
0.496218
0.220278
0.220278
0.223346
0.223346
0.21404
0.21404
0.26926
0.26926
0.512581
0.512581
0.635203
0.635203
0.00127924
0.00127924
-0.00294459
-0.00294459
-0.0020416
-0.0020416
0.00366569
0.00366569
-0.00223648
-0.00223648
0.00319235
0.00319235
0.777555
0.777555
0.828669
0.828669
0.851325
0.851325
0.182717
0.182717
0.0103466
0.0103466
-0.670897
-0.670897
-0.753534
-0.753534
-0.731181
-0.731181
-0.871183
-0.871183
0.407406
0.407406
0.412674
0.412674
-0.486231
-0.486231
0.419344
0.419344
0.433672
0.433672
0.201719
0.201719
0.212987
0.212987
0.214029
0.214029
0.214916
0.214916
0.214101
0.214101
0.215382
0.215382
0.284041
0.284041
-0.16596
-0.16596
-0.229648
-0.229648
-0.0803306
-0.0803306
-0.0600396
-0.0600396
0.0767899
0.0767899
0.0204975
0.0204975
0.0158759
0.0158759
0.0213091
0.0213091
0.0225248
0.0225248
0.143391
0.143391
0.201759
0.201759
0.197723
0.197723
0.209149
0.209149
0.218723
0.218723
0.866348
0.866348
0.838221
0.838221
0.864359
0.864359
0.778194
0.778194
0.794641
0.794641
0.732444
0.732444
0.704908
0.704908
0.541435
0.541435
0.562949
0.562949
0.50797
0.50797
0.495418
0.495418
-1.90092
-1.90092
-2.87724
-2.87724
-0.855248
-0.855248
-0.593907
-0.593907
0.00152669
0.00152669
0.0210973
0.0210973
0.0262763
0.0262763
0.352167
0.352167
0.360388
0.360388
0.364971
0.364971
0.377184
0.377184
0.777472
0.777472
-0.643605
-0.643605
-0.778842
-0.778842
0.211822
0.211822
0.210574
0.210574
0.220209
0.220209
0.220993
0.220993
0.217034
0.217034
0.216258
0.216258
0.0136008
0.0136008
0.0209688
0.0209688
-0.00335338
-0.00335338
0.00557743
0.00557743
0.00347895
0.00347895
0.475271
0.475271
0.469401
0.469401
0.214791
0.214791
0.211734
0.211734
0.225979
0.225979
0.250116
0.250116
0.237593
0.237593
-0.0140046
-0.0140046
0.284749
0.284749
0.312622
0.312622
0.315139
0.315139
0.491983
0.491983
0.491543
0.491543
0.498529
0.498529
0.60881
0.60881
0.571682
0.571682
0.672448
0.672448
0.695752
0.695752
0.00678392
0.00678392
0.00164776
0.00164776
0.0110205
0.0110205
0.00723464
0.00723464
0.0106776
0.0106776
0.180381
0.180381
0.175312
0.175312
0.1939
0.1939
0.184446
0.184446
0.187751
0.187751
-0.0701696
-0.0701696
-0.199408
-0.199408
0.0889614
0.0889614
0.115961
0.115961
-0.583469
-0.583469
-0.660538
-0.660538
-0.735862
-0.735862
-0.761452
-0.761452
-0.8553
-0.8553
0.174492
0.174492
0.395438
0.395438
0.398392
0.398392
-0.50169
-0.50169
-0.413047
-0.413047
-0.569268
-0.569268
-0.337519
-0.337519
-0.413096
-0.413096
0.190514
0.190514
0.199003
0.199003
0.193527
0.193527
0.208518
0.208518
0.20355
0.20355
0.204486
0.204486
0.21729
0.21729
0.21449
0.21449
0.21597
0.21597
0.308739
0.308739
0.37642
0.37642
0.245699
0.245699
0.223006
0.223006
-0.456326
-0.456326
-0.297206
-0.297206
-0.438765
-0.438765
-0.031414
-0.031414
-0.0210828
-0.0210828
0.0865503
0.0865503
0.0998273
0.0998273
0.0667321
0.0667321
0.0650127
0.0650127
-0.003452
-0.003452
0.0136204
0.0136204
0.000232156
0.000232156
0.0243496
0.0243496
0.0265982
0.0265982
0.137451
0.137451
0.127786
0.127786
0.152025
0.152025
0.159073
0.159073
0.192837
0.192837
0.193337
0.193337
0.196127
0.196127
0.196682
0.196682
0.655623
0.655623
0.677964
0.677964
0.68551
0.68551
0.659116
0.659116
-3.89106
-3.89106
-6.7131
-6.7131
-0.257772
-0.257772
-0.113048
-0.113048
0.00240936
0.00240936
0.00292834
0.00292834
0.00144999
0.00144999
0.00436318
0.00436318
0.00347647
0.00347647
0.00107623
0.00107623
0.0407181
0.0407181
0.0380113
0.0380113
0.0297976
0.0297976
0.0343339
0.0343339
0.340459
0.340459
0.345769
0.345769
0.747578
0.747578
0.816515
0.816515
0.683201
0.683201
0.696933
0.696933
0.199779
0.199779
0.203024
0.203024
0.207721
0.207721
0.203492
0.203492
0.0264902
0.0264902
0.0226456
0.0226456
0.0270337
0.0270337
0.434075
0.434075
0.452838
0.452838
0.455136
0.455136
-0.0479833
-0.0479833
-0.135814
-0.135814
0.0340153
0.0340153
0.0609181
0.0609181
0.329517
0.329517
0.313297
0.313297
0.334392
0.334392
0.380604
0.380604
0.417882
0.417882
0.702923
0.702923
0.721331
0.721331
0.719784
0.719784
0.728282
0.728282
0.772161
0.772161
0.788476
0.788476
0.75382
0.75382
0.164274
0.164274
0.173392
0.173392
0.169192
0.169192
0.199024
0.199024
0.195378
0.195378
0.196438
0.196438
0.191892
0.191892
0.194962
0.194962
0.192825
0.192825
-0.351698
-0.351698
-0.732887
-0.732887
0.21519
0.21519
0.207172
0.207172
0.159619
0.159619
0.174418
0.174418
0.24031
0.24031
0.3318
0.3318
0.373846
0.373846
0.383624
0.383624
0.390697
0.390697
-0.271855
-0.271855
-0.341
-0.341
0.187283
0.187283
0.171719
0.171719
0.0865045
0.0865045
0.114552
0.114552
0.0995863
0.0995863
0.626801
0.626801
0.586988
0.586988
0.637016
0.637016
0.61049
0.61049
0.571882
0.571882
0.59838
0.59838
-0.682075
-0.682075
-2.21755
-2.21755
-1.31139
-1.31139
0.254677
0.254677
0.0582071
0.0582071
0.150873
0.150873
0.0567651
0.0567651
0.0448216
0.0448216
0.0481022
0.0481022
0.736417
0.736417
0.769587
0.769587
0.422485
0.422485
0.567785
0.567785
0.53266
0.53266
0.457003
0.457003
0.488995
0.488995
0.54531
0.54531
0.4689
0.4689
0.504942
0.504942
0.541398
0.541398
0.521221
0.521221
0.143839
0.143839
0.217674
0.217674
0.141606
0.141606
0.419694
0.419694
0.505122
0.505122
-0.160319
-0.160319
-0.206189
-0.206189
-0.268256
-0.268256
0.11096
0.11096
0.143829
0.143829
0.127229
0.127229
0.661043
0.661043
0.565836
0.565836
0.639963
0.639963
0.211546
0.211546
0.211988
0.211988
0.0110269
0.0110269
0.0183678
0.0183678
0.216023
0.216023
0.216317
0.216317
0.00751586
0.00751586
0.00825281
0.00825281
0.129514
0.129514
-1.16777
-1.16777
-0.16911
-0.16911
0.20406
0.20406
0.194519
0.194519
0.211485
0.211485
-0.139205
-0.139205
0.299057
0.299057
0.0190807
0.0190807
0.0878831
0.0878831
0.0587972
0.0587972
0.201402
0.201402
0.153844
0.153844
0.11803
0.11803
0.00721788
0.00721788
0.0196579
0.0196579
0.0147467
0.0147467
-0.433042
-0.433042
0.209023
0.209023
0.207121
0.207121
0.211046
0.211046
0.212208
0.212208
0.213022
0.213022
0.00916015
0.00916015
0.0101187
0.0101187
0.0073853
0.0073853
0.0121366
0.0121366
0.0103329
0.0103329
0.00969575
0.00969575
0.180518
0.180518
0.191358
0.191358
-0.484208
-0.484208
0.211333
0.211333
0.21342
0.21342
0.213366
0.213366
0.206827
0.206827
0.211942
0.211942
0.209996
0.209996
0.0154233
0.0154233
0.0106992
0.0106992
0.010522
0.010522
-0.062652
-0.062652
0.0538672
0.0538672
0.389755
0.389755
0.50257
0.50257
0.337686
0.337686
0.110475
0.110475
-0.134911
-0.134911
0.284607
0.284607
0.354491
0.354491
0.249651
0.249651
0.419958
0.419958
0.376973
0.376973
0.402734
0.402734
-0.113057
-0.113057
-0.259009
-0.259009
-0.0983755
-0.0983755
-0.151617
-0.151617
0.202063
0.202063
0.201179
0.201179
0.19347
0.19347
0.189792
0.189792
0.206813
0.206813
0.205206
0.205206
0.209177
0.209177
0.207065
0.207065
0.209475
0.209475
0.210415
0.210415
-0.0798138
-0.0798138
-0.0644916
-0.0644916
-0.181728
-0.181728
-0.247931
-0.247931
0.326354
0.326354
0.40563
0.40563
0.207931
0.207931
0.241762
0.241762
0.139606
0.139606
0.0229235
0.0229235
0.0226485
0.0226485
0.0187631
0.0187631
0.0167022
0.0167022
0.0525306
0.0525306
0.0627455
0.0627455
0.0779479
0.0779479
0.0681946
0.0681946
0.0482709
0.0482709
0.046049
0.046049
0.0512174
0.0512174
0.0568539
0.0568539
0.0612645
0.0612645
0.196284
0.196284
0.196396
0.196396
0.200775
0.200775
0.207882
0.207882
0.160709
0.160709
0.164543
0.164543
0.135808
0.135808
0.151534
0.151534
0.142473
0.142473
0.0861186
0.0861186
0.117736
0.117736
0.0972402
0.0972402
0.00850479
0.00850479
0.00954685
0.00954685
0.0080473
0.0080473
0.0236774
0.0236774
0.0280189
0.0280189
0.0150869
0.0150869
0.0130002
0.0130002
0.0130687
0.0130687
0.0108563
0.0108563
0.0114856
0.0114856
0.0188257
0.0188257
0.0219278
0.0219278
-0.447194
-0.447194
-0.541751
-0.541751
0.749877
0.749877
0.635068
0.635068
-0.456002
-0.456002
0.197855
0.197855
0.204024
0.204024
0.201317
0.201317
0.20641
0.20641
0.20909
0.20909
0.20956
0.20956
0.207594
0.207594
0.204985
0.204985
0.192325
0.192325
0.193587
0.193587
0.190281
0.190281
0.190945
0.190945
-0.424393
-0.424393
-0.570037
-0.570037
-0.389871
-0.389871
-0.449567
-0.449567
-0.173231
-0.173231
0.316461
0.316461
0.0658072
0.0658072
0.00496069
0.00496069
0.00198477
0.00198477
0.213782
0.213782
0.590134
0.590134
0.406399
0.406399
0.455543
0.455543
0.475163
0.475163
-0.669897
-0.669897
-0.265504
-0.265504
-0.59947
-0.59947
0.0161285
0.0161285
-0.163737
-0.163737
0.390143
0.390143
0.442514
0.442514
0.465103
0.465103
0.411147
0.411147
0.359125
0.359125
-0.423115
-0.423115
0.197075
0.197075
-0.361367
-0.361367
-0.330436
-0.330436
-0.144813
-0.144813
-0.227878
-0.227878
0.426927
0.426927
0.361255
0.361255
0.36698
0.36698
0.38994
0.38994
0.414023
0.414023
0.364399
0.364399
0.34612
0.34612
0.34237
0.34237
0.381834
0.381834
0.386702
0.386702
0.178307
0.178307
-0.0247067
-0.0247067
-0.0732976
-0.0732976
-0.106762
-0.106762
0.341382
0.341382
0.221418
0.221418
0.275997
0.275997
0.196527
0.196527
0.196418
0.196418
0.19944
0.19944
0.198521
0.198521
0.183473
0.183473
0.189066
0.189066
0.184368
0.184368
0.190059
0.190059
0.192053
0.192053
0.202549
0.202549
0.202183
0.202183
0.197967
0.197967
0.200413
0.200413
-0.036248
-0.036248
-0.0233995
-0.0233995
-0.14901
-0.14901
-0.362723
-0.362723
-0.250223
-0.250223
-0.34843
-0.34843
-0.222426
-0.222426
0.0169126
0.0169126
0.0436141
0.0436141
-0.136152
-0.136152
0.134655
0.134655
-0.118092
-0.118092
-0.41987
-0.41987
-0.301914
-0.301914
-0.490831
-0.490831
-0.166397
-0.166397
-0.287043
-0.287043
0.0934877
0.0934877
0.148708
0.148708
0.159554
0.159554
0.137074
0.137074
0.201437
0.201437
0.185608
0.185608
0.0378032
0.0378032
0.0460066
0.0460066
0.029178
0.029178
0.0285016
0.0285016
0.0919273
0.0919273
0.111842
0.111842
0.108999
0.108999
0.0467557
0.0467557
0.0489718
0.0489718
0.0253463
0.0253463
0.0263245
0.0263245
0.0633724
0.0633724
0.0394242
0.0394242
0.0503029
0.0503029
0.0619794
0.0619794
0.0210877
0.0210877
0.0238686
0.0238686
0.0285906
0.0285906
0.0377687
0.0377687
0.0378359
0.0378359
0.0404812
0.0404812
0.191509
0.191509
0.193767
0.193767
0.192157
0.192157
0.203914
0.203914
0.215313
0.215313
0.228829
0.228829
0.199561
0.199561
0.177545
0.177545
0.170252
0.170252
0.173942
0.173942
0.151128
0.151128
0.157478
0.157478
0.156329
0.156329
0.164929
0.164929
0.183117
0.183117
0.188973
0.188973
0.188333
0.188333
0.189953
0.189953
0.176288
0.176288
0.177976
0.177976
0.165154
0.165154
0.168833
0.168833
0.152685
0.152685
0.136582
0.136582
0.124594
0.124594
0.0183441
0.0183441
0.0115009
0.0115009
0.0151648
0.0151648
0.0155443
0.0155443
0.0106239
0.0106239
0.0127068
0.0127068
0.0417463
0.0417463
0.0331992
0.0331992
0.0371259
0.0371259
0.0326814
0.0326814
0.0367615
0.0367615
0.0169952
0.0169952
0.0179818
0.0179818
-0.55555
-0.55555
-0.571862
-0.571862
-0.519413
-0.519413
-0.562462
-0.562462
-0.583824
-0.583824
0.662232
0.662232
0.702497
0.702497
0.586772
0.586772
0.290264
0.290264
0.278257
0.278257
0.548523
0.548523
0.716104
0.716104
0.381894
0.381894
0.459757
0.459757
0.483818
0.483818
0.113781
0.113781
0.415688
0.415688
0.204699
0.204699
0.203395
0.203395
0.200323
0.200323
0.200776
0.200776
0.202853
0.202853
-0.318935
-0.318935
-0.222159
-0.222159
-0.223606
-0.223606
-0.176358
-0.176358
-0.0379944
-0.0379944
0.0650997
0.0650997
0.135615
0.135615
-0.190807
-0.190807
-0.0447415
-0.0447415
0.01168
0.01168
0.309903
0.309903
0.326443
0.326443
0.272514
0.272514
0.297111
0.297111
0.295378
0.295378
0.129492
0.129492
0.200218
0.200218
0.246294
0.246294
0.212755
0.212755
0.250652
0.250652
0.269438
0.269438
0.23209
0.23209
0.261004
0.261004
0.214713
0.214713
0.175673
0.175673
0.176088
0.176088
0.123418
0.123418
0.139425
0.139425
0.120758
0.120758
0.105015
0.105015
0.192949
0.192949
0.173048
0.173048
0.182407
0.182407
0.175384
0.175384
0.193411
0.193411
0.225031
0.225031
0.216629
0.216629
0.238534
0.238534
0.254974
0.254974
0.183428
0.183428
0.146113
0.146113
0.154438
0.154438
0.182729
0.182729
0.143628
0.143628
0.15489
0.15489
0.16973
0.16973
-0.0895846
-0.0895846
-0.185472
-0.185472
-0.1359
-0.1359
-0.439362
-0.439362
-0.326841
-0.326841
-0.338883
-0.338883
-0.386909
-0.386909
-0.367379
-0.367379
-0.0881838
-0.0881838
-0.788679
-0.788679
-0.736634
-0.736634
-1.37424
-1.37424
0.131093
0.131093
0.624369
0.624369
0.38388
0.38388
0.351906
0.351906
0.410888
0.410888
0.384775
0.384775
0.383323
0.383323
0.421838
0.421838
0.428363
0.428363
0.333347
0.333347
0.352287
0.352287
0.354532
0.354532
0.305871
0.305871
0.332361
0.332361
0.361322
0.361322
0.358123
0.358123
0.174909
0.174909
0.0686438
0.0686438
0.0583875
0.0583875
0.0277823
0.0277823
-0.0983638
-0.0983638
-0.0699743
-0.0699743
0.142209
0.142209
0.0655245
0.0655245
-0.00948608
-0.00948608
-3.80383e-05
-3.80383e-05
0.160704
0.160704
0.0614173
0.0614173
0.119094
0.119094
0.155678
0.155678
0.0880067
0.0880067
0.0472604
0.0472604
0.236573
0.236573
0.302021
0.302021
0.297466
0.297466
0.265147
0.265147
0.187485
0.187485
0.199818
0.199818
0.223594
0.223594
0.255038
0.255038
0.283497
0.283497
0.320498
0.320498
0.191008
0.191008
0.195396
0.195396
0.197268
0.197268
0.195304
0.195304
0.191263
0.191263
0.19437
0.19437
0.193768
0.193768
0.195981
0.195981
0.196392
0.196392
0.198995
0.198995
0.198138
0.198138
0.0149719
0.0149719
0.0180402
0.0180402
-0.00368893
-0.00368893
0.00453835
0.00453835
-0.0159852
-0.0159852
-0.0457156
-0.0457156
-0.00309013
-0.00309013
-0.0617344
-0.0617344
0.0285386
0.0285386
0.0220192
0.0220192
-0.0102661
-0.0102661
-0.0110376
-0.0110376
-0.00147756
-0.00147756
0.012272
0.012272
0.116211
0.116211
0.131301
0.131301
0.115084
0.115084
0.0662741
0.0662741
0.0293273
0.0293273
0.285294
0.285294
0.240358
0.240358
0.176295
0.176295
0.0810674
0.0810674
0.157919
0.157919
0.254453
0.254453
0.0724394
0.0724394
0.0828685
0.0828685
0.0709868
0.0709868
0.0905035
0.0905035
0.0856292
0.0856292
0.0318264
0.0318264
0.0282507
0.0282507
0.0315494
0.0315494
0.041216
0.041216
0.0377506
0.0377506
0.0287023
0.0287023
0.0236192
0.0236192
0.0253975
0.0253975
0.0276961
0.0276961
0.0268772
0.0268772
0.0266732
0.0266732
0.177125
0.177125
0.173283
0.173283
0.175433
0.175433
0.16931
0.16931
0.167967
0.167967
0.180421
0.180421
0.183272
0.183272
0.184566
0.184566
0.189164
0.189164
0.190749
0.190749
0.182943
0.182943
0.186376
0.186376
0.189748
0.189748
0.0277995
0.0277995
0.0215532
0.0215532
0.023535
0.023535
0.0238692
0.0238692
0.0232742
0.0232742
0.0203509
0.0203509
0.0208072
0.0208072
-0.50585
-0.50585
-0.575606
-0.575606
-0.882793
-0.882793
-0.491751
-0.491751
-0.514475
-0.514475
-0.518691
-0.518691
0.188394
0.188394
0.0329028
0.0329028
0.184963
0.184963
0.286186
0.286186
0.176163
0.176163
0.0962287
0.0962287
0.142508
0.142508
0.219699
0.219699
-0.0533124
-0.0533124
0.0376324
0.0376324
-0.109936
-0.109936
0.571285
0.571285
0.390456
0.390456
0.553208
0.553208
0.0788867
0.0788867
-0.106998
-0.106998
0.0264303
0.0264303
0.0859551
0.0859551
-0.0990598
-0.0990598
-0.0433553
-0.0433553
-0.00174215
-0.00174215
-0.110743
-0.110743
-0.0824426
-0.0824426
-0.0541866
-0.0541866
0.0418588
0.0418588
-0.0408615
-0.0408615
-0.0597068
-0.0597068
-0.237439
-0.237439
-0.019799
-0.019799
-0.0156173
-0.0156173
-0.0436035
-0.0436035
0.0891247
0.0891247
0.154177
0.154177
0.0313352
0.0313352
-0.114834
-0.114834
-0.169254
-0.169254
0.300192
0.300192
0.319141
0.319141
0.334208
0.334208
0.310372
0.310372
0.328625
0.328625
0.258078
0.258078
0.247803
0.247803
0.267153
0.267153
0.277061
0.277061
0.270973
0.270973
-1.11615
-1.11615
-0.835739
-0.835739
-1.76248
-1.76248
-1.07084
-1.07084
-0.654387
-0.654387
0.155506
0.155506
0.116935
0.116935
0.39636
0.39636
0.299906
0.299906
0.385312
0.385312
0.367547
0.367547
0.333979
0.333979
0.298272
0.298272
0.299629
0.299629
0.337769
0.337769
0.0566362
0.0566362
0.160197
0.160197
0.135015
0.135015
0.140646
0.140646
0.0477647
0.0477647
-0.0129636
-0.0129636
0.267736
0.267736
0.264617
0.264617
0.300694
0.300694
0.325371
0.325371
0.290584
0.290584
0.32779
0.32779
0.187943
0.187943
0.187317
0.187317
0.188421
0.188421
0.18499
0.18499
0.181202
0.181202
0.183029
0.183029
0.0796288
0.0796288
0.0642587
0.0642587
0.0645321
0.0645321
0.0481875
0.0481875
0.0428738
0.0428738
0.0529457
0.0529457
0.0321088
0.0321088
0.0287943
0.0287943
0.02589
0.02589
0.0263771
0.0263771
0.0298596
0.0298596
0.0337376
0.0337376
-0.177932
-0.177932
-0.340672
-0.340672
-0.439
-0.439
-0.476156
-0.476156
-0.33582
-0.33582
-0.436739
-0.436739
-0.42863
-0.42863
-0.391902
-0.391902
-0.262874
-0.262874
-0.264936
-0.264936
-0.0432999
-0.0432999
0.246186
0.246186
-0.0169872
-0.0169872
0.241498
0.241498
-0.0772576
-0.0772576
0.118267
0.118267
0.216855
0.216855
0.181871
0.181871
0.222939
0.222939
0.0834426
0.0834426
0.180894
0.180894
-0.200216
-0.200216
-0.645208
-0.645208
-0.566869
-0.566869
0.424009
0.424009
0.434222
0.434222
0.206257
0.206257
-0.00601158
-0.00601158
-0.213515
-0.213515
0.00380264
0.00380264
0.21133
0.21133
0.154721
0.154721
0.195958
0.195958
0.261397
0.261397
0.259243
0.259243
-0.357077
-0.357077
-0.276474
-0.276474
-0.0969999
-0.0969999
0.147447
0.147447
-0.149155
-0.149155
-0.146907
-0.146907
-0.160484
-0.160484
0.00121233
0.00121233
-0.0680672
-0.0680672
))
(300 (2 1 3 0 0 1 918)(
0.985272 -0.00040653 0 
0.0050007 2.96626 0 
-0.00397073 1.64799 0 
0.979779 0.00206208 0 
0.000738605 1.61394 1.23771e-21 
-0.00702858 2.94878 -1.89918e-18 
0.850202 1.1829 7.27209e-19 
0.500536 0.23914 -9.21167e-21 
0.999966 -0.000451385 0 
0.0183233 1.30906 0 
-0.0080525 1.38832 0 
0.831983 -0.00490454 0 
0.0110956 2.93031 0 
0.00165239 2.79448 0 
-0.0182785 3.17262 1.08265e-18 
-0.00333786 1.52807 -1.65135e-20 
0.5971 0.106388 5.71951e-19 
0.184677 1.26448 5.58772e-19 
0.965733 0.00553804 0 
0.00143074 1.50626 0 
0.17184 0.276611 -4.88723e-19 
1.00132 -0.00524448 0 
1.00011 -0.0100299 0 
0.975462 -0.00668477 0 
0.749014 -0.0246574 0 
0.0177537 2.62909 0 
-0.0152391 2.91024 6.58807e-19 
-0.0102994 1.67409 0 
-0.0104671 1.7658 0 
-0.00938097 1.67115 0 
0.00374942 1.80255 0 
0.00193001 1.62819 -9.79868e-22 
-0.00181078 1.5384 0 
-0.0206146 2.98758 -6.65408e-23 
-0.0167088 3.00531 1.47634e-18 
0.00210608 3.00022 0 
0.874859 -0.00513563 0 
0.372099 0.893456 -2.78887e-20 
0.842255 1.19807 -1.01266e-18 
0.985338 1.05479 9.53063e-19 
0.708661 1.28791 -1.70341e-19 
0.695818 1.26667 9.47212e-19 
0.533646 0.309081 8.98771e-21 
0.526567 0.211927 0 
1.19489 0.572628 0 
0.493378 0.325199 4.17004e-20 
0.458771 0.235954 -4.32696e-20 
0.918495 -0.00735774 0 
1.00044 1.09263e-05 0 
0.999956 0.000357969 0 
1.00428 -0.00776536 0 
1.00055 -0.000681663 0 
1.00012 0.000156383 0 
0.0391001 1.58183 -5.45605e-19 
-0.00712704 1.40482 0 
0.0215558 1.25455 0 
-0.00993302 1.46841 0 
0.0180618 1.33114 0 
0.00189409 1.57418 0 
-0.0107627 1.53422 0 
0.00136778 1.37912 0 
-0.0154185 1.56008 0 
-0.0100374 1.41226 0 
0.906019 -0.000406266 0 
0.906679 0.00679386 0 
0.845428 0.00102465 0 
0.899419 0.0102373 0 
0.819938 -0.00625891 0 
0.0147085 3.00039 6.95791e-19 
0.0115416 3.00786 0 
0.00614448 3.00286 0 
0.0135711 2.99732 7.76665e-24 
0.00798716 2.95845 -1.03412e-18 
0.0145186 2.98207 0 
0.0107764 2.90363 0 
0.0254402 2.93 1.40123e-24 
0.0039291 2.82511 0 
0.0322841 2.91509 0 
-0.00713103 2.74438 0 
0.311376 3.57268 0 
-0.132459 3.65531 0 
0.141035 3.2632 -1.00758e-18 
-0.00958415 2.99433 0 
-0.00428249 1.78292 0 
-0.00338697 1.64735 1.62908e-20 
-0.00319764 1.54102 -2.55279e-20 
0.658408 0.164703 -1.96479e-19 
0.618375 0.0710726 -1.89875e-19 
0.625848 0.196848 -5.88417e-19 
0.581574 0.133257 -3.93007e-19 
0.276209 1.09332 0 
0.215187 1.29402 -5.85404e-19 
0.342541 1.27465 9.77211e-19 
0.988566 0.00915895 0 
0.944169 0.00811279 0 
1.00033 0.000635423 0 
1.0027 0.00946949 0 
1.00234 0.00853048 -1.10068e-18 
0.991921 0.00972144 8.31559e-19 
-0.00690385 1.61424 0 
-0.00392605 1.50106 0 
-0.0135391 1.68372 0 
-0.0094075 1.63698 0 
0.00143174 1.52063 0 
0.253636 0.286286 1.50651e-19 
0.294155 0.267831 0 
0.993074 -0.00866039 0 
0.954003 -0.0063163 0 
0.875438 0.0197414 0 
0.840369 0.0327679 0 
0.795967 -0.0054902 0 
1.02615 -0.00429705 0 
0.789958 0.036315 0 
0.670376 -0.0174464 7.72304e-19 
-0.0346882 2.86757 3.41807e-19 
0.0440519 2.90778 0 
0.0579993 2.88199 0 
-0.00558256 2.69545 0 
-0.0130979 2.98511 6.06519e-19 
-0.0184024 2.8956 0 
-0.015437 2.98804 -1.9168e-18 
-0.0134994 2.92522 6.61813e-19 
-0.00677587 1.81261 0 
-0.00486113 1.80777 0 
-0.00183559 1.64904 -3.21522e-22 
0.000200823 1.6278 0 
-0.00509686 1.52563 0 
0.935907 -6.11569e-05 0 
0.874865 0.000856719 0 
0.858359 0.00414172 0 
0.939306 -0.00322622 0 
0.881817 -0.00360413 0 
0.482557 1.09124 2.46767e-20 
0.535554 1.1549 0 
0.337627 0.825593 4.40209e-21 
0.276692 0.693019 0 
0.956703 1.08298 -2.75275e-19 
1.07491 0.898921 5.70766e-19 
0.400723 1.3319 0 
0.580301 1.32861 0 
0.493592 1.3018 0 
0.0993879 0.0669842 -9.57504e-20 
0.566351 0.284253 0 
0.555546 0.190875 1.135e-19 
1.0448 0.945439 0 
1.11497 0.791106 0 
1.14118 0.738659 -4.99278e-19 
1.17464 0.630291 0 
1.22753 0.41538 6.12055e-20 
0.949976 -0.0052722 0 
0.958555 -0.00928488 0 
0.89825 -0.00666191 0 
0.984451 -0.00877229 0 
0.975504 -0.00791757 0 
0.939131 -0.00595793 0 
1.00017 0.00229352 0 
1.00074 0.00138653 0 
0.999941 0.000766438 0 
0.0278659 1.70828 2.94263e-19 
0.0739004 1.54813 0 
0.0148662 1.73338 4.86717e-19 
0.0237751 1.59755 -4.14486e-19 
0.0529954 1.27885 -4.64647e-19 
-0.0302768 1.3412 0 
0.0643216 1.23549 0 
-0.00311142 1.50309 0 
0.0128639 1.34843 0 
-0.00235323 1.67932 -1.18615e-21 
-0.00378279 1.58501 0 
0.00088683 1.68311 -5.73123e-20 
0.000490648 1.58328 1.10028e-19 
-0.00322854 1.52405 0 
-0.00275286 1.53366 0 
0.00927056 1.36736 0 
-0.0185161 1.58129 0 
-0.0118088 1.44009 0 
0.974564 0.0137801 0 
0.924391 0.00456523 0 
0.958183 0.00720841 0 
0.897255 0.00170388 0 
0.849464 -0.00600859 0 
0.925849 0.000306851 0 
0.919008 0.008097 0 
0.847248 -0.000199976 0 
0.0060611 3.06456 -6.13879e-21 
0.0161945 3.05816 0 
0.0147203 2.9692 0 
0.00854461 2.87635 0 
0.927043 3.99211 0 
1.24129 3.3178 1.01318e-18 
0.0718484 3.08613 0 
-0.0259589 2.91278 0 
-0.00852469 1.7942 0 
-0.00931919 1.78578 0 
-0.00636029 1.78844 0 
-0.00069727 1.7912 5.21174e-21 
-0.00650802 1.78464 0 
-8.73065e-07 1.78422 0 
-0.00421029 1.55536 2.97592e-21 
-0.00495787 1.67083 3.42648e-20 
-0.00413374 1.66037 2.6078e-20 
-0.00279412 1.54469 0 
0.689566 0.131544 2.88644e-19 
0.65368 0.0443603 -2.8039e-19 
0.236174 1.34322 0 
0.29762 0.891943 -2.57946e-19 
0.169296 1.44712 -7.69135e-19 
0.216778 1.25199 7.6741e-19 
0.899306 0.00999339 0 
0.966823 0.0135555 0 
0.97623 0.0130434 0 
0.923499 0.0105402 0 
-0.0165459 1.59872 0 
-0.0119935 1.60928 0 
-0.00961353 1.47051 0 
0.447305 0.343903 3.83871e-19 
0.365877 0.321862 -4.67046e-19 
0.383889 0.244651 0 
1.14297 0.083912 -2.79771e-21 
1.12794 0.038854 0 
1.05979 0.0328171 0 
0.975853 0.0030914 0 
0.710492 0.0851231 0 
0.732783 0.055505 -1.24171e-18 
0.660783 0.0122026 4.75023e-19 
0.010025 2.98265 4.32438e-19 
-0.0320341 2.86821 4.81682e-20 
0.00395538 3.05016 -1.3247e-20 
0.0198605 3.04358 4.7661e-19 
-0.0150702 2.9965 2.19874e-20 
-0.01298 2.94937 -8.90061e-23 
-0.0173148 3.01201 -4.16348e-19 
0.0147656 3.02411 3.01013e-19 
0.00725207 3.03675 -4.71126e-19 
0.953453 0.00720714 0 
0.946541 0.00517709 0 
0.882508 0.0038102 0 
0.95375 0.0124589 0 
0.937497 0.0123956 0 
0.875247 0.00873057 0 
0.926668 -0.00190345 0 
0.922792 0.00345374 0 
0.849569 -0.00501057 0 
0.6943 1.39151 3.1915e-19 
0.735596 1.50799 0 
0.21319 0.41144 3.07457e-20 
0.1742 0.534515 2.43028e-19 
0.253729 0.649245 -1.15872e-19 
0.21081 0.551339 2.1915e-19 
0.316458 0.626179 5.60191e-19 
0.113894 0.116087 1.98579e-19 
0.608937 0.226151 4.26352e-19 
0.587405 0.249451 1.04225e-19 
0.562715 0.160806 2.17481e-19 
1.2154 0.469825 2.90531e-19 
1.23224 0.262846 3.04594e-19 
0.00468507 1.73811 1.90879e-19 
0.00879142 1.607 0 
1.01443 0.0240005 0 
0.987753 0.0140372 0 
0.944712 -0.00263805 0 
0.0109418 3.07503 0 
0.020209 2.94414 8.19943e-19 
0.0166234 2.95656 0 
0.0060245 2.85065 -8.13444e-19 
0.00592598 3.0919 1.94746e-19 
0.00730992 3.08184 0 
0.770201 1.81821 -2.33953e-19 
1.24647 2.51174 6.40063e-19 
0.755275 1.96319 -1.4805e-18 
0.0214469 2.98606 -3.16937e-19 
0.0374536 3.00972 0 
-0.0317212 2.8835 0 
-0.00433688 1.67124 -7.09114e-21 
-0.00571148 1.677 -7.7955e-20 
-0.00444 1.57279 -5.14938e-21 
0.320321 1.2363 7.5798e-19 
0.274131 0.652769 -5.10145e-19 
0.0522186 1.64987 4.9861e-19 
0.0916233 1.54843 -6.1485e-19 
0.122681 1.42665 7.92839e-20 
0.00549392 3.11863 -1.0269e-18 
0.0117252 3.11909 1.11909e-18 
-0.00866223 2.98098 5.28531e-19 
-0.00360985 2.978 -4.6817e-19 
-0.0214908 2.88192 -5.38299e-19 
0.00861092 3.09955 -1.42748e-18 
0.00204827 3.10492 1.42877e-18 
0.189927 0.542529 0 
0.0872726 0.510414 -4.54019e-19 
0.147572 0.186079 1.86435e-19 
0.350135 0.772987 6.11471e-19 
0.200275 0.205825 -9.29577e-19 
1.22541 0.171031 -5.34947e-20 
1.22916 0.313445 0 
1.21295 0.119578 1.18911e-19 
-0.0096031 1.70562 -1.5283e-21 
-0.00750156 1.71913 0 
-0.00085239 1.59567 0 
0.367715 1.11508 -2.46534e-19 
0.373464 0.981754 -5.06633e-19 
0.201844 0.389203 8.7754e-19 
1.00562 -0.0107845 0 
1.00766 -0.00809192 2.0083e-19 
-0.00645082 1.80313 0 
-0.0118533 1.81005 0 
1.00262 0.00376112 1.91938e-21 
1.0025 0.00866448 4.12855e-19 
-0.000674171 1.79481 -6.80048e-21 
-0.00135616 1.79479 0 
0.0407242 3.18626 1.20524e-19 
0.401831 3.50794 0 
1.10009 0.642658 6.11071e-20 
1.01268 0.0131682 -2.54771e-21 
1.01671 -0.0209055 0 
1.0016 0.000426107 1.52635e-22 
-0.111341 1.58706 0 
0.0186548 1.98006 0 
-0.0162971 1.78121 0 
-0.0188672 1.83675 8.35377e-20 
-0.00377773 1.81818 4.28386e-20 
1.00387 0.0115553 2.36981e-21 
1.0455 0.0139085 0 
1.07348 0.0223813 0 
-0.0106771 1.78638 0 
-0.00735158 1.80583 0 
-0.0157329 1.79573 0 
0.14933 1.23028 -3.86545e-19 
1.01123 -0.00938083 0 
1.01016 -0.0129787 0 
1.0026 0.000776228 2.54344e-19 
1.00617 -0.00543158 -3.02842e-19 
1.00088 -0.000850349 0 
-0.0124553 1.78729 0 
-0.00852689 1.79682 0 
-0.00801558 1.79347 0 
-0.0123881 1.7984 0 
-0.00879057 1.7951 0 
-0.0112938 1.79805 0 
1.02307 0.00900005 0 
1.02366 0.00556992 -1.08135e-21 
0.786379 1.24582 5.14617e-19 
1.00231 0.000481015 -2.52963e-19 
1.0036 0.00546484 3.06861e-19 
1.00124 0.00195492 0 
1.01025 0.010012 2.4918e-19 
1.00801 0.00873722 -3.06767e-19 
1.00652 0.0145923 0 
-0.00701861 1.80597 0 
-0.00517142 1.80134 1.3514e-20 
-0.00592208 1.80089 -9.22304e-21 
1.18017 0.260166 -5.17116e-20 
1.11658 0.0783375 0 
0.0566225 3.0785 -5.3442e-19 
0.070066 2.84983 -4.2877e-20 
0.149481 3.19949 8.17169e-19 
0.142418 3.22834 -7.40373e-21 
0.142421 3.24626 0 
0.0218093 3.1392 1.16716e-19 
0.082179 3.16304 5.21974e-19 
0.0746594 3.19113 -2.25464e-19 
0.0263663 3.12819 0 
0.710222 0.337791 0 
0.616274 0.393051 0 
1.0813 0.670666 -2.38849e-19 
1.07261 0.808875 3.74814e-19 
1.12993 0.559707 0 
1.1622 0.507559 0 
1.01554 0.0131551 -4.63516e-19 
1.01344 0.0148111 5.75133e-19 
1.01578 -0.0214597 0 
1.01256 -0.0195072 0 
1.00725 0.0019876 0 
1.01081 0.00260571 0 
1.00412 0.00304432 0 
1.01031 0.00704077 0 
1.00665 0.00578511 0 
1.00566 0.00477294 0 
-0.0936395 1.60033 0 
-0.0662591 1.64607 0 
-0.133288 1.55 0 
-0.0851674 1.48733 0 
0.0237261 1.99506 0 
0.0926271 1.9809 -3.17368e-19 
0.00847353 1.97389 0 
-0.000688684 1.93758 1.54718e-19 
-0.0243339 1.87958 -1.47517e-19 
-0.0176652 1.78058 0 
-0.0206927 1.78058 0 
-0.0176027 1.77828 0 
-0.0119795 1.75695 0 
-0.0338483 1.82066 -4.34946e-20 
-0.00635073 1.82253 5.90911e-20 
-0.0120794 1.83763 7.68227e-20 
-0.00117257 1.82853 0 
-0.00864941 1.82024 -9.44011e-20 
-0.00949022 1.81613 -5.32592e-20 
-0.0261408 1.817 3.39715e-20 
-0.0165095 1.81941 -7.56213e-20 
-0.013518 1.82859 -9.15304e-20 
1.01061 0.016673 4.53726e-19 
1.00937 0.00341958 -5.67241e-19 
1.00528 0.0201963 -4.71218e-19 
0.991575 0.0153196 5.95606e-19 
1.03879 0.0165181 0 
1.04012 0.0106774 0 
1.06039 0.0379074 0 
1.04592 0.021798 0 
1.05932 0.0128371 0 
1.10287 0.0686455 0 
1.0788 0.0470224 0 
1.09272 0.0366269 0 
-0.00700408 1.79562 -1.60785e-21 
-0.0105952 1.78577 0 
-0.00902723 1.78779 0 
-0.00703711 1.80832 1.49604e-20 
-0.00700784 1.80852 -6.93239e-22 
-0.014507 1.78438 1.59408e-20 
-0.0132134 1.78745 -1.63775e-20 
-0.0138944 1.79374 0 
-0.0113889 1.79459 0 
-0.012091 1.79532 0 
-0.016236 1.79432 0 
-0.0170921 1.79527 0 
0.340447 1.22467 8.41921e-19 
0.391494 1.32407 3.22992e-19 
0.511544 2.32867 -1.78917e-19 
0.228425 2.13884 4.88235e-19 
0.117542 2.42867 -1.0306e-19 
1.0179 -0.0158553 0 
1.01612 -0.0101796 0 
1.01492 -0.0195931 0 
1.00878 -0.00130937 0 
1.00483 -0.00181278 0 
1.0069 -0.00454941 0 
1.01033 -0.00370048 0 
1.01203 -0.00650243 0 
1.02378 0.00801777 4.46183e-19 
1.01603 0.0162616 -5.52839e-19 
1.02462 0.00254814 -4.46117e-19 
1.02132 0.00218791 5.45775e-19 
0.754133 1.2644 0 
0.655614 1.34435 6.30649e-19 
0.874148 1.17642 3.64175e-19 
0.907939 1.14982 -4.8492e-19 
1.1126 2.60017 -5.19582e-19 
0.824753 0.100417 2.96371e-19 
1.11804 0.0914028 0 
1.15824 0.17191 4.82506e-20 
1.15062 0.149334 2.05875e-21 
0.966678 0.129466 0 
0.153138 2.97022 1.25684e-19 
0.12948 2.87663 -6.76363e-19 
0.0412819 2.34806 4.95488e-19 
0.117528 0.139635 -2.041e-19 
0.346619 3.43717 -4.41674e-19 
0.200665 3.32621 0 
0.242312 3.37293 5.75197e-19 
0.262042 3.04306 -7.32782e-19 
0.354194 3.20387 0 
0.00833006 3.12031 2.7393e-20 
0.0195005 3.1294 -3.4703e-19 
0.0172199 3.12527 5.10799e-19 
0.0390672 3.13983 0 
0.0374275 3.15235 0 
1.19139 2.61346 0 
0.509163 0.827843 -2.2523e-19 
1.01166 0.981107 -2.00797e-19 
0.963609 1.06396 0 
0.81393 0.953697 5.85117e-20 
1.03631 0.867304 3.23755e-20 
0.40604 0.480462 -5.51749e-19 
0.735865 0.32815 -2.31615e-20 
0.730084 0.280524 2.26356e-19 
0.614667 0.433922 1.80027e-20 
0.556028 0.428011 -7.41428e-19 
0.708747 0.366337 0 
0.689087 0.435683 3.75017e-19 
0.701758 0.433706 0 
0.659087 0.413007 0 
0.673915 0.356915 0 
0.733187 0.602902 1.34698e-19 
1.16849 0.269285 2.09491e-20 
1.16881 0.402379 0 
1.18735 0.369378 0 
0.780719 0.213535 3.3597e-19 
0.778831 0.533536 -1.87956e-19 
0.688271 0.510869 3.05557e-19 
0.883188 0.400866 -2.89683e-19 
1.01776 0.017396 2.97509e-19 
1.01691 0.0152928 -3.13589e-19 
1.01242 0.0217307 0 
1.02034 0.00517296 0 
1.01399 -0.0145669 -2.82297e-19 
1.00757 -0.00987279 2.79647e-19 
1.03357 0.00405292 0 
1.03007 0.00437961 0 
1.01238 0.00413537 0 
1.01517 0.00962664 0 
1.02224 0.00211021 0 
1.01671 0.00116136 0 
-0.0524671 1.67761 0 
-0.0376742 1.69564 0 
-0.22168 1.56213 1.13948e-19 
0.0797115 1.31914 1.90509e-19 
-0.0862847 1.43011 3.67265e-19 
0.00375928 1.33883 -6.14738e-19 
-0.217066 1.53154 0 
-0.273525 1.94652 4.82503e-20 
-0.247669 1.93947 0 
-0.0562419 2.44679 1.46348e-19 
-0.0524692 2.44562 2.82978e-19 
-0.308649 1.95379 -4.28724e-20 
-0.0927655 1.3494 1.90601e-19 
-0.22459 1.50444 -1.51579e-19 
-0.112168 1.34314 5.58109e-19 
-0.25583 2.0252 0 
-0.214995 2.05826 -3.54872e-19 
-0.0693624 1.85094 -3.86156e-20 
-0.0230967 1.89194 0 
-0.0519974 1.87785 1.55526e-19 
-0.061659 1.86359 0 
-0.00818245 1.92721 -1.68549e-19 
-0.0107561 1.91248 0 
-0.0257498 1.7973 -3.44844e-20 
-0.0316599 1.80318 0 
-0.0380443 1.78242 0 
-0.0314677 1.79054 3.8659e-20 
-0.0300419 1.84572 -3.76801e-21 
-0.0283146 1.87133 1.7496e-19 
-0.0246578 1.85866 1.18259e-21 
-0.0179642 1.80526 3.1578e-20 
-0.0210464 1.80415 1.88304e-20 
-0.024184 1.78204 0 
-0.023941 1.78269 0 
-0.0641692 1.82414 9.04236e-20 
-0.054361 1.78233 6.09202e-20 
-0.0533226 1.80062 -8.68839e-20 
-0.0876979 1.83762 0 
-0.0123192 1.7993 -5.14077e-20 
-0.0109457 1.80859 2.42182e-20 
-0.0109953 1.80782 -7.87917e-21 
-0.0159991 1.80592 -3.83934e-20 
-0.0126736 1.81192 -1.23429e-20 
-0.0140061 1.81449 6.32804e-20 
1.02125 0.00275524 -2.88595e-19 
1.0156 0.00956501 2.97252e-19 
1.01626 0.00357972 0 
0.995799 0.0459713 4.21068e-19 
0.990959 0.0320713 -4.99764e-19 
0.963091 0.0252107 5.78505e-19 
0.99231 0.0830953 -5.65979e-20 
1.02521 0.0118958 0 
1.0322 0.0110554 2.59577e-19 
1.03105 0.00824922 -2.57314e-19 
1.03243 0.0414522 -1.41159e-20 
1.03307 0.0265684 1.23725e-19 
1.02394 0.0503215 0 
1.01833 0.0434317 -4.63648e-20 
1.01642 0.0220426 0 
1.01736 0.018661 0 
1.03325 0.00601689 0 
1.02691 0.00347407 0 
1.02338 0.0223048 9.52463e-20 
1.02632 0.0155561 -2.15615e-19 
1.02442 0.0303428 -9.73446e-20 
1.02394 0.0314288 -1.12708e-19 
1.02172 0.0494572 1.98846e-19 
1.05879 0.0473684 0 
1.04769 0.0874609 0 
-0.012776 1.79908 -2.16425e-20 
-0.012002 1.79098 -1.82621e-21 
-0.0132779 1.7896 0 
-0.0095734 1.80184 2.29047e-20 
-0.00848581 1.79797 3.26864e-21 
-0.00816552 1.80013 -3.6005e-21 
-0.0101734 1.81533 4.71959e-20 
-0.0104531 1.81117 -2.82727e-21 
-0.0117442 1.8106 1.34154e-20 
-0.00814811 1.81237 -2.36222e-20 
-0.00940092 1.81239 2.77135e-20 
-0.0158211 1.7861 4.86907e-22 
-0.0159874 1.7858 2.37506e-20 
0.305473 1.09706 -4.67743e-19 
0.18184 1.44108 -7.35568e-19 
0.645221 1.33743 -6.13381e-19 
0.520152 1.32506 -3.03029e-19 
0.516694 1.37541 0 
0.573807 2.34479 1.40259e-19 
0.654267 2.34587 2.33913e-19 
0.255235 2.21506 1.15682e-19 
0.166719 2.5021 -2.45078e-19 
0.221337 2.51652 2.34757e-19 
0.47581 2.33004 0 
0.370388 2.211 -4.16047e-19 
0.0582082 2.05806 8.06154e-19 
0.167454 2.14747 -7.74843e-20 
0.192138 2.01582 -1.08669e-18 
0.907464 2.36931 8.95841e-20 
0.86148 2.40057 0 
1.00976 -0.00185965 1.00083e-20 
1.01307 -0.00790325 -8.32187e-21 
1.01504 -0.010801 -1.46647e-19 
1.01713 -0.0120912 1.49089e-19 
1.01519 -0.00410537 0 
0.675467 1.24864 0 
0.663948 1.18555 0 
0.762755 1.0528 0 
0.6462 1.14578 0 
1.143 2.61704 6.59252e-20 
1.02772 2.325 0 
0.818411 2.16701 7.18555e-22 
0.929298 2.50769 0 
0.995769 2.55443 2.88439e-20 
1.00257 2.49096 -1.96036e-20 
0.831755 0.146283 0 
0.798594 0.166381 8.51904e-20 
0.89507 0.120773 4.38511e-19 
0.856997 0.103609 -1.76121e-19 
0.857578 0.0680336 -5.25425e-19 
1.01761 0.217043 -2.67942e-19 
0.94923 0.252543 -1.63973e-20 
0.89973 0.246593 3.84066e-19 
0.965319 0.198404 2.98053e-19 
0.920006 0.163621 -5.51848e-19 
0.8887 0.173103 7.07268e-20 
0.918223 0.228779 -1.38497e-19 
0.896354 0.19261 0 
0.97025 0.167268 2.65564e-19 
1.00003 0.170157 0 
0.995702 0.196751 0 
1.048 0.0945296 8.8396e-20 
1.01614 0.155614 -1.19545e-20 
1.00997 0.217879 -4.84161e-20 
1.04535 0.187517 0 
1.01008 0.0246778 2.28475e-19 
1.0134 0.0425969 2.71221e-19 
1.01459 0.0292183 -2.26467e-19 
1.00795 0.046973 -1.82403e-19 
0.998904 0.0494647 -2.9795e-19 
0.971963 0.130486 0 
0.989022 0.0827096 0 
0.965188 0.0471736 -2.09288e-19 
0.9272 0.054592 8.63293e-20 
0.996047 0.0777118 2.58346e-19 
1.01195 0.0929044 -2.66797e-19 
1.02259 0.128719 2.42533e-19 
1.00052 0.119812 0 
1.02323 0.0819477 0 
1.01202 0.0690402 -1.11549e-19 
1.0101 0.0715368 -2.08095e-19 
0.507131 1.12436 -6.72053e-20 
0.557572 1.56724 1.44545e-19 
1.11085 2.78874 1.16127e-19 
1.20275 3.11299 -7.31113e-20 
1.21318 2.73346 5.44861e-19 
1.25143 2.71998 -3.30178e-19 
1.1713 2.33162 -5.87227e-21 
1.18395 3.01444 2.04897e-19 
1.19742 2.97625 -2.30728e-19 
1.1994 3.26468 -2.69788e-19 
1.36109 2.99069 3.74127e-19 
1.35735 2.90147 0 
0.508305 0.834262 -1.14925e-20 
0.162381 1.29432 3.68218e-19 
0.510442 0.55288 3.63154e-19 
0.334439 0.323173 3.97516e-19 
0.554337 0.454751 4.1414e-19 
0.540054 0.502031 -6.55109e-19 
0.54062 0.530644 5.3552e-19 
0.514654 0.478425 -2.16319e-19 
0.484041 0.436698 4.9712e-19 
0.77952 0.259565 -1.86753e-19 
0.750069 0.293234 0 
0.748529 0.257052 1.20405e-20 
0.679758 0.519916 1.91324e-19 
0.65896 0.487237 -7.09105e-19 
0.599962 0.50135 2.01787e-20 
0.61953 0.478507 0 
0.627564 0.722404 1.45929e-19 
0.772373 0.776631 5.87119e-20 
0.704828 0.837131 -7.67085e-20 
0.810966 0.804469 -2.05945e-20 
0.871186 0.833262 1.42188e-20 
0.877489 0.845557 -1.45477e-20 
0.782356 0.620464 -2.33141e-19 
0.862144 0.690585 1.91479e-20 
0.928268 0.695667 0 
0.917766 0.664676 -2.10794e-20 
0.969289 0.290118 6.65604e-20 
1.06627 0.270529 1.89651e-20 
1.00384 0.249882 1.09338e-19 
0.942292 0.325946 -1.50613e-19 
0.98224 0.399814 0 
1.04936 0.381631 0 
0.873422 0.329999 6.06335e-21 
0.844287 0.279255 0 
0.842746 0.245101 2.03888e-19 
0.889552 0.252104 -3.9705e-21 
0.874128 0.405352 7.94372e-19 
0.822843 0.46966 2.02335e-19 
0.826581 0.434023 -2.52851e-19 
0.767291 0.424041 2.71595e-19 
0.752709 0.427746 1.85842e-19 
0.743852 0.42164 -1.81837e-19 
1.02476 -0.00188037 2.41897e-19 
1.02991 -0.00578673 0 
1.02838 -0.0103636 1.60885e-19 
1.02333 -0.0115462 -3.58881e-19 
1.03668 0.00183483 1.76124e-19 
1.03069 0.00821043 -3.71948e-19 
1.02865 0.00978908 0 
1.02199 0.0120721 -7.61426e-20 
1.02578 0.00666264 1.93276e-19 
1.01912 0.0127137 -9.88773e-20 
1.02115 0.0142914 7.20219e-20 
-0.024612 1.7535 0 
-0.0448777 1.77553 0 
-0.0353318 1.72126 0 
-0.0225193 1.72824 0 
-0.145718 1.7209 -4.92934e-20 
-0.144697 1.64294 7.99943e-21 
-0.212469 1.90647 -1.5054e-20 
-0.272822 1.7136 -8.9746e-20 
-0.0777245 1.78205 -4.18701e-20 
-0.0891873 1.77783 2.94176e-20 
-0.111564 1.72049 2.69414e-21 
-0.0931572 1.74149 1.53912e-20 
-0.0641855 1.75565 1.23115e-21 
-0.0597914 1.766 -3.84455e-21 
-0.0655787 1.91704 -1.64766e-19 
-0.0629138 1.96383 0 
-0.149116 1.98248 8.67362e-20 
-0.191144 1.92538 4.43775e-20 
-0.200556 2.21602 -2.03671e-20 
-0.0472449 2.22822 0 
-0.0654161 2.27215 -3.05238e-19 
-0.0513878 2.36696 2.2387e-19 
-0.170696 2.11869 -1.41105e-19 
-0.156198 2.05297 5.39332e-20 
-0.0870006 2.10795 0 
-0.0527156 1.81834 -1.15883e-19 
-0.0430357 1.82448 -1.60338e-19 
-0.0441896 1.82259 0 
-0.0507587 1.84287 -5.17977e-21 
-0.0615218 1.84032 6.13406e-20 
-0.0198308 1.79429 5.4135e-21 
-0.0218018 1.79126 -8.86509e-20 
-0.0251815 1.79297 1.90665e-20 
-0.0218872 1.79582 3.58208e-20 
-0.0198038 1.79816 0 
-0.0251707 1.79149 0 
-0.0221379 1.79054 2.79893e-20 
-0.0237884 1.78884 -8.15957e-21 
-0.026101 1.78986 0 
-0.0252281 1.78512 2.15577e-20 
-0.0215748 1.7893 -4.20221e-20 
1.02754 0.0177867 0 
1.0292 0.0164227 -2.30955e-20 
1.02841 0.0157986 -1.73534e-19 
1.02756 0.0179374 0 
1.02756 0.0202222 0 
1.03056 0.0101515 -4.72276e-21 
1.03092 0.0102835 2.86029e-19 
1.02685 0.00860389 3.52372e-19 
1.02615 0.00572266 0 
1.02099 0.00516278 0 
1.02401 0.0148394 1.75535e-19 
1.02001 0.0127044 0 
1.0211 0.0107849 0 
-0.0138046 1.80031 0 
-0.0160349 1.78597 1.90729e-21 
-0.0160958 1.79192 1.2254e-20 
-0.0222509 1.78986 0 
-0.0179271 1.7878 1.68252e-20 
-0.0158534 1.78756 -7.87772e-21 
-0.0179565 1.78728 0 
0.670353 1.93979 0 
0.275586 1.51405 1.2e-18 
0.273009 2.0911 0 
0.55253 1.11095 -1.32756e-18 
0.523841 1.14757 0 
0.504997 1.13126 5.68826e-19 
1.03809 2.67454 -2.79025e-21 
0.932458 2.38417 -1.0953e-19 
0.823797 2.07789 4.26515e-19 
0.874405 2.38839 9.19824e-20 
0.935296 2.53695 0 
0.970359 2.49647 0 
0.886123 2.36781 0 
0.880174 2.35275 -3.47756e-19 
0.684846 2.60757 5.21104e-20 
0.931653 2.51578 6.90624e-21 
0.942388 2.49398 -5.2118e-21 
0.674181 2.39741 0 
0.805762 2.41098 0 
0.76542 2.38633 -2.21821e-19 
0.876753 2.58875 0 
0.579746 1.10019 0 
0.466479 0.899472 2.60688e-20 
0.523174 0.935721 2.78945e-22 
0.467771 1.04482 0 
0.491847 0.993415 -4.04863e-20 
0.727576 0.861545 1.39596e-20 
0.772074 0.981815 0 
0.747432 0.957261 -6.58262e-20 
0.627762 1.00516 0 
0.625455 0.919644 0 
1.12857 2.77745 3.37911e-20 
1.10008 2.84978 7.98212e-20 
0.868005 2.38608 -2.02566e-19 
0.82958 2.36557 9.89235e-21 
1.09319 2.73519 0 
1.06079 2.69328 -1.38307e-20 
1.04699 2.45405 -8.75838e-20 
0.933055 2.16169 -2.55513e-20 
0.588567 1.4476 0 
0.521419 1.12924 5.91857e-20 
0.6006 1.22055 0 
0.83588 0.211001 0 
0.808334 0.182785 0 
0.774482 0.190893 0 
0.834674 0.210882 -3.22409e-19 
0.792273 0.21383 1.96304e-19 
0.927975 0.0521383 -1.71468e-19 
0.936375 0.0998217 0 
0.916588 0.100265 8.18331e-20 
0.884354 0.0725251 3.34625e-19 
0.886172 0.0589542 -2.06412e-19 
1.15642 3.38737 -9.83962e-19 
1.19977 3.30892 0 
1.16058 3.40982 -1.9265e-18 
0.653386 3.56876 1.65709e-18 
0.885882 3.13676 4.06266e-19 
0.500913 0.843033 1.96252e-19 
0.423367 0.828557 0 
0.352414 0.567853 -8.08559e-20 
0.412908 0.679888 3.65072e-19 
0.508044 0.548396 -1.12467e-19 
0.495285 0.564466 1.25842e-19 
0.614178 0.539739 2.70093e-19 
0.632702 0.549449 0 
0.583899 0.624163 0 
0.546644 0.564235 0 
0.914187 0.578666 -4.56475e-20 
0.830191 0.518152 -1.95518e-19 
0.861359 0.559209 9.716e-20 
0.895814 0.495883 -1.42812e-19 
1.00756 0.465623 0 
1.00876 0.548163 -9.20003e-21 
0.809308 0.368384 -4.05354e-19 
0.818103 0.351367 -4.71399e-19 
0.798736 0.377658 3.16953e-19 
0.802164 0.336743 -3.59336e-19 
0.834752 0.291846 -2.5941e-19 
0.812745 0.293214 3.2247e-19 
1.03769 0.00316695 -1.84519e-19 
1.0381 0.00400892 3.74861e-19 
1.02736 0.00395437 2.30401e-19 
1.03188 0.00863602 -2.74156e-19 
1.0285 0.0168701 0 
1.03215 0.0121324 -4.49602e-19 
-0.0855475 1.83639 2.78975e-20 
-0.0989891 1.84052 0 
-0.126556 1.8719 1.26271e-19 
-0.150734 1.91399 -1.05771e-19 
-0.189674 1.88756 2.72612e-20 
-0.155892 1.87159 0 
-0.0170278 1.80269 0 
-0.0231464 1.79435 -9.08247e-21 
-0.0218185 1.79002 8.18013e-21 
-0.0198962 1.78936 2.0156e-21 
-0.0171407 1.79939 -1.64237e-20 
-0.0161993 1.80198 1.0461e-20 
0.711528 1.42645 5.22025e-19 
0.758147 1.5362 -5.55028e-19 
0.649977 1.21241 5.66252e-19 
0.81796 1.42109 -4.14984e-20 
0.680478 1.24085 0 
0.629429 1.20301 5.66644e-19 
0.629965 1.27046 -5.41308e-19 
0.622242 1.13943 -5.54935e-19 
0.726357 1.19792 0 
0.663356 1.25615 0 
0.696175 2.59386 -7.75737e-20 
0.705951 2.555 3.08013e-19 
0.788154 2.60364 -2.10174e-19 
0.590285 2.61161 -1.25408e-19 
0.415714 2.73762 1.64476e-20 
0.350647 2.70128 -1.72388e-19 
0.956025 2.28921 -2.43967e-19 
0.982294 2.33242 0 
0.851237 2.06218 -2.87553e-19 
1.03764 2.67288 0 
1.01494 2.64985 0 
0.626446 2.31521 2.89729e-19 
1.02711 3.18811 4.9435e-19 
0.906026 3.05649 -4.6909e-19 
0.311399 0.968872 0 
0.358165 0.842414 -1.40096e-19 
0.497967 0.765766 -5.02714e-20 
0.433655 2.06742 0 
0.480632 2.8011 -2.82489e-19 
0.448298 2.56324 0 
0.637683 0.677978 -3.03195e-19 
0.704401 0.680055 3.96281e-19 
0.737265 0.621628 -3.81978e-19 
0.602753 0.642423 -4.59705e-20 
0.663373 0.596395 -1.9085e-19 
0.987591 2.80074 -3.75504e-19 
1.00834 2.8583 3.07456e-19 
0.658409 2.23974 -3.52698e-20 
0.581034 1.75091 -1.28424e-20 
0.687511 1.98009 1.63907e-19 
0.968138 2.50562 -4.65707e-20 
0.970926 2.52438 -1.87954e-19 
0.689905 1.9292 -8.03214e-21 
0.432802 1.39699 -1.07124e-19 
))
(300 (2 10 3 0 0 919 1018)(
0 0 0 
0 0 0 
0 0 0 
0 0 0 
0 0 0 
0 0 0 
0 0 0 
0 0 0 
0 0 0 
0 0 0 
0 0 0 
0 0 0 
0 0 0 
0 0 0 
0 0 0 
0 0 0 
0 0 0 
0 0 0 
0 0 0 
0 0 0 
0 0 0 
0 0 0 
0 0 0 
0 0 0 
0 0 0 
0 0 0 
0 0 0 
0 0 0 
0 0 0 
0 0 0 
0 0 0 
0 0 0 
0 0 0 
0 0 0 
0 0 0 
0 0 0 
0 0 0 
0 0 0 
0 0 0 
0 0 0 
0 0 0 
0 0 0 
0 0 0 
0 0 0 
0 0 0 
0 0 0 
0 0 0 
0 0 0 
0 0 0 
0 0 0 
0 0 0 
0 0 0 
0 0 0 
0 0 0 
0 0 0 
0 0 0 
0 0 0 
0 0 0 
0 0 0 
0 0 0 
0 0 0 
0 0 0 
0 0 0 
0 0 0 
0 0 0 
0 0 0 
0 0 0 
0 0 0 
0 0 0 
0 0 0 
0 0 0 
0 0 0 
0 0 0 
0 0 0 
0 0 0 
0 0 0 
0 0 0 
0 0 0 
0 0 0 
0 0 0 
0 0 0 
0 0 0 
0 0 0 
0 0 0 
0 0 0 
0 0 0 
0 0 0 
0 0 0 
0 0 0 
0 0 0 
0 0 0 
0 0 0 
0 0 0 
0 0 0 
0 0 0 
0 0 0 
0 0 0 
0 0 0 
0 0 0 
0 0 0 
))
(300 (2 11 3 0 0 1019 1026)(
1 0 0 
1 0 0 
1 0 0 
1 0 0 
1 0 0 
1 0 0 
1 0 0 
1 0 0 
))
(300 (2 12 3 0 0 1027 1030)(
0 3 0 
0 3 0 
0 3 0 
0 3 0 
))
(300 (2 13 3 0 0 1031 1038)(
-0.00397073 1.64799 0 
0.000738605 1.61394 1.23771e-21 
-0.0104671 1.7658 0 
0.00374942 1.80255 0 
-0.00428249 1.78292 0 
-0.00486113 1.80777 0 
-0.00636029 1.78844 0 
-8.73065e-07 1.78422 0 
))
(300 (2 14 3 0 0 1039 1072)(
0 0 0 
0 0 0 
0 0 0 
0 0 0 
0 0 0 
0 0 0 
0 0 0 
0 0 0 
0 0 0 
0 0 0 
0 0 0 
0 0 0 
0 0 0 
0 0 0 
0 0 0 
0 0 0 
0 0 0 
0 0 0 
0 0 0 
0 0 0 
0 0 0 
0 0 0 
0 0 0 
0 0 0 
0 0 0 
0 0 0 
0 0 0 
0 0 0 
0 0 0 
0 0 0 
0 0 0 
0 0 0 
0 0 0 
0 0 0 
))
(300 (2 15 3 0 0 1073 1072)(
))
