(0 "FOAM to Fluent data File")

(33 (918 3444 1074))
(300 (1 1 1 0 0 1 918)(
0.211077
0.893584
0.0102384
0.209987
-0.00134652
0.860704
-0.85341
0.388655
0.191093
-0.474125
-0.0799399
0.180133
0.721122
0.488195
-1.48098
0.0039813
0.344127
-0.735158
0.189776
-0.00329802
0.465321
0.197843
0.200844
0.191409
0.250766
0.478575
0.601555
0.00178676
-0.00100809
-0.00440028
0.00500566
-0.00723786
-0.00236589
0.744337
0.795434
0.81809
0.160057
-0.012913
-0.703244
-0.780757
-0.764108
-0.904562
0.376863
0.381889
-0.505066
0.391155
0.407025
0.178695
0.190341
0.191162
0.192638
0.191457
0.192888
0.155337
-0.474207
-0.497303
-0.458455
-0.445862
-0.0989329
-0.116397
-0.1631
-0.0533828
-0.038672
0.116591
0.177062
0.175526
0.185368
0.195148
0.833131
0.805028
0.831165
0.744877
0.761386
0.699076
0.671567
0.508342
0.52946
0.473315
0.463472
-1.92486
-2.89962
-0.878338
-0.618853
0.000645022
0.00449786
0.0051315
0.330428
0.338045
0.342126
0.355136
0.732941
-0.718514
-0.863968
0.189904
0.188563
0.197158
0.197821
0.193809
0.192914
0.00650005
0.0108834
-0.014588
-0.00255724
-0.00706527
0.448669
0.442711
0.191952
0.189012
0.202932
0.22544
0.214018
-0.040125
0.261429
0.282774
0.284249
0.461621
0.458523
0.466379
0.575026
0.537745
0.639001
0.662292
0.0136557
0.00385744
-0.00370587
-0.00114971
-0.00344016
0.156235
0.149303
0.173085
0.163713
0.165865
-0.0966148
-0.23172
0.0708084
0.0942485
-0.611173
-0.678656
-0.786699
-0.800734
-0.91502
0.212195
0.366633
0.369094
-0.523178
-0.438616
-0.5853
-0.363831
-0.434875
0.16943
0.176131
0.17134
0.186225
0.180872
0.182792
0.194469
0.19155
0.193152
0.183843
0.297769
0.0898785
0.0296065
-0.602172
-0.500861
-0.588092
-0.434404
-0.386334
-0.0973252
-0.106075
-0.109499
-0.059957
-0.347656
-0.22193
-0.286598
-0.0216654
-0.0150019
0.109545
0.100661
0.126288
0.132487
0.168898
0.169773
0.172956
0.17082
0.62232
0.644644
0.652172
0.625992
-3.9128
-6.73969
-0.284083
-0.140455
0.00209717
0.00309287
0.00223347
0.00544574
0.00302327
0.000834166
-0.0130154
-0.0074879
0.00465486
0.00173712
0.316182
0.320294
0.651842
0.651074
0.642538
0.617949
0.177859
0.179948
0.18551
0.181405
-0.00113928
0.00999314
0.00360227
0.40966
0.428908
0.425805
-0.0757153
-0.162868
0.00658186
0.0332997
0.303056
0.287636
0.3045
0.347393
0.384512
0.669712
0.688049
0.686336
0.694851
0.738924
0.755365
0.720612
0.137142
0.145546
0.141059
0.176876
0.174401
0.175464
0.169536
0.17185
0.168839
-0.38564
-0.772495
0.163833
0.177024
0.137514
0.146246
0.300899
0.373414
0.350227
0.358089
0.36269
-0.300286
-0.365287
0.00197773
-0.0247227
0.0585242
0.0898412
0.0737756
0.593343
0.554082
0.603936
0.577435
0.538935
0.564543
-0.724209
-2.25625
-1.35615
0.224557
0.0297794
0.120957
-0.0360699
-0.0360864
-0.026733
0.630869
0.7103
0.347234
0.503054
0.524081
0.426262
0.458169
0.510486
0.434941
0.470113
0.5067
0.489479
0.170592
0.16702
0.148252
0.443802
0.499312
-0.188718
-0.238318
-0.293128
-0.106101
-0.0581154
-0.0859528
0.681527
0.56517
0.644355
0.18884
0.189501
0.0111075
0.0156969
0.193242
0.193098
0.00617943
0.00430577
0.101958
-1.1926
-0.197164
0.181541
0.1724
0.18899
-0.457364
0.0365933
-0.119708
-0.064982
0.0748914
0.17933
0.126441
0.0933237
0.00524747
0.0132994
-0.007883
-0.535386
0.186472
0.184815
0.188572
0.189621
0.190284
0.0052668
0.00679717
0.00467034
-0.00264927
0.00115724
-0.00147532
0.154608
0.169099
-0.503104
0.188515
0.19076
0.19039
0.183445
0.189018
0.187363
0.0111182
0.00553218
0.000283191
-0.0888105
0.0255994
0.359724
0.468148
0.312826
0.0840413
-0.16071
0.254907
0.324254
0.220854
0.388473
0.352962
0.376743
-0.137151
-0.282994
-0.127659
-0.183535
0.179474
0.178108
0.17068
0.168012
0.184153
0.182278
0.186534
0.183462
0.186254
0.187927
-0.477866
-0.441542
-0.442717
-0.475422
-0.0161737
0.263495
-0.100297
0.0143976
-0.11462
-0.0921749
-0.0620071
-0.190187
-0.232621
-0.194446
0.0272253
-0.0131562
-0.0899949
0.0673983
-0.00922484
-0.144797
-0.0269384
-0.0892278
0.173624
0.170432
0.179251
0.185902
0.134337
0.135842
0.108688
0.124674
0.112911
0.0574373
0.0906752
0.0684884
0.00703363
0.00731459
0.00573419
0.0166421
0.0125308
0.00756633
0.00850451
0.0117888
0.00306725
0.00474227
-0.00542987
0.00345098
-0.506442
-0.624236
0.63673
0.615228
-0.187277
0.175692
0.182115
0.178943
0.183654
0.186652
0.187444
0.185305
0.181858
0.170099
0.172191
0.168225
0.168768
-0.446361
-0.579674
-0.402303
-0.464049
-0.20595
0.293905
0.0382254
-0.0210655
-0.0249141
0.184332
0.577861
0.387334
0.420498
0.447926
-0.691371
-0.28821
-0.621035
-0.00289647
-0.183935
0.356989
0.410426
0.435083
0.379878
0.328151
-0.459332
0.185127
-0.38
-0.338639
-0.151214
-0.248806
0.406175
0.337549
0.343025
0.367688
0.392326
0.343315
0.321952
0.319891
0.356856
0.360804
0.158626
-0.0566202
-0.102348
-0.138039
0.326234
0.198237
0.253564
0.172316
0.174042
0.177112
0.175582
0.159031
0.166225
0.16212
0.167081
0.169947
0.179724
0.179627
0.175262
0.177533
-0.43842
-0.440611
-0.430641
-0.468533
-0.472156
-0.535488
-0.420014
-0.289071
-0.38036
-0.0578394
0.0081376
-0.284386
-0.416503
-0.376528
-0.360264
-0.135114
-0.0984582
-0.478087
-0.12292
-0.343632
-0.378632
-0.09993
-0.0432859
-0.1924
-0.259096
-0.334086
-0.228595
-0.126954
-0.168811
-0.182104
-0.0188312
-0.064374
-0.0475314
-0.0209462
-0.400929
-0.389439
-0.358531
-0.505414
0.0110133
0.0131571
0.0130876
0.00416085
0.0132771
0.00811247
0.167999
0.16795
0.16761
0.181942
0.193856
0.209119
0.175713
0.153353
0.145572
0.147437
0.123961
0.131876
0.128844
0.140761
0.157998
0.165933
0.164925
0.167208
0.151683
0.152524
0.142146
0.145881
0.124875
0.107732
0.0981094
0.00916608
0.00703885
0.00782499
0.00720952
0.0101589
0.0103617
0.0218699
0.0179429
0.019064
0.0169021
0.00537798
0.013515
0.00972128
-0.426743
-0.355457
-0.530603
-0.566925
-0.633671
0.552717
0.660663
0.495817
0.264547
0.271509
0.490684
0.589238
0.249228
0.425906
0.462285
0.173662
0.460433
0.180357
0.179628
0.177316
0.176864
0.178108
-0.353381
-0.254326
-0.242912
-0.191551
-0.0757504
0.0376797
-0.0412776
-0.178123
-0.0326449
-0.0156091
0.288459
0.302267
0.246723
0.27345
0.273407
0.0999078
0.173972
0.228758
0.185197
0.226163
0.248211
0.211673
0.240156
0.186908
0.146996
0.146226
0.0943899
0.113525
0.0913487
0.0744717
0.169734
0.149852
0.158419
0.151924
0.170342
0.198906
0.193341
0.216522
0.230005
0.157359
0.120032
0.127885
0.154255
0.119521
0.131662
0.145389
-0.139185
-0.238695
-0.151425
-0.447748
-0.352982
-0.368498
-0.414393
-0.379608
-0.0929522
-0.799123
-0.762564
-1.40113
0.121962
0.608397
0.358387
0.329103
0.390339
0.366236
0.368695
0.403092
0.409111
0.316432
0.328222
0.334679
0.286263
0.31121
0.343122
0.338423
0.166138
0.0500877
0.0379862
0.00577885
-0.113596
-0.0841968
0.115218
0.0390332
-0.0311937
-0.0240618
0.134517
0.0296816
0.0914836
0.128771
0.0615677
0.0206471
0.214804
0.284202
0.274622
0.246257
0.161945
0.174485
0.198618
0.235328
0.261567
0.295019
0.1675
0.172772
0.173896
0.171602
0.169248
0.171661
0.171489
0.174125
0.175054
0.177716
0.176802
-0.310218
-0.360969
-0.421282
-0.36041
-0.555094
-0.537834
-0.427432
-0.444791
-0.468862
-0.541045
-0.546163
-0.496509
-0.446467
-0.425667
-0.371632
-0.288267
-0.263099
-0.354031
-0.0547147
0.0725285
0.128494
0.0119214
-0.0878055
-0.0776757
-0.0488111
-0.378056
-0.208841
-0.241446
-0.23562
-0.388874
-0.081526
-0.0679302
-0.0742549
-0.0758508
-0.113121
-0.0478504
0.00210643
-0.00591209
-0.016427
-0.00658468
0.00154294
0.157449
0.150721
0.148367
0.144808
0.144457
0.153628
0.158383
0.161159
0.166675
0.167175
0.158617
0.163111
0.165896
0.0159988
0.0111659
0.015631
-0.000998881
0.00619478
0.0106016
0.00305484
-0.246074
-0.293312
-0.292833
-0.33922
-0.471145
-0.409937
0.125838
0.0966263
0.13444
0.330746
0.185852
0.105329
0.17565
0.28428
-0.0930431
0.103708
-0.0637442
0.529347
0.413903
0.553805
0.180505
-0.11932
0.0213376
0.0776764
-0.116721
-0.046075
-0.022151
-0.131824
-0.0982788
-0.0702163
0.028295
-0.0905966
-0.120852
-0.362598
-0.17626
-0.0517737
-0.0730545
0.0556348
0.117289
-0.100623
-0.184471
-0.227254
0.277349
0.296168
0.313295
0.28512
0.309307
0.233965
0.226101
0.244087
0.254947
0.248247
-1.13404
-0.846241
-1.78562
-1.0957
-0.653468
0.149908
0.106572
0.396028
0.291484
0.373599
0.357012
0.317643
0.279612
0.287584
0.325771
0.0290726
0.134523
0.109441
0.116971
0.0230428
-0.0409991
0.249201
0.244187
0.279059
0.302899
0.27317
0.304313
0.165532
0.164842
0.165097
0.161737
0.160688
0.161491
-0.509241
-0.545477
-0.444902
-0.425878
-0.45699
-0.502663
0.0207538
-0.00537713
-0.00429006
0.000339578
0.0268327
0.020989
-0.201247
-0.262625
-0.326748
-0.308924
-0.355855
-0.423245
-0.440106
-0.337781
-0.245984
-0.257856
0.047235
0.299212
0.12236
0.297448
0.137983
0.198829
0.135966
0.124167
0.160073
0.0275146
0.104719
-0.167257
-0.660144
-0.569997
0.408495
0.430149
0.211178
0.0155255
-0.206574
-0.00715389
0.19657
0.13751
0.177003
0.244696
0.238613
-0.368895
-0.289695
-0.0680468
0.159911
-0.137489
-0.141971
-0.145867
0.0124881
-0.0536364
))
(300 (1 10 1 0 0 919 1018)(
0.211077
0.893584
0.0102384
0.209987
0.860704
-0.85341
0.388655
-0.474125
-0.0799399
0.180133
0.721122
0.488195
-1.48098
0.344127
-0.735158
0.189776
-0.00329802
0.465321
0.191409
0.250766
0.478575
0.601555
0.00178676
0.744337
0.160057
-0.780757
-0.904562
0.381889
-0.505066
0.407025
0.178695
-0.497303
-0.445862
-0.1631
-0.038672
0.116591
0.175526
0.195148
0.761386
0.671567
0.52946
0.463472
-2.89962
-0.618853
0.338045
0.355136
-0.863968
0.188563
0.192914
0.0108834
-0.00706527
0.442711
0.189012
0.214018
-0.040125
0.282774
0.284249
0.466379
0.537745
0.662292
0.149303
0.173085
0.165865
-0.678656
-0.91502
0.369094
-0.5853
-0.434875
0.17134
0.182792
-0.588092
-0.386334
-0.286598
-0.0150019
0.100661
0.132487
0.168898
0.17082
0.625992
-0.140455
0.320294
0.177859
0.181405
0.00360227
0.425805
-0.162868
0.0332997
0.3045
0.384512
0.694851
0.141059
0.175464
0.168839
0.36269
-0.365287
0.0737756
0.577435
0.120957
0.470113
-0.293128
))
(300 (1 11 1 0 0 919 926)(
0.211077
0.209987
0.191093
0.197843
0.191162
0.192888
0.197158
0.193152
))
(300 (1 12 1 0 0 919 922)(
0.893584
0.860704
0.81809
0.831165
))
(300 (1 13 1 0 0 919 926)(
0
0
0
0
0
0
0
0
))
(300 (1 14 1 0 0 919 952)(
-0.00134652
0.0039813
-0.00236589
-0.012913
0.155337
-0.0989329
0.0051315
0.732941
-0.00344016
-0.23172
0.0942485
0.212195
0.297769
0.0296065
-0.106075
-0.059957
-6.73969
-0.0130154
0.00173712
0.651074
0.617949
-0.772495
0.163833
0.146246
0.373414
-0.0247227
-1.35615
-0.026733
0.7103
0.524081
0.148252
0.499312
-0.0859528
0.644355
))
(300 (1 15 1 0 0 919 2754)(
0.211077
0.211077
0.893584
0.893584
0.0102384
0.0102384
0.209987
0.209987
-0.00134652
-0.00134652
0.860704
0.860704
-0.85341
-0.85341
0.388655
0.388655
0.191093
0.191093
-0.474125
-0.474125
-0.0799399
-0.0799399
0.180133
0.180133
0.721122
0.721122
0.488195
0.488195
-1.48098
-1.48098
0.0039813
0.0039813
0.344127
0.344127
-0.735158
-0.735158
0.189776
0.189776
-0.00329802
-0.00329802
0.465321
0.465321
0.197843
0.197843
0.200844
0.200844
0.191409
0.191409
0.250766
0.250766
0.478575
0.478575
0.601555
0.601555
0.00178676
0.00178676
-0.00100809
-0.00100809
-0.00440028
-0.00440028
0.00500566
0.00500566
-0.00723786
-0.00723786
-0.00236589
-0.00236589
0.744337
0.744337
0.795434
0.795434
0.81809
0.81809
0.160057
0.160057
-0.012913
-0.012913
-0.703244
-0.703244
-0.780757
-0.780757
-0.764108
-0.764108
-0.904562
-0.904562
0.376863
0.376863
0.381889
0.381889
-0.505066
-0.505066
0.391155
0.391155
0.407025
0.407025
0.178695
0.178695
0.190341
0.190341
0.191162
0.191162
0.192638
0.192638
0.191457
0.191457
0.192888
0.192888
0.155337
0.155337
-0.474207
-0.474207
-0.497303
-0.497303
-0.458455
-0.458455
-0.445862
-0.445862
-0.0989329
-0.0989329
-0.116397
-0.116397
-0.1631
-0.1631
-0.0533828
-0.0533828
-0.038672
-0.038672
0.116591
0.116591
0.177062
0.177062
0.175526
0.175526
0.185368
0.185368
0.195148
0.195148
0.833131
0.833131
0.805028
0.805028
0.831165
0.831165
0.744877
0.744877
0.761386
0.761386
0.699076
0.699076
0.671567
0.671567
0.508342
0.508342
0.52946
0.52946
0.473315
0.473315
0.463472
0.463472
-1.92486
-1.92486
-2.89962
-2.89962
-0.878338
-0.878338
-0.618853
-0.618853
0.000645022
0.000645022
0.00449786
0.00449786
0.0051315
0.0051315
0.330428
0.330428
0.338045
0.338045
0.342126
0.342126
0.355136
0.355136
0.732941
0.732941
-0.718514
-0.718514
-0.863968
-0.863968
0.189904
0.189904
0.188563
0.188563
0.197158
0.197158
0.197821
0.197821
0.193809
0.193809
0.192914
0.192914
0.00650005
0.00650005
0.0108834
0.0108834
-0.014588
-0.014588
-0.00255724
-0.00255724
-0.00706527
-0.00706527
0.448669
0.448669
0.442711
0.442711
0.191952
0.191952
0.189012
0.189012
0.202932
0.202932
0.22544
0.22544
0.214018
0.214018
-0.040125
-0.040125
0.261429
0.261429
0.282774
0.282774
0.284249
0.284249
0.461621
0.461621
0.458523
0.458523
0.466379
0.466379
0.575026
0.575026
0.537745
0.537745
0.639001
0.639001
0.662292
0.662292
0.0136557
0.0136557
0.00385744
0.00385744
-0.00370587
-0.00370587
-0.00114971
-0.00114971
-0.00344016
-0.00344016
0.156235
0.156235
0.149303
0.149303
0.173085
0.173085
0.163713
0.163713
0.165865
0.165865
-0.0966148
-0.0966148
-0.23172
-0.23172
0.0708084
0.0708084
0.0942485
0.0942485
-0.611173
-0.611173
-0.678656
-0.678656
-0.786699
-0.786699
-0.800734
-0.800734
-0.91502
-0.91502
0.212195
0.212195
0.366633
0.366633
0.369094
0.369094
-0.523178
-0.523178
-0.438616
-0.438616
-0.5853
-0.5853
-0.363831
-0.363831
-0.434875
-0.434875
0.16943
0.16943
0.176131
0.176131
0.17134
0.17134
0.186225
0.186225
0.180872
0.180872
0.182792
0.182792
0.194469
0.194469
0.19155
0.19155
0.193152
0.193152
0.183843
0.183843
0.297769
0.297769
0.0898785
0.0898785
0.0296065
0.0296065
-0.602172
-0.602172
-0.500861
-0.500861
-0.588092
-0.588092
-0.434404
-0.434404
-0.386334
-0.386334
-0.0973252
-0.0973252
-0.106075
-0.106075
-0.109499
-0.109499
-0.059957
-0.059957
-0.347656
-0.347656
-0.22193
-0.22193
-0.286598
-0.286598
-0.0216654
-0.0216654
-0.0150019
-0.0150019
0.109545
0.109545
0.100661
0.100661
0.126288
0.126288
0.132487
0.132487
0.168898
0.168898
0.169773
0.169773
0.172956
0.172956
0.17082
0.17082
0.62232
0.62232
0.644644
0.644644
0.652172
0.652172
0.625992
0.625992
-3.9128
-3.9128
-6.73969
-6.73969
-0.284083
-0.284083
-0.140455
-0.140455
0.00209717
0.00209717
0.00309287
0.00309287
0.00223347
0.00223347
0.00544574
0.00544574
0.00302327
0.00302327
0.000834166
0.000834166
-0.0130154
-0.0130154
-0.0074879
-0.0074879
0.00465486
0.00465486
0.00173712
0.00173712
0.316182
0.316182
0.320294
0.320294
0.651842
0.651842
0.651074
0.651074
0.642538
0.642538
0.617949
0.617949
0.177859
0.177859
0.179948
0.179948
0.18551
0.18551
0.181405
0.181405
-0.00113928
-0.00113928
0.00999314
0.00999314
0.00360227
0.00360227
0.40966
0.40966
0.428908
0.428908
0.425805
0.425805
-0.0757153
-0.0757153
-0.162868
-0.162868
0.00658186
0.00658186
0.0332997
0.0332997
0.303056
0.303056
0.287636
0.287636
0.3045
0.3045
0.347393
0.347393
0.384512
0.384512
0.669712
0.669712
0.688049
0.688049
0.686336
0.686336
0.694851
0.694851
0.738924
0.738924
0.755365
0.755365
0.720612
0.720612
0.137142
0.137142
0.145546
0.145546
0.141059
0.141059
0.176876
0.176876
0.174401
0.174401
0.175464
0.175464
0.169536
0.169536
0.17185
0.17185
0.168839
0.168839
-0.38564
-0.38564
-0.772495
-0.772495
0.163833
0.163833
0.177024
0.177024
0.137514
0.137514
0.146246
0.146246
0.300899
0.300899
0.373414
0.373414
0.350227
0.350227
0.358089
0.358089
0.36269
0.36269
-0.300286
-0.300286
-0.365287
-0.365287
0.00197773
0.00197773
-0.0247227
-0.0247227
0.0585242
0.0585242
0.0898412
0.0898412
0.0737756
0.0737756
0.593343
0.593343
0.554082
0.554082
0.603936
0.603936
0.577435
0.577435
0.538935
0.538935
0.564543
0.564543
-0.724209
-0.724209
-2.25625
-2.25625
-1.35615
-1.35615
0.224557
0.224557
0.0297794
0.0297794
0.120957
0.120957
-0.0360699
-0.0360699
-0.0360864
-0.0360864
-0.026733
-0.026733
0.630869
0.630869
0.7103
0.7103
0.347234
0.347234
0.503054
0.503054
0.524081
0.524081
0.426262
0.426262
0.458169
0.458169
0.510486
0.510486
0.434941
0.434941
0.470113
0.470113
0.5067
0.5067
0.489479
0.489479
0.170592
0.170592
0.16702
0.16702
0.148252
0.148252
0.443802
0.443802
0.499312
0.499312
-0.188718
-0.188718
-0.238318
-0.238318
-0.293128
-0.293128
-0.106101
-0.106101
-0.0581154
-0.0581154
-0.0859528
-0.0859528
0.681527
0.681527
0.56517
0.56517
0.644355
0.644355
0.18884
0.18884
0.189501
0.189501
0.0111075
0.0111075
0.0156969
0.0156969
0.193242
0.193242
0.193098
0.193098
0.00617943
0.00617943
0.00430577
0.00430577
0.101958
0.101958
-1.1926
-1.1926
-0.197164
-0.197164
0.181541
0.181541
0.1724
0.1724
0.18899
0.18899
-0.457364
-0.457364
0.0365933
0.0365933
-0.119708
-0.119708
-0.064982
-0.064982
0.0748914
0.0748914
0.17933
0.17933
0.126441
0.126441
0.0933237
0.0933237
0.00524747
0.00524747
0.0132994
0.0132994
-0.007883
-0.007883
-0.535386
-0.535386
0.186472
0.186472
0.184815
0.184815
0.188572
0.188572
0.189621
0.189621
0.190284
0.190284
0.0052668
0.0052668
0.00679717
0.00679717
0.00467034
0.00467034
-0.00264927
-0.00264927
0.00115724
0.00115724
-0.00147532
-0.00147532
0.154608
0.154608
0.169099
0.169099
-0.503104
-0.503104
0.188515
0.188515
0.19076
0.19076
0.19039
0.19039
0.183445
0.183445
0.189018
0.189018
0.187363
0.187363
0.0111182
0.0111182
0.00553218
0.00553218
0.000283191
0.000283191
-0.0888105
-0.0888105
0.0255994
0.0255994
0.359724
0.359724
0.468148
0.468148
0.312826
0.312826
0.0840413
0.0840413
-0.16071
-0.16071
0.254907
0.254907
0.324254
0.324254
0.220854
0.220854
0.388473
0.388473
0.352962
0.352962
0.376743
0.376743
-0.137151
-0.137151
-0.282994
-0.282994
-0.127659
-0.127659
-0.183535
-0.183535
0.179474
0.179474
0.178108
0.178108
0.17068
0.17068
0.168012
0.168012
0.184153
0.184153
0.182278
0.182278
0.186534
0.186534
0.183462
0.183462
0.186254
0.186254
0.187927
0.187927
-0.477866
-0.477866
-0.441542
-0.441542
-0.442717
-0.442717
-0.475422
-0.475422
-0.0161737
-0.0161737
0.263495
0.263495
-0.100297
-0.100297
0.0143976
0.0143976
-0.11462
-0.11462
-0.0921749
-0.0921749
-0.0620071
-0.0620071
-0.190187
-0.190187
-0.232621
-0.232621
-0.194446
-0.194446
0.0272253
0.0272253
-0.0131562
-0.0131562
-0.0899949
-0.0899949
0.0673983
0.0673983
-0.00922484
-0.00922484
-0.144797
-0.144797
-0.0269384
-0.0269384
-0.0892278
-0.0892278
0.173624
0.173624
0.170432
0.170432
0.179251
0.179251
0.185902
0.185902
0.134337
0.134337
0.135842
0.135842
0.108688
0.108688
0.124674
0.124674
0.112911
0.112911
0.0574373
0.0574373
0.0906752
0.0906752
0.0684884
0.0684884
0.00703363
0.00703363
0.00731459
0.00731459
0.00573419
0.00573419
0.0166421
0.0166421
0.0125308
0.0125308
0.00756633
0.00756633
0.00850451
0.00850451
0.0117888
0.0117888
0.00306725
0.00306725
0.00474227
0.00474227
-0.00542987
-0.00542987
0.00345098
0.00345098
-0.506442
-0.506442
-0.624236
-0.624236
0.63673
0.63673
0.615228
0.615228
-0.187277
-0.187277
0.175692
0.175692
0.182115
0.182115
0.178943
0.178943
0.183654
0.183654
0.186652
0.186652
0.187444
0.187444
0.185305
0.185305
0.181858
0.181858
0.170099
0.170099
0.172191
0.172191
0.168225
0.168225
0.168768
0.168768
-0.446361
-0.446361
-0.579674
-0.579674
-0.402303
-0.402303
-0.464049
-0.464049
-0.20595
-0.20595
0.293905
0.293905
0.0382254
0.0382254
-0.0210655
-0.0210655
-0.0249141
-0.0249141
0.184332
0.184332
0.577861
0.577861
0.387334
0.387334
0.420498
0.420498
0.447926
0.447926
-0.691371
-0.691371
-0.28821
-0.28821
-0.621035
-0.621035
-0.00289647
-0.00289647
-0.183935
-0.183935
0.356989
0.356989
0.410426
0.410426
0.435083
0.435083
0.379878
0.379878
0.328151
0.328151
-0.459332
-0.459332
0.185127
0.185127
-0.38
-0.38
-0.338639
-0.338639
-0.151214
-0.151214
-0.248806
-0.248806
0.406175
0.406175
0.337549
0.337549
0.343025
0.343025
0.367688
0.367688
0.392326
0.392326
0.343315
0.343315
0.321952
0.321952
0.319891
0.319891
0.356856
0.356856
0.360804
0.360804
0.158626
0.158626
-0.0566202
-0.0566202
-0.102348
-0.102348
-0.138039
-0.138039
0.326234
0.326234
0.198237
0.198237
0.253564
0.253564
0.172316
0.172316
0.174042
0.174042
0.177112
0.177112
0.175582
0.175582
0.159031
0.159031
0.166225
0.166225
0.16212
0.16212
0.167081
0.167081
0.169947
0.169947
0.179724
0.179724
0.179627
0.179627
0.175262
0.175262
0.177533
0.177533
-0.43842
-0.43842
-0.440611
-0.440611
-0.430641
-0.430641
-0.468533
-0.468533
-0.472156
-0.472156
-0.535488
-0.535488
-0.420014
-0.420014
-0.289071
-0.289071
-0.38036
-0.38036
-0.0578394
-0.0578394
0.0081376
0.0081376
-0.284386
-0.284386
-0.416503
-0.416503
-0.376528
-0.376528
-0.360264
-0.360264
-0.135114
-0.135114
-0.0984582
-0.0984582
-0.478087
-0.478087
-0.12292
-0.12292
-0.343632
-0.343632
-0.378632
-0.378632
-0.09993
-0.09993
-0.0432859
-0.0432859
-0.1924
-0.1924
-0.259096
-0.259096
-0.334086
-0.334086
-0.228595
-0.228595
-0.126954
-0.126954
-0.168811
-0.168811
-0.182104
-0.182104
-0.0188312
-0.0188312
-0.064374
-0.064374
-0.0475314
-0.0475314
-0.0209462
-0.0209462
-0.400929
-0.400929
-0.389439
-0.389439
-0.358531
-0.358531
-0.505414
-0.505414
0.0110133
0.0110133
0.0131571
0.0131571
0.0130876
0.0130876
0.00416085
0.00416085
0.0132771
0.0132771
0.00811247
0.00811247
0.167999
0.167999
0.16795
0.16795
0.16761
0.16761
0.181942
0.181942
0.193856
0.193856
0.209119
0.209119
0.175713
0.175713
0.153353
0.153353
0.145572
0.145572
0.147437
0.147437
0.123961
0.123961
0.131876
0.131876
0.128844
0.128844
0.140761
0.140761
0.157998
0.157998
0.165933
0.165933
0.164925
0.164925
0.167208
0.167208
0.151683
0.151683
0.152524
0.152524
0.142146
0.142146
0.145881
0.145881
0.124875
0.124875
0.107732
0.107732
0.0981094
0.0981094
0.00916608
0.00916608
0.00703885
0.00703885
0.00782499
0.00782499
0.00720952
0.00720952
0.0101589
0.0101589
0.0103617
0.0103617
0.0218699
0.0218699
0.0179429
0.0179429
0.019064
0.019064
0.0169021
0.0169021
0.00537798
0.00537798
0.013515
0.013515
0.00972128
0.00972128
-0.426743
-0.426743
-0.355457
-0.355457
-0.530603
-0.530603
-0.566925
-0.566925
-0.633671
-0.633671
0.552717
0.552717
0.660663
0.660663
0.495817
0.495817
0.264547
0.264547
0.271509
0.271509
0.490684
0.490684
0.589238
0.589238
0.249228
0.249228
0.425906
0.425906
0.462285
0.462285
0.173662
0.173662
0.460433
0.460433
0.180357
0.180357
0.179628
0.179628
0.177316
0.177316
0.176864
0.176864
0.178108
0.178108
-0.353381
-0.353381
-0.254326
-0.254326
-0.242912
-0.242912
-0.191551
-0.191551
-0.0757504
-0.0757504
0.0376797
0.0376797
-0.0412776
-0.0412776
-0.178123
-0.178123
-0.0326449
-0.0326449
-0.0156091
-0.0156091
0.288459
0.288459
0.302267
0.302267
0.246723
0.246723
0.27345
0.27345
0.273407
0.273407
0.0999078
0.0999078
0.173972
0.173972
0.228758
0.228758
0.185197
0.185197
0.226163
0.226163
0.248211
0.248211
0.211673
0.211673
0.240156
0.240156
0.186908
0.186908
0.146996
0.146996
0.146226
0.146226
0.0943899
0.0943899
0.113525
0.113525
0.0913487
0.0913487
0.0744717
0.0744717
0.169734
0.169734
0.149852
0.149852
0.158419
0.158419
0.151924
0.151924
0.170342
0.170342
0.198906
0.198906
0.193341
0.193341
0.216522
0.216522
0.230005
0.230005
0.157359
0.157359
0.120032
0.120032
0.127885
0.127885
0.154255
0.154255
0.119521
0.119521
0.131662
0.131662
0.145389
0.145389
-0.139185
-0.139185
-0.238695
-0.238695
-0.151425
-0.151425
-0.447748
-0.447748
-0.352982
-0.352982
-0.368498
-0.368498
-0.414393
-0.414393
-0.379608
-0.379608
-0.0929522
-0.0929522
-0.799123
-0.799123
-0.762564
-0.762564
-1.40113
-1.40113
0.121962
0.121962
0.608397
0.608397
0.358387
0.358387
0.329103
0.329103
0.390339
0.390339
0.366236
0.366236
0.368695
0.368695
0.403092
0.403092
0.409111
0.409111
0.316432
0.316432
0.328222
0.328222
0.334679
0.334679
0.286263
0.286263
0.31121
0.31121
0.343122
0.343122
0.338423
0.338423
0.166138
0.166138
0.0500877
0.0500877
0.0379862
0.0379862
0.00577885
0.00577885
-0.113596
-0.113596
-0.0841968
-0.0841968
0.115218
0.115218
0.0390332
0.0390332
-0.0311937
-0.0311937
-0.0240618
-0.0240618
0.134517
0.134517
0.0296816
0.0296816
0.0914836
0.0914836
0.128771
0.128771
0.0615677
0.0615677
0.0206471
0.0206471
0.214804
0.214804
0.284202
0.284202
0.274622
0.274622
0.246257
0.246257
0.161945
0.161945
0.174485
0.174485
0.198618
0.198618
0.235328
0.235328
0.261567
0.261567
0.295019
0.295019
0.1675
0.1675
0.172772
0.172772
0.173896
0.173896
0.171602
0.171602
0.169248
0.169248
0.171661
0.171661
0.171489
0.171489
0.174125
0.174125
0.175054
0.175054
0.177716
0.177716
0.176802
0.176802
-0.310218
-0.310218
-0.360969
-0.360969
-0.421282
-0.421282
-0.36041
-0.36041
-0.555094
-0.555094
-0.537834
-0.537834
-0.427432
-0.427432
-0.444791
-0.444791
-0.468862
-0.468862
-0.541045
-0.541045
-0.546163
-0.546163
-0.496509
-0.496509
-0.446467
-0.446467
-0.425667
-0.425667
-0.371632
-0.371632
-0.288267
-0.288267
-0.263099
-0.263099
-0.354031
-0.354031
-0.0547147
-0.0547147
0.0725285
0.0725285
0.128494
0.128494
0.0119214
0.0119214
-0.0878055
-0.0878055
-0.0776757
-0.0776757
-0.0488111
-0.0488111
-0.378056
-0.378056
-0.208841
-0.208841
-0.241446
-0.241446
-0.23562
-0.23562
-0.388874
-0.388874
-0.081526
-0.081526
-0.0679302
-0.0679302
-0.0742549
-0.0742549
-0.0758508
-0.0758508
-0.113121
-0.113121
-0.0478504
-0.0478504
0.00210643
0.00210643
-0.00591209
-0.00591209
-0.016427
-0.016427
-0.00658468
-0.00658468
0.00154294
0.00154294
0.157449
0.157449
0.150721
0.150721
0.148367
0.148367
0.144808
0.144808
0.144457
0.144457
0.153628
0.153628
0.158383
0.158383
0.161159
0.161159
0.166675
0.166675
0.167175
0.167175
0.158617
0.158617
0.163111
0.163111
0.165896
0.165896
0.0159988
0.0159988
0.0111659
0.0111659
0.015631
0.015631
-0.000998881
-0.000998881
0.00619478
0.00619478
0.0106016
0.0106016
0.00305484
0.00305484
-0.246074
-0.246074
-0.293312
-0.293312
-0.292833
-0.292833
-0.33922
-0.33922
-0.471145
-0.471145
-0.409937
-0.409937
0.125838
0.125838
0.0966263
0.0966263
0.13444
0.13444
0.330746
0.330746
0.185852
0.185852
0.105329
0.105329
0.17565
0.17565
0.28428
0.28428
-0.0930431
-0.0930431
0.103708
0.103708
-0.0637442
-0.0637442
0.529347
0.529347
0.413903
0.413903
0.553805
0.553805
0.180505
0.180505
-0.11932
-0.11932
0.0213376
0.0213376
0.0776764
0.0776764
-0.116721
-0.116721
-0.046075
-0.046075
-0.022151
-0.022151
-0.131824
-0.131824
-0.0982788
-0.0982788
-0.0702163
-0.0702163
0.028295
0.028295
-0.0905966
-0.0905966
-0.120852
-0.120852
-0.362598
-0.362598
-0.17626
-0.17626
-0.0517737
-0.0517737
-0.0730545
-0.0730545
0.0556348
0.0556348
0.117289
0.117289
-0.100623
-0.100623
-0.184471
-0.184471
-0.227254
-0.227254
0.277349
0.277349
0.296168
0.296168
0.313295
0.313295
0.28512
0.28512
0.309307
0.309307
0.233965
0.233965
0.226101
0.226101
0.244087
0.244087
0.254947
0.254947
0.248247
0.248247
-1.13404
-1.13404
-0.846241
-0.846241
-1.78562
-1.78562
-1.0957
-1.0957
-0.653468
-0.653468
0.149908
0.149908
0.106572
0.106572
0.396028
0.396028
0.291484
0.291484
0.373599
0.373599
0.357012
0.357012
0.317643
0.317643
0.279612
0.279612
0.287584
0.287584
0.325771
0.325771
0.0290726
0.0290726
0.134523
0.134523
0.109441
0.109441
0.116971
0.116971
0.0230428
0.0230428
-0.0409991
-0.0409991
0.249201
0.249201
0.244187
0.244187
0.279059
0.279059
0.302899
0.302899
0.27317
0.27317
0.304313
0.304313
0.165532
0.165532
0.164842
0.164842
0.165097
0.165097
0.161737
0.161737
0.160688
0.160688
0.161491
0.161491
-0.509241
-0.509241
-0.545477
-0.545477
-0.444902
-0.444902
-0.425878
-0.425878
-0.45699
-0.45699
-0.502663
-0.502663
0.0207538
0.0207538
-0.00537713
-0.00537713
-0.00429006
-0.00429006
0.000339578
0.000339578
0.0268327
0.0268327
0.020989
0.020989
-0.201247
-0.201247
-0.262625
-0.262625
-0.326748
-0.326748
-0.308924
-0.308924
-0.355855
-0.355855
-0.423245
-0.423245
-0.440106
-0.440106
-0.337781
-0.337781
-0.245984
-0.245984
-0.257856
-0.257856
0.047235
0.047235
0.299212
0.299212
0.12236
0.12236
0.297448
0.297448
0.137983
0.137983
0.198829
0.198829
0.135966
0.135966
0.124167
0.124167
0.160073
0.160073
0.0275146
0.0275146
0.104719
0.104719
-0.167257
-0.167257
-0.660144
-0.660144
-0.569997
-0.569997
0.408495
0.408495
0.430149
0.430149
0.211178
0.211178
0.0155255
0.0155255
-0.206574
-0.206574
-0.00715389
-0.00715389
0.19657
0.19657
0.13751
0.13751
0.177003
0.177003
0.244696
0.244696
0.238613
0.238613
-0.368895
-0.368895
-0.289695
-0.289695
-0.0680468
-0.0680468
0.159911
0.159911
-0.137489
-0.137489
-0.141971
-0.141971
-0.145867
-0.145867
0.0124881
0.0124881
-0.0536364
-0.0536364
))
(300 (2 1 3 0 0 1 918)(
0.985146 -0.000536859 0 
0.00500271 2.96626 0 
-0.0145417 1.58428 0 
0.97969 0.002165 0 
-0.00371395 1.56262 6.19413e-21 
-0.00703355 2.94878 -1.8262e-18 
0.856681 1.20183 7.50355e-19 
0.424007 0.192554 -8.51778e-21 
0.999906 -0.000330267 0 
0.0614611 0.790877 0 
-0.0393868 1.10022 0 
0.770329 -0.0106424 0 
0.0111265 2.93035 0 
0.00152855 2.79496 0 
-0.0178284 3.16781 1.10444e-18 
-0.00373903 1.45472 -3.97611e-21 
0.54823 0.0879726 5.318e-19 
0.195529 1.19658 6.66092e-19 
0.96292 0.00511659 0 
0.00225356 1.31783 0 
0.141406 0.251254 -4.60338e-19 
1.00207 -0.00500119 0 
1.00024 -0.00973961 0 
0.975776 -0.00645098 0 
0.683126 -0.0363974 0 
0.0178187 2.63196 0 
-0.0151655 2.91021 6.26752e-19 
-0.0259187 1.6037 0 
-0.0306541 1.7365 0 
-0.0265641 1.59747 0 
-0.00572954 1.8427 0 
0.000163888 1.58839 -4.89968e-21 
-0.00391472 1.46788 0 
-0.0206187 2.98759 -6.36981e-23 
-0.016703 3.0053 1.41948e-18 
0.00210415 3.0002 0 
0.870417 -0.0089707 0 
0.392759 0.929042 -4.43801e-20 
0.838771 1.21846 -1.05876e-18 
0.985752 1.05659 9.89393e-19 
0.70524 1.31368 -1.74134e-19 
0.701584 1.30081 9.79906e-19 
0.455693 0.276395 8.31054e-21 
0.44852 0.177184 0 
1.16641 0.563558 0 
0.42591 0.291094 3.91405e-20 
0.386261 0.195709 -4.06161e-20 
0.919467 -0.0075156 0 
1.00031 5.45427e-05 0 
0.999912 0.000303607 0 
1.00348 -0.00777724 0 
1.00094 -0.00107291 0 
1.00017 -1.51424e-05 0 
0.0215877 1.77886 -2.83956e-19 
0.0534036 0.926633 0 
0.0765727 0.891713 0 
0.000217633 0.849932 0 
0.00609708 0.736533 0 
0.0340014 1.52875 0 
-0.0543674 1.17006 0 
-0.0539458 0.976049 0 
-0.0338888 1.28943 0 
-0.0233975 1.18802 0 
0.848998 -0.00242227 0 
0.866535 0.00970067 0 
0.781776 -0.00401375 0 
0.860204 0.0155099 0 
0.755641 -0.011687 0 
0.0147011 3.0004 6.67689e-19 
0.0115219 3.00792 0 
0.00613102 3.00284 0 
0.0135479 2.99734 7.43036e-24 
0.00799227 2.95846 -9.92351e-19 
0.0144975 2.98207 0 
0.0108163 2.9036 0 
0.0247306 2.93043 1.31657e-24 
0.00424458 2.82535 0 
0.0316149 2.91572 0 
-0.00615576 2.74404 0 
0.311376 3.56821 0 
-0.132498 3.65046 0 
0.141053 3.25871 -1.02785e-18 
-0.0112539 2.99103 0 
-0.0206336 1.81904 0 
0.00355765 1.61928 3.92219e-21 
-0.00366463 1.46375 -4.47016e-21 
0.597085 0.150437 -1.82704e-19 
0.540094 0.0514703 -1.78673e-19 
0.584117 0.185952 -5.52283e-19 
0.531699 0.117429 -3.70222e-19 
0.210472 0.894381 0 
0.275968 1.34564 -6.77581e-19 
0.394491 1.29665 1.11358e-18 
0.987512 0.00843432 0 
0.94262 0.00597323 0 
1.00029 0.000548823 0 
1.00289 0.00926762 0 
1.00307 0.00847579 -9.8282e-19 
0.991966 0.00968717 7.42156e-19 
-0.0110634 1.4791 0 
-0.00293416 1.30444 0 
-0.0345204 1.6092 0 
-0.0227816 1.51651 0 
-0.00384789 1.35395 0 
0.210631 0.264337 1.41935e-19 
0.257435 0.241965 0 
0.993571 -0.00825515 0 
0.954404 -0.0064385 0 
0.829612 0.0235497 0 
0.796785 0.0356661 0 
0.734392 -0.0267493 0 
0.995615 -0.00423693 0 
0.739916 0.0510158 0 
0.595269 -0.015605 7.03834e-19 
-0.0356716 2.86545 3.05424e-19 
0.0430529 2.90807 0 
0.0568071 2.88328 0 
-0.00560311 2.69693 0 
-0.0128796 2.98535 5.737e-19 
-0.0182446 2.89556 0 
-0.0153475 2.98812 -1.82006e-18 
-0.0133914 2.92525 6.29441e-19 
-0.0266486 1.81351 0 
-0.0217477 1.81124 0 
0.000449009 1.60971 5.18242e-23 
0.00114824 1.58428 0 
-0.0054563 1.46419 0 
0.935626 -0.00582796 0 
0.854067 -0.00928275 0 
0.863955 0.00871746 0 
0.948504 -0.00694922 0 
0.883877 -0.00802019 0 
0.506448 1.1249 4.41835e-20 
0.558498 1.18063 0 
0.352481 0.866572 2.53238e-21 
0.295775 0.728525 0 
0.945954 1.09256 -2.8639e-19 
1.05799 0.891837 5.86605e-19 
0.396441 1.39905 0 
0.557115 1.37876 0 
0.559785 1.32769 0 
0.0953909 0.142048 -1.18721e-19 
0.49693 0.261166 0 
0.4817 0.16173 1.0583e-19 
1.02691 0.943758 0 
1.09196 0.785658 0 
1.11807 0.728156 -5.13626e-19 
1.14642 0.622571 0 
1.19795 0.404904 5.83688e-20 
0.956866 -0.00885964 0 
0.962123 -0.0101765 0 
0.900854 -0.00810252 0 
0.984225 -0.00911895 0 
0.974557 -0.00935667 0 
0.936856 -0.00622852 0 
1.00019 0.00229296 0 
1.00086 0.00132381 0 
0.999923 0.000858608 0 
-0.0160394 2.03082 1.68262e-19 
0.116914 1.71496 0 
-0.0605025 2.02976 1.77322e-19 
-0.010909 1.81225 -7.15824e-20 
0.126441 1.19168 -5.52517e-19 
0.0718451 1.03963 0 
0.116555 1.03596 0 
-0.0118671 0.84506 0 
-0.0267991 0.755943 0 
0.0473333 1.7206 1.1793e-21 
-0.0323142 1.55884 0 
0.0599715 1.71024 7.38181e-20 
0.00634641 1.51056 -1.15362e-19 
-0.0451405 0.900801 0 
-0.0630829 1.02964 0 
-0.0479131 0.848304 0 
-0.0228405 1.37853 0 
-0.013186 1.24206 0 
0.937852 0.0154499 0 
0.871466 1.56597e-05 0 
0.919989 0.00747173 0 
0.839439 -0.00533269 0 
0.809899 0.00504141 0 
0.901757 0.0138169 0 
0.882947 0.00987671 0 
0.788378 0.00186357 0 
0.00575033 3.06471 -5.8311e-21 
0.016449 3.05809 0 
0.0146819 2.96914 0 
0.00847821 2.87632 0 
0.929495 3.9884 0 
1.24518 3.31775 1.02023e-18 
0.0713722 3.08319 0 
-0.0264937 2.91145 0 
-0.0259022 1.80206 0 
-0.0274668 1.81343 0 
-0.0242373 1.80597 0 
-0.00996073 1.83095 4.9093e-21 
-0.0192502 1.82924 0 
-0.0155276 1.82637 0 
-0.00013179 1.48552 -1.25629e-20 
0.00767781 1.66974 -9.06663e-21 
0.00316109 1.63852 4.66048e-21 
-0.00545516 1.47189 0 
0.624102 0.123554 2.68637e-19 
0.557858 0.0232179 -2.61251e-19 
0.266061 1.51933 0 
0.26258 0.658334 -2.03867e-19 
0.200512 1.6173 -6.92153e-19 
0.239582 1.16575 6.94194e-19 
0.90418 0.00691806 0 
0.967902 0.0106665 0 
0.974971 0.0105135 0 
0.924639 0.00664409 0 
-0.0183774 1.43597 0 
-0.0148142 1.46564 0 
-0.00813464 1.27395 0 
0.384671 0.297792 3.62941e-19 
0.326708 0.279974 -4.44126e-19 
0.333636 0.216922 0 
1.1188 0.0842676 -5.62335e-21 
1.10425 0.03865 0 
1.03177 0.0382336 0 
0.936148 0.00527114 0 
0.649764 0.0926199 0 
0.680541 0.0669461 -1.13367e-18 
0.573696 0.00711297 4.34101e-19 
0.00977515 2.98179 3.96804e-19 
-0.0326933 2.8674 4.77373e-20 
0.00381798 3.05016 -1.26278e-20 
0.0199955 3.04355 4.55049e-19 
-0.0150243 2.99655 2.09593e-20 
-0.0130013 2.94946 -8.49098e-23 
-0.01728 3.01199 -3.98584e-19 
0.0148027 3.02402 2.88027e-19 
0.00729298 3.03672 -4.49395e-19 
0.923329 0.0013369 0 
0.93194 -0.00165648 0 
0.840049 -0.00729955 0 
0.957406 0.0118091 0 
0.943968 0.0134375 0 
0.883321 0.00769838 0 
0.917746 0.0141185 0 
0.927488 0.0145554 0 
0.838202 0.00789446 0 
0.715252 1.41118 3.45173e-19 
0.751268 1.52295 0 
0.222395 0.367446 2.34979e-20 
0.179562 0.581311 1.88366e-19 
0.264872 0.687519 -1.02459e-19 
0.226299 0.572235 1.85954e-19 
0.285175 0.693983 6.87624e-19 
0.105897 0.179457 2.04713e-19 
0.558354 0.22077 3.98792e-19 
0.526595 0.241958 9.81077e-20 
0.5062 0.143916 2.01051e-19 
1.18698 0.461815 3.11725e-19 
1.20411 0.256334 3.26527e-19 
-0.0244424 1.9933 1.47807e-20 
-0.0190231 1.76252 0 
0.982779 0.0279152 0 
0.950802 0.01861 0 
0.896773 -0.00175419 0 
0.0110463 3.07469 0 
0.0199198 2.94404 7.74693e-19 
0.0165432 2.95646 0 
0.00608806 2.8508 -7.68545e-19 
0.00602417 3.09108 1.82963e-19 
0.00739587 3.08254 0 
0.785271 1.82878 -2.4395e-19 
1.25219 2.51353 6.73317e-19 
0.768343 1.97049 -1.50929e-18 
0.0212325 2.98429 -2.83256e-19 
0.0373327 3.00755 0 
-0.0319584 2.88264 0 
0.0487158 1.68708 1.44469e-20 
0.0221132 1.70173 4.91696e-20 
0.0206837 1.49856 -1.91714e-23 
0.279062 1.33099 6.59125e-19 
0.224393 0.442441 -4.54264e-19 
0.0331562 1.95141 4.50861e-19 
0.134023 1.83085 -5.67735e-19 
0.200524 1.48446 8.33529e-20 
0.00186541 3.11886 -1.07127e-18 
0.0161626 3.11805 1.14799e-18 
-0.00858332 2.98138 4.93182e-19 
-0.00304466 2.97796 -4.32394e-19 
-0.0212567 2.88222 -5.02291e-19 
0.00884427 3.09993 -1.33871e-18 
0.00260106 3.10577 1.30356e-18 
0.219542 0.610026 0 
0.168583 0.593337 -3.65411e-19 
0.123768 0.202325 1.62623e-19 
0.318296 0.817837 6.15695e-19 
0.170754 0.221853 -9.42877e-19 
1.2014 0.170831 -6.49951e-20 
1.20404 0.308419 0 
1.18981 0.119088 1.30013e-19 
0.000740934 1.80435 1.95681e-21 
-0.0403697 1.90215 0 
-0.0358989 1.65892 0 
0.328209 1.21241 -2.40768e-19 
0.351063 1.02926 -5.10396e-19 
0.191861 0.3173 8.73524e-19 
1.00583 -0.0110864 0 
1.00759 -0.00763249 1.79374e-19 
-0.0277134 1.79935 0 
-0.0361624 1.80621 0 
1.00218 0.00335377 1.59741e-21 
1.00367 0.00932882 3.68926e-19 
-0.0100319 1.83697 -6.65798e-21 
-0.00495695 1.83679 0 
0.0396778 3.1839 9.32029e-20 
0.400661 3.50346 0 
1.11564 0.645193 7.23767e-20 
1.01294 0.0127404 -2.11932e-21 
1.02136 -0.0105108 0 
1.00172 -2.17126e-05 -3.02647e-23 
0.155354 1.18569 0 
0.17458 2.60986 0 
-0.214847 1.37146 0 
-0.192136 2.39096 -8.66359e-20 
-0.103997 2.06997 5.41731e-20 
1.00586 0.0106412 2.96876e-21 
1.0483 0.0117431 0 
1.07319 0.0302104 0 
-0.0283292 1.81669 0 
-0.0231919 1.87522 0 
-0.0350442 1.76873 0 
0.280918 1.44888 -4.59459e-19 
1.01108 -0.00958494 0 
1.00949 -0.0153522 0 
1.00235 0.000390625 2.26068e-19 
1.0055 -0.00499774 -2.69912e-19 
1.00123 -0.0010952 0 
-0.0339673 1.80783 0 
-0.0295505 1.79703 0 
-0.0299973 1.80284 0 
-0.0323073 1.77169 0 
-0.0296457 1.77868 0 
-0.0315645 1.77702 0 
1.03161 -0.0141304 0 
1.0208 0.0167178 -9.68658e-22 
0.783307 1.26672 5.38616e-19 
1.00266 0.000232045 -2.28549e-19 
1.00347 0.00550194 2.69071e-19 
1.00129 0.00218437 0 
1.01302 0.0101894 2.21303e-19 
1.00827 0.008343 -2.76192e-19 
1.00861 0.0143318 0 
-0.0209645 1.87349 0 
-0.0115331 1.85356 5.24049e-21 
-0.0103625 1.85399 -2.48617e-21 
1.18845 0.254385 -1.11677e-19 
1.1272 0.0899074 0 
0.0535295 3.07772 -4.91029e-19 
0.0685838 2.8508 -3.97807e-20 
0.147691 3.19768 7.72148e-19 
0.141753 3.22689 1.16219e-20 
0.139868 3.24299 0 
0.0222906 3.13869 1.04018e-19 
0.0811426 3.16237 4.78143e-19 
0.073751 3.1899 -2.01777e-19 
0.0258735 3.12863 0 
0.666876 0.327059 0 
0.612328 0.367469 0 
1.08841 0.671471 -2.72203e-19 
1.08535 0.812541 4.16035e-19 
1.14564 0.561882 0 
1.17649 0.504555 0 
1.01588 0.0130591 -4.07939e-19 
1.01436 0.013923 5.09463e-19 
1.02513 -0.0104711 0 
1.02321 -0.011896 0 
1.00672 0.00285101 0 
1.01026 0.00325023 0 
1.00503 0.00159757 0 
1.00974 0.00562941 0 
1.00836 0.00628171 0 
1.00439 0.00479405 0 
0.176182 1.18698 0 
0.0978083 1.01086 0 
0.220045 1.2672 0 
0.143127 1.2857 0 
0.165413 2.62204 0 
0.208289 2.64924 -1.94784e-19 
0.0771132 2.69447 0 
0.078209 2.68481 -3.41331e-20 
-0.16272 2.67861 1.68982e-19 
-0.174571 1.41641 0 
-0.148483 1.46679 0 
-0.220874 1.32908 0 
-0.178743 1.19094 0 
-0.405148 2.12356 1.31943e-19 
-0.161154 2.17425 -2.93335e-21 
-0.180003 2.37411 -5.65459e-20 
-0.114816 2.25975 0 
-0.097064 2.06699 -9.46791e-20 
-0.0643463 2.02198 -9.28438e-21 
-0.423691 2.10176 -1.26529e-19 
-0.26962 2.1183 3.82658e-21 
-0.271848 2.25595 7.42425e-20 
1.01565 0.0225691 4.02431e-19 
1.01277 0.00858257 -4.92221e-19 
1.00765 0.0215684 -4.22481e-19 
0.992084 0.0130186 5.36551e-19 
1.04831 0.0123429 0 
1.03501 -0.0071236 0 
1.07002 0.0393807 0 
1.05471 0.0203787 0 
1.05388 0.0140925 0 
1.11057 0.0783025 0 
1.08338 0.0479804 0 
1.08704 0.0382976 0 
-0.0192115 1.84121 -1.43714e-21 
-0.0301761 1.83139 0 
-0.0228985 1.83123 0 
-0.0368302 1.90112 9.50378e-21 
-0.0310612 1.90947 -2.01323e-22 
-0.0509324 1.81562 9.47848e-21 
-0.0395212 1.81008 -9.57904e-21 
-0.0444789 1.78597 0 
-0.0379 1.79661 0 
-0.0375729 1.79654 0 
-0.0482042 1.75403 0 
-0.0338203 1.71733 0 
0.383576 1.47288 8.85947e-19 
0.409014 1.48064 3.47906e-19 
0.580322 2.42601 -1.47791e-19 
0.397987 2.51324 4.18985e-19 
0.33936 2.08629 -4.04464e-20 
1.02072 -0.00840395 0 
1.01511 -0.00978479 0 
1.01494 -0.0158453 0 
1.00731 -0.00115371 0 
1.00467 -0.00158066 0 
1.00744 -0.00474947 0 
1.0096 -0.00403532 0 
1.01351 -0.00448785 0 
1.02238 0.016952 3.84735e-19 
1.01729 0.0160011 -4.94613e-19 
1.02373 0.0209568 -3.93353e-19 
1.01709 0.021737 4.92971e-19 
0.758401 1.31233 0 
0.688294 1.37173 6.4206e-19 
0.858754 1.20422 3.76231e-19 
0.899861 1.16085 -5.00353e-19 
1.14691 2.61509 -5.93178e-19 
0.835327 0.1104 2.73921e-19 
1.12659 0.0998264 0 
1.17267 0.179165 9.48821e-20 
1.15918 0.156717 4.13575e-21 
0.979567 0.122661 0 
0.148515 2.96756 1.03829e-19 
0.126011 2.87345 -6.32916e-19 
0.0389916 2.35475 4.62454e-19 
0.103908 0.103389 -1.92582e-19 
0.345015 3.43147 -4.56768e-19 
0.198944 3.32233 0 
0.240375 3.36716 5.94856e-19 
0.256057 3.04096 -6.80483e-19 
0.350398 3.20054 0 
0.00739405 3.12072 2.50361e-20 
0.0173341 3.12979 -3.23535e-19 
0.015775 3.12567 4.76199e-19 
0.0383102 3.14014 0 
0.037073 3.15176 0 
1.2134 2.61787 0 
0.506954 0.85332 -2.16825e-19 
1.01683 0.990388 -2.13845e-19 
0.952937 1.05341 0 
0.796675 0.950386 6.4262e-20 
1.03795 0.861094 3.07757e-20 
0.407856 0.463978 -5.19359e-19 
0.702963 0.336103 -2.23713e-20 
0.688514 0.27917 2.11035e-19 
0.621536 0.40189 1.70391e-20 
0.559349 0.392807 -7.03187e-19 
0.678469 0.358364 0 
0.714486 0.421583 3.40015e-19 
0.711813 0.419022 0 
0.649681 0.384791 0 
0.631498 0.328855 0 
0.759264 0.587333 1.14633e-19 
1.18732 0.270348 7.66737e-20 
1.1832 0.401759 0 
1.1951 0.357133 0 
0.764728 0.203967 3.19055e-19 
0.81594 0.514798 -1.71938e-19 
0.736885 0.490426 2.76872e-19 
0.912982 0.416065 -2.51631e-19 
1.01942 0.0144893 2.66398e-19 
1.01753 0.0138277 -2.74753e-19 
1.0146 0.015794 0 
1.03335 -0.011108 0 
1.02884 -0.00962936 -2.4414e-19 
1.02593 -0.0138822 2.41414e-19 
1.02678 0.00742006 0 
1.02502 0.0137967 0 
1.01146 0.00427425 0 
1.01427 0.00902906 0 
1.01532 0.00390587 0 
1.01372 0.00203165 0 
0.067867 1.00244 0 
-0.028062 0.969105 0 
0.321906 1.31085 4.72226e-19 
0.272816 1.4485 2.6862e-19 
0.199692 1.40644 6.01515e-19 
0.211631 1.40919 -9.46886e-19 
0.284852 1.38745 0 
0.294485 1.63823 3.01699e-19 
0.320273 1.65465 0 
0.335371 2.03495 5.87331e-20 
0.336985 2.3859 2.07806e-19 
0.306694 1.47062 -2.73979e-19 
0.26736 1.40915 2.02674e-19 
0.28446 1.37102 -1.63975e-19 
0.272962 1.35108 3.40097e-19 
0.211489 1.6039 0 
0.30101 1.61586 -2.13963e-19 
-0.151129 2.56403 2.22152e-19 
-0.125771 2.71758 0 
0.0470956 2.57483 -4.02094e-19 
-0.0452681 2.63901 0 
-0.00191049 2.75718 3.76184e-20 
-0.090186 2.73003 0 
-0.380264 1.61833 2.2199e-19 
-0.461205 1.73989 0 
-0.31321 1.42037 0 
-0.325131 1.43729 -2.50335e-19 
-0.221709 2.51784 -8.12941e-20 
-0.171666 2.66956 -2.15121e-19 
-0.171226 2.60115 -1.4647e-21 
-0.300752 1.94854 -4.72379e-21 
-0.370279 1.92625 -4.30035e-20 
-0.124956 1.53478 0 
-0.0861913 1.56551 0 
-0.362784 1.86689 -5.60875e-19 
-0.318166 1.45218 -5.36891e-19 
-0.376634 1.70513 6.76562e-19 
-0.131957 1.80506 0 
-0.0643287 1.86289 -3.08562e-20 
-0.0593194 1.89085 1.14187e-20 
-0.0710109 1.90352 -3.96912e-21 
-0.247004 1.88689 5.72785e-21 
-0.110368 1.96951 -5.97373e-21 
-0.133097 2.0104 4.61873e-20 
1.02061 0.0229696 -2.61864e-19 
1.01989 0.0207466 2.61553e-19 
1.0151 0.0188713 0 
1.00348 0.0474132 3.82931e-19 
0.993413 0.0340168 -4.51817e-19 
0.966029 0.0224619 5.25721e-19 
1.00396 0.0809536 -4.95534e-20 
1.0359 -0.0134599 0 
1.03749 -0.00478469 2.15735e-19 
1.02866 -0.0205916 -2.18287e-19 
1.0543 0.043488 -1.17356e-20 
1.054 0.0281685 1.05509e-19 
1.05166 0.0504654 0 
1.04333 0.0435685 -3.97189e-20 
1.03728 0.0273538 0 
1.03236 0.0211831 0 
1.03082 0.0103785 0 
1.02886 0.0150463 0 
1.04464 0.0262397 8.24913e-20 
1.04608 0.0194888 -1.87831e-19 
1.04672 0.0300685 -8.28034e-20 
1.0444 0.0295557 -9.67078e-20 
1.05134 0.0562074 1.7128e-19 
1.07529 0.050159 0 
1.07727 0.0935382 0 
-0.0570961 1.86111 -1.10103e-20 
-0.0349862 1.83463 -1.41888e-21 
-0.0436994 1.84115 0 
-0.0355352 1.86096 1.10268e-20 
-0.022922 1.8449 2.733e-21 
-0.0254189 1.85287 -2.36065e-21 
-0.05619 2.00116 3.17942e-21 
-0.0764155 1.92834 -1.53834e-21 
-0.088265 1.94669 7.43363e-21 
-0.0428496 1.94817 -6.81608e-21 
-0.0427949 1.96093 8.73917e-21 
-0.0645443 1.79814 1.77799e-22 
-0.0658681 1.81811 1.36699e-20 
0.393141 1.40409 -4.42675e-19 
0.350203 1.3906 -4.33741e-19 
0.643475 1.41656 -6.18133e-19 
0.520024 1.47683 -3.35315e-19 
0.557848 1.45326 0 
0.58381 2.39763 1.19848e-19 
0.652327 2.38352 2.19044e-19 
0.411759 2.48339 7.90004e-20 
0.408903 2.54914 -1.34026e-19 
0.516684 2.51493 2.56701e-19 
0.534897 2.43761 0 
0.48639 2.47466 -3.47369e-19 
0.276776 2.54881 5.84583e-19 
0.358789 2.52056 -7.50353e-20 
0.302847 2.61072 -9.13797e-19 
0.921756 2.37479 1.78737e-19 
0.824019 2.3659 0 
1.0107 0.000480517 8.94118e-21 
1.01595 -0.00553094 -7.45475e-21 
1.01745 -0.00413916 -1.32762e-19 
1.01514 -0.000354463 1.32801e-19 
1.01237 0.000953346 0 
0.625442 1.2558 0 
0.623302 1.17246 0 
0.729989 1.08103 0 
0.617645 1.12818 0 
1.17699 2.63192 5.71658e-20 
1.06107 2.36363 0 
0.835897 2.22886 -1.87639e-21 
0.834522 2.48397 0 
0.923244 2.56381 3.34313e-20 
0.956744 2.51609 -2.24226e-20 
0.842181 0.146118 0 
0.812396 0.152369 7.90133e-20 
0.927124 0.126733 3.96775e-19 
0.86632 0.117438 -1.61232e-19 
0.854399 0.0676745 -4.85037e-19 
1.03083 0.211608 -2.05728e-19 
0.953592 0.274886 -1.59546e-20 
0.896967 0.271808 3.6041e-19 
0.966254 0.197071 2.63239e-19 
0.933968 0.159055 -4.9486e-19 
0.909438 0.173654 6.44518e-20 
0.933851 0.23499 -1.24427e-19 
0.911057 0.193326 0 
0.969476 0.159494 2.35614e-19 
1.00653 0.162177 0 
1.00443 0.188136 0 
1.07072 0.108028 7.05506e-20 
1.03042 0.152376 -1.3076e-20 
1.02482 0.214804 -3.92679e-20 
1.06094 0.187454 0 
1.02178 0.0266839 1.99663e-19 
1.03805 0.0467227 2.34585e-19 
1.03603 0.0320779 -1.98126e-19 
1.03422 0.0506359 -1.57897e-19 
1.01428 0.0526266 -2.69533e-19 
0.975654 0.123566 0 
0.982846 0.0758093 0 
0.969444 0.0437132 -1.89818e-19 
0.936461 0.0577934 8.02084e-20 
1.02038 0.0811112 2.23398e-19 
1.03623 0.109795 -2.18716e-19 
1.03906 0.133288 2.00362e-19 
1.00297 0.123219 0 
1.04577 0.09675 0 
1.03282 0.0789585 -9.19411e-20 
1.031 0.0796593 -1.78094e-19 
0.561799 1.07429 -1.06836e-19 
0.609402 1.45052 2.07141e-19 
1.15148 2.76268 1.21724e-19 
1.22093 3.0987 -7.53365e-20 
1.24243 2.73449 5.98783e-19 
1.2758 2.71853 -3.56252e-19 
1.20135 2.35094 -7.85074e-21 
1.20647 3.00195 2.12337e-19 
1.22396 2.96659 -2.4279e-19 
1.21349 3.25202 -2.76334e-19 
1.37633 2.98248 3.82719e-19 
1.36964 2.89887 0 
0.511255 0.860469 -1.0601e-20 
0.161186 1.29214 3.59551e-19 
0.52521 0.538475 3.433e-19 
0.357533 0.308366 3.73099e-19 
0.565739 0.426018 3.93564e-19 
0.564162 0.491947 -6.25059e-19 
0.562023 0.514294 5.14159e-19 
0.526577 0.462867 -2.06223e-19 
0.48126 0.401638 4.73637e-19 
0.769348 0.263493 -1.78652e-19 
0.732164 0.301596 0 
0.719561 0.252381 1.00486e-20 
0.730073 0.508456 1.79506e-19 
0.704444 0.468818 -6.62171e-19 
0.629248 0.488375 1.93184e-20 
0.644901 0.459376 0 
0.632303 0.734774 1.36711e-19 
0.779482 0.753896 3.78278e-20 
0.709569 0.841196 -5.30722e-20 
0.82785 0.789786 -9.77348e-21 
0.866131 0.830349 1.6702e-20 
0.874844 0.833971 -1.71001e-20 
0.799269 0.620369 -1.96625e-19 
0.875284 0.680984 9.08468e-21 
0.936718 0.69512 0 
0.924598 0.669881 -5.24659e-21 
0.98015 0.311631 5.3017e-20 
1.09288 0.277756 -1.17272e-20 
1.0162 0.246264 8.39913e-20 
0.965305 0.347794 -1.25621e-19 
1.0154 0.404272 0 
1.05344 0.39209 0 
0.886133 0.355854 5.56842e-21 
0.819096 0.289449 0 
0.842263 0.274506 1.88785e-19 
0.877764 0.28124 -6.31569e-21 
0.906658 0.417917 6.85218e-19 
0.866138 0.469586 1.73674e-19 
0.874494 0.439241 -2.29002e-19 
0.806775 0.423235 2.45246e-19 
0.793634 0.420326 1.70282e-19 
0.762762 0.407056 -1.67557e-19 
1.02781 -0.00377496 2.12722e-19 
1.01971 -0.000956877 0 
1.01824 -4.55232e-05 1.41227e-19 
1.02231 -0.00136496 -3.1776e-19 
1.02145 0.00281324 1.53167e-19 
1.0209 0.0101147 -3.22243e-19 
1.02215 0.0095208 0 
1.0208 0.0105752 -6.80608e-20 
1.01645 0.00721067 1.70948e-19 
1.01693 0.0102451 -8.58731e-20 
1.01752 0.00940555 6.27808e-20 
-0.198813 1.18222 0 
-0.292734 1.36639 0 
-0.108568 1.0651 0 
-0.110453 1.02311 0 
0.186172 1.32053 -1.1762e-18 
0.242638 1.21299 3.96488e-19 
0.299074 1.63302 2.54727e-19 
0.308312 1.28719 -2.19833e-19 
-0.225373 1.47433 7.75277e-19 
-0.181843 1.4806 -5.82668e-19 
0.0659223 1.21896 3.84506e-20 
-0.00529747 1.19843 7.20603e-19 
-0.108068 1.18762 9.31101e-20 
-0.220449 1.28643 8.34734e-20 
0.128424 2.54511 4.34178e-19 
0.124746 2.5361 0 
0.246623 2.16537 -4.21084e-20 
0.257331 1.8031 -1.47637e-19 
0.277038 2.07225 2.6763e-20 
0.240613 2.4431 0 
0.283198 2.39927 -1.17158e-19 
0.323893 2.40424 8.32894e-20 
0.27344 2.01849 9.39458e-20 
0.222436 2.22738 1.65608e-20 
0.169344 2.36646 0 
-0.360293 2.25757 6.09435e-19 
-0.341292 2.43539 3.3475e-19 
-0.40626 2.29818 0 
-0.25286 2.57225 -6.50075e-21 
-0.231692 2.52606 -3.00231e-19 
-0.305537 1.5874 -1.37889e-20 
-0.213874 1.61976 2.12868e-19 
-0.220336 1.68058 -5.7561e-20 
-0.326688 1.6706 -7.57025e-20 
-0.369224 1.61852 0 
-0.192897 1.682 0 
-0.0674613 1.70358 6.87337e-22 
-0.111609 1.73045 6.31253e-22 
-0.14321 1.7011 0 
-0.0887799 1.62966 -2.08499e-21 
-0.0464187 1.64933 5.82567e-22 
1.03541 0.000563977 0 
1.04273 0.00195613 -2.04759e-20 
1.04774 0.0158355 -1.48715e-19 
1.04841 0.0160421 0 
1.0487 0.0158255 0 
1.04432 0.00443114 -6.77714e-21 
1.03804 0.00371209 2.48764e-19 
1.04022 0.0116531 2.99689e-19 
1.03014 0.017851 0 
1.02951 0.0174975 0 
1.04291 0.0198563 1.50055e-19 
1.03391 0.0171295 0 
1.03184 0.0165046 0 
-0.117747 1.86431 0 
-0.0852151 1.81549 1.87095e-21 
-0.0967737 1.85313 7.32475e-21 
-0.0867807 1.74199 0 
-0.10579 1.79837 2.37645e-21 
-0.0809002 1.78559 -5.24758e-21 
-0.0759364 1.77163 0 
0.389646 1.70477 0 
0.348182 1.31429 6.8895e-19 
0.278225 1.37262 0 
0.427622 1.27291 -8.86786e-19 
0.486282 1.43221 0 
0.4375 1.38439 4.17837e-19 
1.02594 2.70133 -3.44484e-21 
0.9475 2.40725 -2.25504e-19 
0.874935 2.14733 3.02783e-19 
0.846838 2.35971 1.23623e-19 
0.848832 2.52289 0 
0.908207 2.51282 0 
0.882126 2.3745 0 
0.917974 2.32869 -4.36293e-19 
0.691864 2.50559 9.19617e-21 
0.812682 2.4924 -6.95226e-21 
0.822811 2.46671 5.31189e-21 
0.683974 2.36406 0 
0.790067 2.36489 0 
0.74921 2.37332 -2.21918e-19 
0.775443 2.5112 0 
0.57766 1.08557 0 
0.474229 0.926815 3.09742e-20 
0.517612 0.957638 6.54926e-22 
0.500405 1.04949 0 
0.502111 1.00516 -4.38907e-20 
0.732466 0.867793 2.22263e-20 
0.756311 1.00146 0 
0.728454 0.959915 -7.74618e-20 
0.608606 1.02543 0 
0.615825 0.934274 0 
1.15666 2.77915 7.02012e-20 
1.1344 2.84479 1.33419e-19 
0.925885 2.37305 -3.00545e-19 
0.892796 2.34574 3.9813e-20 
1.11972 2.74791 0 
1.07175 2.71744 -4.78398e-20 
1.07606 2.48904 -6.2151e-20 
0.968506 2.22136 -2.93985e-20 
0.489265 1.36837 0 
0.491072 1.06782 9.41456e-20 
0.546398 1.14979 0 
0.858692 0.212661 0 
0.822502 0.170104 0 
0.779556 0.154686 0 
0.848502 0.218174 -2.96399e-19 
0.795611 0.214427 1.85853e-19 
0.941424 0.0521844 -1.65384e-19 
0.950815 0.101597 0 
0.924774 0.103641 7.49228e-20 
0.887769 0.0799314 3.0836e-19 
0.882439 0.0488854 -1.89223e-19 
1.16527 3.37717 -9.99498e-19 
1.2104 3.29704 0 
1.16617 3.40327 -1.96488e-18 
0.653246 3.56389 1.68741e-18 
0.880104 3.12902 4.03162e-19 
0.49518 0.880936 1.96139e-19 
0.429162 0.865086 0 
0.355927 0.563412 -7.93225e-20 
0.429279 0.701735 3.51701e-19 
0.528045 0.538088 -1.07435e-19 
0.512823 0.561402 1.2266e-19 
0.661472 0.533951 2.5669e-19 
0.685095 0.536811 0 
0.62396 0.635595 0 
0.586515 0.565293 0 
0.931986 0.579447 -5.88235e-20 
0.864922 0.517659 -1.6786e-19 
0.885929 0.549888 7.03562e-20 
0.923792 0.491322 -1.21374e-19 
1.01643 0.469568 0 
1.02952 0.554907 -5.97107e-22 
0.826771 0.383754 -3.7466e-19 
0.825614 0.368978 -4.33549e-19 
0.778736 0.380275 2.94841e-19 
0.772837 0.350415 -3.36426e-19 
0.819492 0.314476 -2.49766e-19 
0.779408 0.311929 3.06628e-19 
1.02679 0.00294967 -1.57437e-19 
1.02707 0.0023992 3.2013e-19 
1.0287 -0.00414766 2.01685e-19 
1.0315 -0.00605429 -2.42906e-19 
1.03623 -0.00153414 0 
1.03384 -9.97e-05 -3.9045e-19 
-0.0308033 1.93751 -1.46536e-19 
-0.0251752 1.80087 0 
0.221853 1.81704 -8.74842e-19 
0.240543 1.82654 7.6071e-19 
0.268906 1.6657 -4.79961e-19 
0.190098 1.67193 0 
-0.213868 1.87876 0 
-0.194059 1.75708 1.59732e-21 
-0.14624 1.7581 -1.44633e-21 
-0.126933 1.79639 5.92403e-21 
-0.1391 1.87316 -7.75856e-21 
-0.161074 1.87612 4.80741e-21 
0.497909 1.37769 4.63233e-19 
0.501967 1.38495 -4.97547e-19 
0.444004 1.27522 4.55878e-19 
0.431696 1.29065 -2.86043e-20 
0.613858 1.29697 0 
0.546749 1.36636 5.70088e-19 
0.557447 1.37261 -5.51277e-19 
0.457543 1.25755 -4.35571e-19 
0.502313 1.21811 0 
0.553475 1.18816 0 
0.651412 2.45945 -1.35634e-20 
0.672681 2.47765 4.92247e-19 
0.717196 2.49757 -3.37652e-19 
0.620464 2.48623 -1.16578e-19 
0.553962 2.57563 9.44533e-20 
0.514307 2.54794 -2.87256e-19 
0.960661 2.36268 -1.6328e-19 
1.00207 2.38809 0 
0.89315 2.1322 -2.23307e-19 
1.04059 2.69855 0 
1.03903 2.68322 0 
0.623672 2.29758 2.70527e-19 
1.04385 3.17892 5.06463e-19 
0.915987 3.04834 -4.59688e-19 
0.29435 0.976275 0 
0.347204 0.847871 -1.41033e-19 
0.492107 0.791806 -4.99784e-20 
0.412245 2.05113 0 
0.474225 2.79588 -2.80636e-19 
0.437497 2.5621 0 
0.645183 0.679044 -2.81904e-19 
0.717663 0.656522 3.57416e-19 
0.751367 0.602344 -3.48045e-19 
0.643251 0.640709 -4.2918e-20 
0.70904 0.584805 -1.75102e-19 
1.00363 2.78673 -3.84999e-19 
1.03517 2.84333 3.14407e-19 
0.654127 2.20173 2.43409e-21 
0.601715 1.73985 -3.55146e-20 
0.698985 1.93333 1.44963e-19 
0.986793 2.46969 -6.51975e-20 
0.988239 2.4727 -1.90514e-19 
0.675792 1.88741 -7.33057e-21 
0.451617 1.35144 -9.50752e-20 
))
(300 (2 10 3 0 0 919 1018)(
0 0 0 
0 0 0 
0 0 0 
0 0 0 
0 0 0 
0 0 0 
0 0 0 
0 0 0 
0 0 0 
0 0 0 
0 0 0 
0 0 0 
0 0 0 
0 0 0 
0 0 0 
0 0 0 
0 0 0 
0 0 0 
0 0 0 
0 0 0 
0 0 0 
0 0 0 
0 0 0 
0 0 0 
0 0 0 
0 0 0 
0 0 0 
0 0 0 
0 0 0 
0 0 0 
0 0 0 
0 0 0 
0 0 0 
0 0 0 
0 0 0 
0 0 0 
0 0 0 
0 0 0 
0 0 0 
0 0 0 
0 0 0 
0 0 0 
0 0 0 
0 0 0 
0 0 0 
0 0 0 
0 0 0 
0 0 0 
0 0 0 
0 0 0 
0 0 0 
0 0 0 
0 0 0 
0 0 0 
0 0 0 
0 0 0 
0 0 0 
0 0 0 
0 0 0 
0 0 0 
0 0 0 
0 0 0 
0 0 0 
0 0 0 
0 0 0 
0 0 0 
0 0 0 
0 0 0 
0 0 0 
0 0 0 
0 0 0 
0 0 0 
0 0 0 
0 0 0 
0 0 0 
0 0 0 
0 0 0 
0 0 0 
0 0 0 
0 0 0 
0 0 0 
0 0 0 
0 0 0 
0 0 0 
0 0 0 
0 0 0 
0 0 0 
0 0 0 
0 0 0 
0 0 0 
0 0 0 
0 0 0 
0 0 0 
0 0 0 
0 0 0 
0 0 0 
0 0 0 
0 0 0 
0 0 0 
0 0 0 
))
(300 (2 11 3 0 0 1019 1026)(
1 0 0 
1 0 0 
1 0 0 
1 0 0 
1 0 0 
1 0 0 
1 0 0 
1 0 0 
))
(300 (2 12 3 0 0 1027 1030)(
0 3 0 
0 3 0 
0 3 0 
0 3 0 
))
(300 (2 13 3 0 0 1031 1038)(
-0.0145417 1.58428 0 
-0.00371395 1.56262 6.19413e-21 
-0.0306541 1.7365 0 
-0.00572954 1.8427 0 
-0.0206336 1.81904 0 
-0.0217477 1.81124 0 
-0.0242373 1.80597 0 
-0.0155276 1.82637 0 
))
(300 (2 14 3 0 0 1039 1072)(
0 0 0 
0 0 0 
0 0 0 
0 0 0 
0 0 0 
0 0 0 
0 0 0 
0 0 0 
0 0 0 
0 0 0 
0 0 0 
0 0 0 
0 0 0 
0 0 0 
0 0 0 
0 0 0 
0 0 0 
0 0 0 
0 0 0 
0 0 0 
0 0 0 
0 0 0 
0 0 0 
0 0 0 
0 0 0 
0 0 0 
0 0 0 
0 0 0 
0 0 0 
0 0 0 
0 0 0 
0 0 0 
0 0 0 
0 0 0 
))
(300 (2 15 3 0 0 1073 1072)(
))
