(0 "FOAM to Fluent data File")

(33 (918 3444 1074))
(300 (1 1 1 0 0 1 918)(
0.559465
1.19666
0.00144347
0.558865
-0.0114189
1.16365
-0.502446
0.692497
0.539642
-0.100232
-0.0335269
0.537457
1.02438
0.788719
-1.12155
-0.00315442
0.656171
-0.380578
0.538716
-0.0454057
0.719816
0.546201
0.549229
0.539811
0.606297
0.764786
0.905211
0.0209255
0.00777971
0.00407366
-0.0109227
-0.0372913
-0.0311837
1.0473
1.09837
1.12106
0.507621
0.335742
-0.368489
-0.437626
-0.430926
-0.544111
0.687617
0.686164
-0.19615
0.695252
0.699327
0.526735
0.539009
0.539914
0.540961
0.539931
0.541318
0.410856
-0.103526
-0.136063
-0.080167
-0.0714483
0.0643987
-0.0348179
-0.0375796
-0.0316387
-0.0317118
0.457304
0.532324
0.529325
0.542732
0.552355
1.1362
1.10814
1.13427
1.04791
1.06441
1.00239
0.974948
0.810574
0.832449
0.772562
0.759684
-1.55585
-2.51176
-0.529307
-0.27759
-0.0103384
-0.000489008
0.00588625
0.651743
0.651965
0.65677
0.662014
1.08472
-0.379387
-0.476594
0.538853
0.537656
0.546004
0.546702
0.542719
0.54181
-0.035658
-0.0327006
-0.0425228
-0.0438711
-0.0426028
0.708905
0.708024
0.540345
0.537355
0.559184
0.580245
0.572532
0.283304
0.610906
0.624885
0.594096
0.756246
0.7506
0.759424
0.878857
0.841663
0.942345
0.965709
0.0167665
0.0007486
-0.00958595
-0.0172625
-0.0147249
0.503489
0.496098
0.523042
0.511022
0.513503
0.251748
0.117378
0.421347
0.44664
-0.285507
-0.348107
-0.426133
-0.455389
-0.566456
0.613364
0.679703
0.676766
-0.21009
-0.136973
-0.268347
-0.0634417
-0.124893
0.517055
0.524026
0.519046
0.534542
0.529021
0.530979
0.543264
0.54034
0.541897
0.473322
0.597102
0.337204
0.302486
-0.241685
-0.153583
-0.242606
-0.0592829
-0.0549964
0.0780547
0.103332
0.0516141
0.0398557
-0.048124
-0.0411441
-0.0442972
-0.0299882
-0.0297208
0.45016
0.439107
0.469903
0.477387
0.521487
0.522788
0.526537
0.524809
0.925847
0.948273
0.955664
0.929405
-3.50624
-6.29692
0.0488901
0.186174
-0.00538333
-0.00832116
0.00240624
-0.0042456
0.00131738
-0.00138702
0.00405001
0.00213146
0.00595878
0.00836455
0.644634
0.645107
1.00494
1.00895
0.983178
0.935041
0.527013
0.529102
0.534625
0.530495
-0.0294091
-0.0303806
-0.0287782
0.701332
0.706021
0.704478
0.245404
0.15686
0.33372
0.362415
0.63781
0.626715
0.636519
0.655337
0.690171
0.973176
0.991297
0.989593
0.997831
1.04188
1.05829
1.0236
0.483143
0.493013
0.488021
0.526194
0.523938
0.524856
0.520547
0.52193
0.519822
-0.0338428
-0.415596
0.495744
0.513817
0.496323
0.500823
0.692859
0.770292
0.663169
0.671069
0.668673
0.00494047
-0.0532029
0.258584
0.225257
0.390359
0.426411
0.405556
0.897057
0.857253
0.907372
0.880879
0.84221
0.868559
-0.367282
-1.87244
-0.988512
0.536968
0.350958
0.438384
0.0218174
0.00471129
0.00957775
1.00237
1.07736
0.652881
0.825411
0.829882
0.727836
0.758108
0.814849
0.738098
0.774457
0.811077
0.792032
0.570125
0.5091
0.523379
0.839357
0.895073
0.127967
0.0685423
0.0243892
0.121772
0.178403
0.152804
1.03862
0.949626
1.02045
0.537111
0.537822
-0.000759591
-0.0128392
0.542025
0.542075
-0.00873967
0.00292035
0.421416
-0.830376
0.110278
0.530569
0.520599
0.537657
-0.0835482
0.363459
-0.0353743
0.0590902
0.00371796
0.534661
0.46825
0.427896
0.00641299
-0.0124004
-0.0387013
-0.211829
0.534781
0.533088
0.537124
0.538081
0.538753
-0.012026
-0.00826323
-0.0059833
-0.0366363
-0.0325464
-0.0428757
0.501806
0.520334
-0.164746
0.537263
0.539392
0.539212
0.532444
0.538085
0.53633
-0.00308643
-0.0101972
-0.0116835
0.227192
0.355925
0.662783
0.751399
0.634199
0.408753
0.172349
0.565077
0.628873
0.533945
0.688171
0.676099
0.690956
0.175524
0.0254849
0.184654
0.126058
0.528427
0.527119
0.518856
0.515861
0.532518
0.530622
0.535188
0.53219
0.535141
0.536533
-0.0413712
-0.0650259
-0.0789305
-0.146143
0.3183
0.58001
0.260463
0.290988
0.151437
-0.0291551
-0.0292467
-0.0342235
-0.0413076
0.013204
-0.0110586
0.0541968
0.0549623
0.0276442
0.000645617
0.00529308
-0.00576149
-0.0025541
0.527692
0.526095
0.532476
0.541741
0.477798
0.481561
0.446824
0.467312
0.452703
0.392115
0.427157
0.402375
0.00045893
0.010695
0.00254741
-0.00855258
-0.00463328
-0.0228296
-0.0207703
-0.0164439
-0.0128523
-0.0200761
-0.0332861
-0.0313039
-0.170251
-0.285754
0.991507
0.917219
0.134645
0.523951
0.530388
0.527162
0.532036
0.535163
0.535981
0.533706
0.530261
0.52073
0.522312
0.519049
0.519836
-0.097019
-0.23793
-0.0659543
-0.138136
0.146434
0.629256
0.367853
0.304783
0.299687
0.526693
0.928064
0.714964
0.690867
0.704721
-0.338822
0.0537443
-0.273757
0.344286
0.168348
0.662868
0.711749
0.732341
0.680666
0.633708
-0.102674
0.558146
-0.0630808
-0.0129635
0.186859
0.0671542
0.688415
0.660612
0.663828
0.680893
0.697675
0.666721
0.650402
0.645083
0.677262
0.68059
0.495465
0.258418
0.210291
0.171687
0.646508
0.531554
0.585372
0.501091
0.523552
0.526205
0.524825
0.5066
0.514129
0.509698
0.516059
0.519482
0.52823
0.528663
0.523986
0.526133
-0.0458129
-0.0491127
-0.0232887
-0.133019
-0.124135
-0.185879
-0.0588595
0.079352
0.0411434
0.238947
0.344706
0.0562124
-0.0554185
-0.0278706
0.0118573
0.1829
0.208855
0.0825523
0.171105
0.159564
0.142949
0.244498
0.249128
-0.0148
-0.0191465
-0.0224153
-0.0241177
0.0302997
0.100048
0.109953
0.00818536
0.00224971
-0.0273034
-0.0271584
-0.0128707
-0.0171028
-0.0134163
0.020626
-0.041233
-0.0093165
0.00612116
0.0111987
0.00814143
0.002928
0.519968
0.522302
0.521913
0.529029
0.547531
0.563549
0.519984
0.499813
0.490684
0.493677
0.466838
0.477067
0.472748
0.486435
0.507509
0.516872
0.514208
0.516969
0.499656
0.501325
0.487847
0.491554
0.466622
0.447805
0.435973
-0.0317891
0.00618313
-0.00117735
-0.029152
-0.000146515
-0.0126721
0.00116226
0.0206699
0.00443968
0.00144832
-0.0090052
-0.0150692
-0.0142448
-0.0716037
0.0137424
-0.179881
-0.217714
-0.287962
0.893118
1.01693
0.814741
0.588025
0.605852
0.848885
0.934212
0.549982
0.739866
0.763824
0.58844
0.854003
0.528771
0.528377
0.52598
0.525456
0.526676
-0.00418977
0.0999085
0.101185
0.162075
0.278431
0.391024
0.318863
0.193581
0.324622
0.327693
0.621637
0.634226
0.589773
0.613775
0.614066
0.430376
0.506269
0.558544
0.515716
0.567756
0.588649
0.544432
0.576666
0.52691
0.481476
0.477556
0.428301
0.447982
0.424565
0.407328
0.518801
0.496044
0.506622
0.496869
0.51633
0.540902
0.537287
0.568996
0.580128
0.500356
0.456518
0.465754
0.496157
0.457022
0.471988
0.488165
0.233346
0.134571
0.2171
-0.0710973
0.00362935
-0.0104092
-0.058188
-0.00896015
0.276139
-0.417789
-0.393696
-1.02319
0.502795
0.960577
0.635634
0.60865
0.694579
0.676544
0.681364
0.698251
0.702399
0.636489
0.65204
0.65432
0.61722
0.640342
0.660104
0.657271
0.528152
0.392273
0.388943
0.339841
0.210044
0.24837
0.448489
0.370985
0.295799
0.296816
0.463756
0.351026
0.419944
0.455721
0.386885
0.340856
0.544457
0.609587
0.601577
0.575879
0.491743
0.505298
0.529358
0.564394
0.590279
0.621297
0.51559
0.521462
0.522705
0.520197
0.517454
0.520463
0.520666
0.523203
0.523906
0.526876
0.525905
-0.0361314
-0.0239348
-0.0368726
-0.0449901
-0.0130795
-0.0168071
0.0265777
0.0128969
-0.00270154
0.00333492
-0.0229743
-0.0273102
-0.0223325
-0.013224
0.105173
0.117703
0.101273
0.0617961
0.252417
0.382891
0.45621
0.332052
0.224846
0.248394
0.269313
-0.00350034
0.0243222
0.0112757
0.0499324
0.0412095
-0.0210416
-0.0256729
-0.0230177
-0.0162202
-0.00690756
-0.0227704
-0.0248413
-0.0171228
-0.0209528
-0.0223689
-0.024968
0.502046
0.495568
0.497264
0.491135
0.489858
0.504089
0.508305
0.510274
0.515705
0.517962
0.508132
0.513836
0.517599
0.00217673
-0.0216439
-0.0251195
-0.0133213
-0.0169887
-0.0158566
-0.0181801
0.123868
0.0522531
0.0568054
0.010669
-0.119596
-0.062018
0.492208
0.49207
0.483946
0.721654
0.571167
0.49179
0.589202
0.694435
0.27557
0.473816
0.307765
0.889821
0.785129
0.931553
0.543584
0.245402
0.405452
0.452614
0.263388
0.33663
0.33019
0.218045
0.24949
0.285121
0.385792
0.266692
0.242774
0.000350894
0.189909
0.303202
0.284849
0.410938
0.472771
0.265901
0.187019
0.141122
0.607899
0.626924
0.642237
0.614611
0.6355
0.579265
0.568294
0.586531
0.596155
0.591023
-0.750818
-0.457472
-1.40332
-0.722484
-0.269394
0.53348
0.501172
0.76909
0.6513
0.699527
0.684563
0.643128
0.611103
0.630975
0.657329
0.352867
0.464235
0.439336
0.444417
0.345876
0.277205
0.57672
0.571536
0.60573
0.629369
0.599502
0.630261
0.513398
0.513084
0.512616
0.5089
0.507161
0.509474
0.0654247
0.0344512
0.0699205
0.0505352
0.027723
0.0162258
0.0058072
-0.00366171
-0.0105809
-0.0114291
0.00206033
0.00557685
0.170587
0.109687
0.0297254
0.0595586
-0.000353696
-0.0692984
-0.0868747
0.0151601
0.110349
0.100968
0.405807
0.656678
0.476602
0.643952
0.485463
0.54129
0.472983
0.464697
0.490981
0.381716
0.461606
0.241533
-0.265311
-0.174091
0.790016
0.803818
0.584728
0.405173
0.173803
0.355921
0.548859
0.481537
0.518419
0.587424
0.576359
0.0229153
0.0843867
0.360541
0.587954
0.239763
0.230699
0.224809
0.404984
0.325529
))
(300 (1 10 1 0 0 919 1018)(
0.559465
1.19666
0.00144347
0.558865
1.16365
-0.502446
0.692497
-0.100232
-0.0335269
0.537457
1.02438
0.788719
-1.12155
0.656171
-0.380578
0.538716
-0.0454057
0.719816
0.539811
0.606297
0.764786
0.905211
0.0209255
1.0473
0.507621
-0.437626
-0.544111
0.686164
-0.19615
0.699327
0.526735
-0.136063
-0.0714483
-0.0375796
-0.0317118
0.457304
0.529325
0.552355
1.06441
0.974948
0.832449
0.759684
-2.51176
-0.27759
0.651965
0.662014
-0.476594
0.537656
0.54181
-0.0327006
-0.0426028
0.708024
0.537355
0.572532
0.283304
0.624885
0.594096
0.759424
0.841663
0.965709
0.496098
0.523042
0.513503
-0.348107
-0.566456
0.676766
-0.268347
-0.124893
0.519046
0.530979
-0.242606
-0.0549964
-0.0442972
-0.0297208
0.439107
0.477387
0.521487
0.524809
0.929405
0.186174
0.645107
0.527013
0.530495
-0.0287782
0.704478
0.15686
0.362415
0.636519
0.690171
0.997831
0.488021
0.524856
0.519822
0.668673
-0.0532029
0.405556
0.880879
0.438384
0.774457
0.0243892
))
(300 (1 11 1 0 0 919 926)(
0.559465
0.558865
0.539642
0.546201
0.539914
0.541318
0.546004
0.541897
))
(300 (1 12 1 0 0 919 922)(
1.19666
1.16365
1.12106
1.13427
))
(300 (1 13 1 0 0 919 926)(
0
0
0
0
0
0
0
0
))
(300 (1 14 1 0 0 919 952)(
-0.0114189
-0.00315442
-0.0311837
0.335742
0.410856
0.0643987
0.00588625
1.08472
-0.0147249
0.117378
0.44664
0.613364
0.597102
0.302486
0.103332
0.0398557
-6.29692
0.00405001
0.00836455
1.00895
0.935041
-0.415596
0.495744
0.500823
0.770292
0.225257
-0.988512
0.00957775
1.07736
0.829882
0.523379
0.895073
0.152804
1.02045
))
(300 (1 15 1 0 0 919 2754)(
0.559465
0.559465
1.19666
1.19666
0.00144347
0.00144347
0.558865
0.558865
-0.0114189
-0.0114189
1.16365
1.16365
-0.502446
-0.502446
0.692497
0.692497
0.539642
0.539642
-0.100232
-0.100232
-0.0335269
-0.0335269
0.537457
0.537457
1.02438
1.02438
0.788719
0.788719
-1.12155
-1.12155
-0.00315442
-0.00315442
0.656171
0.656171
-0.380578
-0.380578
0.538716
0.538716
-0.0454057
-0.0454057
0.719816
0.719816
0.546201
0.546201
0.549229
0.549229
0.539811
0.539811
0.606297
0.606297
0.764786
0.764786
0.905211
0.905211
0.0209255
0.0209255
0.00777971
0.00777971
0.00407366
0.00407366
-0.0109227
-0.0109227
-0.0372913
-0.0372913
-0.0311837
-0.0311837
1.0473
1.0473
1.09837
1.09837
1.12106
1.12106
0.507621
0.507621
0.335742
0.335742
-0.368489
-0.368489
-0.437626
-0.437626
-0.430926
-0.430926
-0.544111
-0.544111
0.687617
0.687617
0.686164
0.686164
-0.19615
-0.19615
0.695252
0.695252
0.699327
0.699327
0.526735
0.526735
0.539009
0.539009
0.539914
0.539914
0.540961
0.540961
0.539931
0.539931
0.541318
0.541318
0.410856
0.410856
-0.103526
-0.103526
-0.136063
-0.136063
-0.080167
-0.080167
-0.0714483
-0.0714483
0.0643987
0.0643987
-0.0348179
-0.0348179
-0.0375796
-0.0375796
-0.0316387
-0.0316387
-0.0317118
-0.0317118
0.457304
0.457304
0.532324
0.532324
0.529325
0.529325
0.542732
0.542732
0.552355
0.552355
1.1362
1.1362
1.10814
1.10814
1.13427
1.13427
1.04791
1.04791
1.06441
1.06441
1.00239
1.00239
0.974948
0.974948
0.810574
0.810574
0.832449
0.832449
0.772562
0.772562
0.759684
0.759684
-1.55585
-1.55585
-2.51176
-2.51176
-0.529307
-0.529307
-0.27759
-0.27759
-0.0103384
-0.0103384
-0.000489008
-0.000489008
0.00588625
0.00588625
0.651743
0.651743
0.651965
0.651965
0.65677
0.65677
0.662014
0.662014
1.08472
1.08472
-0.379387
-0.379387
-0.476594
-0.476594
0.538853
0.538853
0.537656
0.537656
0.546004
0.546004
0.546702
0.546702
0.542719
0.542719
0.54181
0.54181
-0.035658
-0.035658
-0.0327006
-0.0327006
-0.0425228
-0.0425228
-0.0438711
-0.0438711
-0.0426028
-0.0426028
0.708905
0.708905
0.708024
0.708024
0.540345
0.540345
0.537355
0.537355
0.559184
0.559184
0.580245
0.580245
0.572532
0.572532
0.283304
0.283304
0.610906
0.610906
0.624885
0.624885
0.594096
0.594096
0.756246
0.756246
0.7506
0.7506
0.759424
0.759424
0.878857
0.878857
0.841663
0.841663
0.942345
0.942345
0.965709
0.965709
0.0167665
0.0167665
0.0007486
0.0007486
-0.00958595
-0.00958595
-0.0172625
-0.0172625
-0.0147249
-0.0147249
0.503489
0.503489
0.496098
0.496098
0.523042
0.523042
0.511022
0.511022
0.513503
0.513503
0.251748
0.251748
0.117378
0.117378
0.421347
0.421347
0.44664
0.44664
-0.285507
-0.285507
-0.348107
-0.348107
-0.426133
-0.426133
-0.455389
-0.455389
-0.566456
-0.566456
0.613364
0.613364
0.679703
0.679703
0.676766
0.676766
-0.21009
-0.21009
-0.136973
-0.136973
-0.268347
-0.268347
-0.0634417
-0.0634417
-0.124893
-0.124893
0.517055
0.517055
0.524026
0.524026
0.519046
0.519046
0.534542
0.534542
0.529021
0.529021
0.530979
0.530979
0.543264
0.543264
0.54034
0.54034
0.541897
0.541897
0.473322
0.473322
0.597102
0.597102
0.337204
0.337204
0.302486
0.302486
-0.241685
-0.241685
-0.153583
-0.153583
-0.242606
-0.242606
-0.0592829
-0.0592829
-0.0549964
-0.0549964
0.0780547
0.0780547
0.103332
0.103332
0.0516141
0.0516141
0.0398557
0.0398557
-0.048124
-0.048124
-0.0411441
-0.0411441
-0.0442972
-0.0442972
-0.0299882
-0.0299882
-0.0297208
-0.0297208
0.45016
0.45016
0.439107
0.439107
0.469903
0.469903
0.477387
0.477387
0.521487
0.521487
0.522788
0.522788
0.526537
0.526537
0.524809
0.524809
0.925847
0.925847
0.948273
0.948273
0.955664
0.955664
0.929405
0.929405
-3.50624
-3.50624
-6.29692
-6.29692
0.0488901
0.0488901
0.186174
0.186174
-0.00538333
-0.00538333
-0.00832116
-0.00832116
0.00240624
0.00240624
-0.0042456
-0.0042456
0.00131738
0.00131738
-0.00138702
-0.00138702
0.00405001
0.00405001
0.00213146
0.00213146
0.00595878
0.00595878
0.00836455
0.00836455
0.644634
0.644634
0.645107
0.645107
1.00494
1.00494
1.00895
1.00895
0.983178
0.983178
0.935041
0.935041
0.527013
0.527013
0.529102
0.529102
0.534625
0.534625
0.530495
0.530495
-0.0294091
-0.0294091
-0.0303806
-0.0303806
-0.0287782
-0.0287782
0.701332
0.701332
0.706021
0.706021
0.704478
0.704478
0.245404
0.245404
0.15686
0.15686
0.33372
0.33372
0.362415
0.362415
0.63781
0.63781
0.626715
0.626715
0.636519
0.636519
0.655337
0.655337
0.690171
0.690171
0.973176
0.973176
0.991297
0.991297
0.989593
0.989593
0.997831
0.997831
1.04188
1.04188
1.05829
1.05829
1.0236
1.0236
0.483143
0.483143
0.493013
0.493013
0.488021
0.488021
0.526194
0.526194
0.523938
0.523938
0.524856
0.524856
0.520547
0.520547
0.52193
0.52193
0.519822
0.519822
-0.0338428
-0.0338428
-0.415596
-0.415596
0.495744
0.495744
0.513817
0.513817
0.496323
0.496323
0.500823
0.500823
0.692859
0.692859
0.770292
0.770292
0.663169
0.663169
0.671069
0.671069
0.668673
0.668673
0.00494047
0.00494047
-0.0532029
-0.0532029
0.258584
0.258584
0.225257
0.225257
0.390359
0.390359
0.426411
0.426411
0.405556
0.405556
0.897057
0.897057
0.857253
0.857253
0.907372
0.907372
0.880879
0.880879
0.84221
0.84221
0.868559
0.868559
-0.367282
-0.367282
-1.87244
-1.87244
-0.988512
-0.988512
0.536968
0.536968
0.350958
0.350958
0.438384
0.438384
0.0218174
0.0218174
0.00471129
0.00471129
0.00957775
0.00957775
1.00237
1.00237
1.07736
1.07736
0.652881
0.652881
0.825411
0.825411
0.829882
0.829882
0.727836
0.727836
0.758108
0.758108
0.814849
0.814849
0.738098
0.738098
0.774457
0.774457
0.811077
0.811077
0.792032
0.792032
0.570125
0.570125
0.5091
0.5091
0.523379
0.523379
0.839357
0.839357
0.895073
0.895073
0.127967
0.127967
0.0685423
0.0685423
0.0243892
0.0243892
0.121772
0.121772
0.178403
0.178403
0.152804
0.152804
1.03862
1.03862
0.949626
0.949626
1.02045
1.02045
0.537111
0.537111
0.537822
0.537822
-0.000759591
-0.000759591
-0.0128392
-0.0128392
0.542025
0.542025
0.542075
0.542075
-0.00873967
-0.00873967
0.00292035
0.00292035
0.421416
0.421416
-0.830376
-0.830376
0.110278
0.110278
0.530569
0.530569
0.520599
0.520599
0.537657
0.537657
-0.0835482
-0.0835482
0.363459
0.363459
-0.0353743
-0.0353743
0.0590902
0.0590902
0.00371796
0.00371796
0.534661
0.534661
0.46825
0.46825
0.427896
0.427896
0.00641299
0.00641299
-0.0124004
-0.0124004
-0.0387013
-0.0387013
-0.211829
-0.211829
0.534781
0.534781
0.533088
0.533088
0.537124
0.537124
0.538081
0.538081
0.538753
0.538753
-0.012026
-0.012026
-0.00826323
-0.00826323
-0.0059833
-0.0059833
-0.0366363
-0.0366363
-0.0325464
-0.0325464
-0.0428757
-0.0428757
0.501806
0.501806
0.520334
0.520334
-0.164746
-0.164746
0.537263
0.537263
0.539392
0.539392
0.539212
0.539212
0.532444
0.532444
0.538085
0.538085
0.53633
0.53633
-0.00308643
-0.00308643
-0.0101972
-0.0101972
-0.0116835
-0.0116835
0.227192
0.227192
0.355925
0.355925
0.662783
0.662783
0.751399
0.751399
0.634199
0.634199
0.408753
0.408753
0.172349
0.172349
0.565077
0.565077
0.628873
0.628873
0.533945
0.533945
0.688171
0.688171
0.676099
0.676099
0.690956
0.690956
0.175524
0.175524
0.0254849
0.0254849
0.184654
0.184654
0.126058
0.126058
0.528427
0.528427
0.527119
0.527119
0.518856
0.518856
0.515861
0.515861
0.532518
0.532518
0.530622
0.530622
0.535188
0.535188
0.53219
0.53219
0.535141
0.535141
0.536533
0.536533
-0.0413712
-0.0413712
-0.0650259
-0.0650259
-0.0789305
-0.0789305
-0.146143
-0.146143
0.3183
0.3183
0.58001
0.58001
0.260463
0.260463
0.290988
0.290988
0.151437
0.151437
-0.0291551
-0.0291551
-0.0292467
-0.0292467
-0.0342235
-0.0342235
-0.0413076
-0.0413076
0.013204
0.013204
-0.0110586
-0.0110586
0.0541968
0.0541968
0.0549623
0.0549623
0.0276442
0.0276442
0.000645617
0.000645617
0.00529308
0.00529308
-0.00576149
-0.00576149
-0.0025541
-0.0025541
0.527692
0.527692
0.526095
0.526095
0.532476
0.532476
0.541741
0.541741
0.477798
0.477798
0.481561
0.481561
0.446824
0.446824
0.467312
0.467312
0.452703
0.452703
0.392115
0.392115
0.427157
0.427157
0.402375
0.402375
0.00045893
0.00045893
0.010695
0.010695
0.00254741
0.00254741
-0.00855258
-0.00855258
-0.00463328
-0.00463328
-0.0228296
-0.0228296
-0.0207703
-0.0207703
-0.0164439
-0.0164439
-0.0128523
-0.0128523
-0.0200761
-0.0200761
-0.0332861
-0.0332861
-0.0313039
-0.0313039
-0.170251
-0.170251
-0.285754
-0.285754
0.991507
0.991507
0.917219
0.917219
0.134645
0.134645
0.523951
0.523951
0.530388
0.530388
0.527162
0.527162
0.532036
0.532036
0.535163
0.535163
0.535981
0.535981
0.533706
0.533706
0.530261
0.530261
0.52073
0.52073
0.522312
0.522312
0.519049
0.519049
0.519836
0.519836
-0.097019
-0.097019
-0.23793
-0.23793
-0.0659543
-0.0659543
-0.138136
-0.138136
0.146434
0.146434
0.629256
0.629256
0.367853
0.367853
0.304783
0.304783
0.299687
0.299687
0.526693
0.526693
0.928064
0.928064
0.714964
0.714964
0.690867
0.690867
0.704721
0.704721
-0.338822
-0.338822
0.0537443
0.0537443
-0.273757
-0.273757
0.344286
0.344286
0.168348
0.168348
0.662868
0.662868
0.711749
0.711749
0.732341
0.732341
0.680666
0.680666
0.633708
0.633708
-0.102674
-0.102674
0.558146
0.558146
-0.0630808
-0.0630808
-0.0129635
-0.0129635
0.186859
0.186859
0.0671542
0.0671542
0.688415
0.688415
0.660612
0.660612
0.663828
0.663828
0.680893
0.680893
0.697675
0.697675
0.666721
0.666721
0.650402
0.650402
0.645083
0.645083
0.677262
0.677262
0.68059
0.68059
0.495465
0.495465
0.258418
0.258418
0.210291
0.210291
0.171687
0.171687
0.646508
0.646508
0.531554
0.531554
0.585372
0.585372
0.501091
0.501091
0.523552
0.523552
0.526205
0.526205
0.524825
0.524825
0.5066
0.5066
0.514129
0.514129
0.509698
0.509698
0.516059
0.516059
0.519482
0.519482
0.52823
0.52823
0.528663
0.528663
0.523986
0.523986
0.526133
0.526133
-0.0458129
-0.0458129
-0.0491127
-0.0491127
-0.0232887
-0.0232887
-0.133019
-0.133019
-0.124135
-0.124135
-0.185879
-0.185879
-0.0588595
-0.0588595
0.079352
0.079352
0.0411434
0.0411434
0.238947
0.238947
0.344706
0.344706
0.0562124
0.0562124
-0.0554185
-0.0554185
-0.0278706
-0.0278706
0.0118573
0.0118573
0.1829
0.1829
0.208855
0.208855
0.0825523
0.0825523
0.171105
0.171105
0.159564
0.159564
0.142949
0.142949
0.244498
0.244498
0.249128
0.249128
-0.0148
-0.0148
-0.0191465
-0.0191465
-0.0224153
-0.0224153
-0.0241177
-0.0241177
0.0302997
0.0302997
0.100048
0.100048
0.109953
0.109953
0.00818536
0.00818536
0.00224971
0.00224971
-0.0273034
-0.0273034
-0.0271584
-0.0271584
-0.0128707
-0.0128707
-0.0171028
-0.0171028
-0.0134163
-0.0134163
0.020626
0.020626
-0.041233
-0.041233
-0.0093165
-0.0093165
0.00612116
0.00612116
0.0111987
0.0111987
0.00814143
0.00814143
0.002928
0.002928
0.519968
0.519968
0.522302
0.522302
0.521913
0.521913
0.529029
0.529029
0.547531
0.547531
0.563549
0.563549
0.519984
0.519984
0.499813
0.499813
0.490684
0.490684
0.493677
0.493677
0.466838
0.466838
0.477067
0.477067
0.472748
0.472748
0.486435
0.486435
0.507509
0.507509
0.516872
0.516872
0.514208
0.514208
0.516969
0.516969
0.499656
0.499656
0.501325
0.501325
0.487847
0.487847
0.491554
0.491554
0.466622
0.466622
0.447805
0.447805
0.435973
0.435973
-0.0317891
-0.0317891
0.00618313
0.00618313
-0.00117735
-0.00117735
-0.029152
-0.029152
-0.000146515
-0.000146515
-0.0126721
-0.0126721
0.00116226
0.00116226
0.0206699
0.0206699
0.00443968
0.00443968
0.00144832
0.00144832
-0.0090052
-0.0090052
-0.0150692
-0.0150692
-0.0142448
-0.0142448
-0.0716037
-0.0716037
0.0137424
0.0137424
-0.179881
-0.179881
-0.217714
-0.217714
-0.287962
-0.287962
0.893118
0.893118
1.01693
1.01693
0.814741
0.814741
0.588025
0.588025
0.605852
0.605852
0.848885
0.848885
0.934212
0.934212
0.549982
0.549982
0.739866
0.739866
0.763824
0.763824
0.58844
0.58844
0.854003
0.854003
0.528771
0.528771
0.528377
0.528377
0.52598
0.52598
0.525456
0.525456
0.526676
0.526676
-0.00418977
-0.00418977
0.0999085
0.0999085
0.101185
0.101185
0.162075
0.162075
0.278431
0.278431
0.391024
0.391024
0.318863
0.318863
0.193581
0.193581
0.324622
0.324622
0.327693
0.327693
0.621637
0.621637
0.634226
0.634226
0.589773
0.589773
0.613775
0.613775
0.614066
0.614066
0.430376
0.430376
0.506269
0.506269
0.558544
0.558544
0.515716
0.515716
0.567756
0.567756
0.588649
0.588649
0.544432
0.544432
0.576666
0.576666
0.52691
0.52691
0.481476
0.481476
0.477556
0.477556
0.428301
0.428301
0.447982
0.447982
0.424565
0.424565
0.407328
0.407328
0.518801
0.518801
0.496044
0.496044
0.506622
0.506622
0.496869
0.496869
0.51633
0.51633
0.540902
0.540902
0.537287
0.537287
0.568996
0.568996
0.580128
0.580128
0.500356
0.500356
0.456518
0.456518
0.465754
0.465754
0.496157
0.496157
0.457022
0.457022
0.471988
0.471988
0.488165
0.488165
0.233346
0.233346
0.134571
0.134571
0.2171
0.2171
-0.0710973
-0.0710973
0.00362935
0.00362935
-0.0104092
-0.0104092
-0.058188
-0.058188
-0.00896015
-0.00896015
0.276139
0.276139
-0.417789
-0.417789
-0.393696
-0.393696
-1.02319
-1.02319
0.502795
0.502795
0.960577
0.960577
0.635634
0.635634
0.60865
0.60865
0.694579
0.694579
0.676544
0.676544
0.681364
0.681364
0.698251
0.698251
0.702399
0.702399
0.636489
0.636489
0.65204
0.65204
0.65432
0.65432
0.61722
0.61722
0.640342
0.640342
0.660104
0.660104
0.657271
0.657271
0.528152
0.528152
0.392273
0.392273
0.388943
0.388943
0.339841
0.339841
0.210044
0.210044
0.24837
0.24837
0.448489
0.448489
0.370985
0.370985
0.295799
0.295799
0.296816
0.296816
0.463756
0.463756
0.351026
0.351026
0.419944
0.419944
0.455721
0.455721
0.386885
0.386885
0.340856
0.340856
0.544457
0.544457
0.609587
0.609587
0.601577
0.601577
0.575879
0.575879
0.491743
0.491743
0.505298
0.505298
0.529358
0.529358
0.564394
0.564394
0.590279
0.590279
0.621297
0.621297
0.51559
0.51559
0.521462
0.521462
0.522705
0.522705
0.520197
0.520197
0.517454
0.517454
0.520463
0.520463
0.520666
0.520666
0.523203
0.523203
0.523906
0.523906
0.526876
0.526876
0.525905
0.525905
-0.0361314
-0.0361314
-0.0239348
-0.0239348
-0.0368726
-0.0368726
-0.0449901
-0.0449901
-0.0130795
-0.0130795
-0.0168071
-0.0168071
0.0265777
0.0265777
0.0128969
0.0128969
-0.00270154
-0.00270154
0.00333492
0.00333492
-0.0229743
-0.0229743
-0.0273102
-0.0273102
-0.0223325
-0.0223325
-0.013224
-0.013224
0.105173
0.105173
0.117703
0.117703
0.101273
0.101273
0.0617961
0.0617961
0.252417
0.252417
0.382891
0.382891
0.45621
0.45621
0.332052
0.332052
0.224846
0.224846
0.248394
0.248394
0.269313
0.269313
-0.00350034
-0.00350034
0.0243222
0.0243222
0.0112757
0.0112757
0.0499324
0.0499324
0.0412095
0.0412095
-0.0210416
-0.0210416
-0.0256729
-0.0256729
-0.0230177
-0.0230177
-0.0162202
-0.0162202
-0.00690756
-0.00690756
-0.0227704
-0.0227704
-0.0248413
-0.0248413
-0.0171228
-0.0171228
-0.0209528
-0.0209528
-0.0223689
-0.0223689
-0.024968
-0.024968
0.502046
0.502046
0.495568
0.495568
0.497264
0.497264
0.491135
0.491135
0.489858
0.489858
0.504089
0.504089
0.508305
0.508305
0.510274
0.510274
0.515705
0.515705
0.517962
0.517962
0.508132
0.508132
0.513836
0.513836
0.517599
0.517599
0.00217673
0.00217673
-0.0216439
-0.0216439
-0.0251195
-0.0251195
-0.0133213
-0.0133213
-0.0169887
-0.0169887
-0.0158566
-0.0158566
-0.0181801
-0.0181801
0.123868
0.123868
0.0522531
0.0522531
0.0568054
0.0568054
0.010669
0.010669
-0.119596
-0.119596
-0.062018
-0.062018
0.492208
0.492208
0.49207
0.49207
0.483946
0.483946
0.721654
0.721654
0.571167
0.571167
0.49179
0.49179
0.589202
0.589202
0.694435
0.694435
0.27557
0.27557
0.473816
0.473816
0.307765
0.307765
0.889821
0.889821
0.785129
0.785129
0.931553
0.931553
0.543584
0.543584
0.245402
0.245402
0.405452
0.405452
0.452614
0.452614
0.263388
0.263388
0.33663
0.33663
0.33019
0.33019
0.218045
0.218045
0.24949
0.24949
0.285121
0.285121
0.385792
0.385792
0.266692
0.266692
0.242774
0.242774
0.000350894
0.000350894
0.189909
0.189909
0.303202
0.303202
0.284849
0.284849
0.410938
0.410938
0.472771
0.472771
0.265901
0.265901
0.187019
0.187019
0.141122
0.141122
0.607899
0.607899
0.626924
0.626924
0.642237
0.642237
0.614611
0.614611
0.6355
0.6355
0.579265
0.579265
0.568294
0.568294
0.586531
0.586531
0.596155
0.596155
0.591023
0.591023
-0.750818
-0.750818
-0.457472
-0.457472
-1.40332
-1.40332
-0.722484
-0.722484
-0.269394
-0.269394
0.53348
0.53348
0.501172
0.501172
0.76909
0.76909
0.6513
0.6513
0.699527
0.699527
0.684563
0.684563
0.643128
0.643128
0.611103
0.611103
0.630975
0.630975
0.657329
0.657329
0.352867
0.352867
0.464235
0.464235
0.439336
0.439336
0.444417
0.444417
0.345876
0.345876
0.277205
0.277205
0.57672
0.57672
0.571536
0.571536
0.60573
0.60573
0.629369
0.629369
0.599502
0.599502
0.630261
0.630261
0.513398
0.513398
0.513084
0.513084
0.512616
0.512616
0.5089
0.5089
0.507161
0.507161
0.509474
0.509474
0.0654247
0.0654247
0.0344512
0.0344512
0.0699205
0.0699205
0.0505352
0.0505352
0.027723
0.027723
0.0162258
0.0162258
0.0058072
0.0058072
-0.00366171
-0.00366171
-0.0105809
-0.0105809
-0.0114291
-0.0114291
0.00206033
0.00206033
0.00557685
0.00557685
0.170587
0.170587
0.109687
0.109687
0.0297254
0.0297254
0.0595586
0.0595586
-0.000353696
-0.000353696
-0.0692984
-0.0692984
-0.0868747
-0.0868747
0.0151601
0.0151601
0.110349
0.110349
0.100968
0.100968
0.405807
0.405807
0.656678
0.656678
0.476602
0.476602
0.643952
0.643952
0.485463
0.485463
0.54129
0.54129
0.472983
0.472983
0.464697
0.464697
0.490981
0.490981
0.381716
0.381716
0.461606
0.461606
0.241533
0.241533
-0.265311
-0.265311
-0.174091
-0.174091
0.790016
0.790016
0.803818
0.803818
0.584728
0.584728
0.405173
0.405173
0.173803
0.173803
0.355921
0.355921
0.548859
0.548859
0.481537
0.481537
0.518419
0.518419
0.587424
0.587424
0.576359
0.576359
0.0229153
0.0229153
0.0843867
0.0843867
0.360541
0.360541
0.587954
0.587954
0.239763
0.239763
0.230699
0.230699
0.224809
0.224809
0.404984
0.404984
0.325529
0.325529
))
(300 (2 1 3 0 0 1 918)(
0.985162 -0.000504526 0 
0.00501218 2.96625 0 
0.00852307 0.877297 0 
0.979703 0.00214726 0 
-0.0106429 2.06891 3.55238e-20 
-0.00704673 2.94879 -2.49151e-18 
0.811426 1.15181 4.42151e-19 
0.198241 0.0999708 -1.53983e-20 
0.999908 -0.000280629 0 
0.0608216 0.770811 0 
0.0103894 0.573257 0 
0.73488 -0.0181423 0 
0.0111416 2.93032 0 
0.00280143 2.79509 0 
-0.0176369 3.15155 7.76823e-19 
-0.0205935 1.91043 1.7204e-21 
0.284872 0.0360275 1.0253e-18 
0.185627 1.14792 3.1555e-19 
0.962746 0.00501993 0 
0.00381277 0.510136 0 
0.0171595 0.132709 -7.23949e-19 
1.00198 -0.00497795 0 
1.00022 -0.00978853 0 
0.975731 -0.00643938 0 
0.586912 -0.0249742 0 
0.0153816 2.64065 0 
-0.0148428 2.91 9.18073e-19 
0.0108249 0.934841 0 
-0.0112586 1.17722 0 
0.0121614 0.915316 0 
-0.010798 2.60312 0 
0.000577217 2.12158 -2.83728e-20 
-0.0097051 1.89725 0 
-0.0205984 2.98761 -8.96251e-23 
-0.0166854 3.00529 1.93627e-18 
0.00210295 3.00018 0 
0.871071 -0.00959134 0 
0.404433 0.936449 1.81496e-19 
0.795926 1.16642 -5.01417e-19 
0.946699 1.01251 5.43067e-19 
0.665515 1.25752 -1.02324e-19 
0.667073 1.23333 5.89934e-19 
0.234057 0.164413 1.50224e-20 
0.211254 0.0741256 0 
1.14778 0.557228 0 
0.203719 0.155598 6.8478e-20 
0.170927 0.0980548 -7.10567e-20 
0.919844 -0.00744887 0 
1.00027 0.000156523 0 
0.999909 0.000335582 0 
1.00363 -0.00776572 0 
1.00096 -0.00092093 0 
1.00017 3.37234e-05 0 
0.074828 1.82009 -7.8576e-19 
0.0280833 0.97168 0 
0.0946483 0.840788 0 
0.013026 0.92613 0 
0.0356613 0.702899 0 
0.00788638 2.00411 0 
-0.000418326 0.823069 0 
0.0119864 0.586561 0 
-0.000417193 0.815078 0 
0.00759636 0.561462 0 
0.840343 -0.0158455 0 
0.843211 0.0305974 0 
0.767573 -0.00697729 0 
0.810252 0.0407666 0 
0.705029 -0.0197465 0 
0.0146876 3.00041 9.23891e-19 
0.0114988 3.00807 0 
0.00610775 3.00276 0 
0.0135555 2.99738 1.04878e-23 
0.00795965 2.95846 -1.37313e-18 
0.0144945 2.98198 0 
0.0108696 2.90357 0 
0.0244845 2.93048 2.10805e-24 
0.00460027 2.82518 0 
0.0309595 2.91637 0 
-0.00501701 2.74583 0 
0.306785 3.5464 0 
-0.131637 3.62749 0 
0.138684 3.24176 -7.22912e-19 
-0.0132161 2.97872 0 
-0.0185684 1.98417 0 
-0.00522252 2.16767 -1.69685e-21 
-0.0140027 1.91756 -5.40978e-21 
0.38073 0.144565 -3.55584e-19 
0.306386 0.0222631 -3.44622e-19 
0.347005 0.154318 -1.06648e-18 
0.257658 0.0421744 -6.9787e-19 
0.226775 0.973517 0 
0.267473 1.29325 -3.668e-19 
0.360128 1.22307 6.10884e-19 
0.987453 0.0085605 0 
0.941894 0.00583243 0 
1.0003 0.000579137 0 
1.00286 0.00930719 0 
1.00302 0.00846603 -2.75639e-18 
0.991911 0.00969775 2.08153e-18 
-0.00292568 0.805944 0 
0.00517472 0.525921 0 
-0.0361117 1.0022 0 
-0.0226236 0.841345 0 
0.0031149 0.505333 0 
0.0339747 0.138211 2.23587e-19 
0.103733 0.111001 0 
0.993547 -0.00837666 0 
0.954443 -0.00652485 0 
0.754571 0.0471908 0 
0.68961 0.0540695 0 
0.664206 -0.0298444 0 
0.967033 -0.00791963 0 
0.601352 0.0718846 0 
0.44421 -0.0119662 1.54346e-18 
-0.0368709 2.86285 6.80668e-19 
0.0411598 2.91016 0 
0.0539083 2.88567 0 
-0.00409642 2.70023 0 
-0.0132127 2.98509 8.6988e-19 
-0.0179124 2.89497 0 
-0.0154618 2.98804 -2.69615e-18 
-0.0132631 2.92517 9.23046e-19 
-0.0163645 1.34529 0 
0.00557546 1.37351 0 
-0.00570228 2.13537 3.17563e-22 
-0.0045507 2.09985 0 
-0.0227592 1.90179 0 
0.938338 -0.00749945 0 
0.857029 -0.00990363 0 
0.863331 0.00595778 0 
0.949423 -0.00789795 0 
0.883882 -0.00816095 0 
0.516173 1.12964 -2.2919e-19 
0.565298 1.18063 0 
0.368914 0.881492 3.38755e-20 
0.31124 0.740373 0 
0.907715 1.05045 -1.49526e-19 
1.02449 0.861063 3.01252e-19 
0.351925 1.3465 0 
0.519736 1.31334 0 
0.543635 1.25553 0 
0.119256 0.185133 -3.02772e-19 
0.262624 0.156962 0 
0.233439 0.0756819 1.96652e-19 
0.995749 0.915651 0 
1.06889 0.770904 0 
1.09391 0.712542 -2.35676e-19 
1.12721 0.616524 0 
1.17788 0.401851 5.6334e-20 
0.957654 -0.00875792 0 
0.962456 -0.0100702 0 
0.901647 -0.00797241 0 
0.984189 -0.00916114 0 
0.974682 -0.00935867 0 
0.937102 -0.00636698 0 
1.00019 0.00233709 0 
1.0009 0.00140948 0 
0.99991 0.000853259 0 
0.0350335 2.07138 4.3493e-19 
0.119538 1.76305 0 
0.0170931 2.18574 6.71705e-19 
0.0476251 1.87365 -5.62998e-19 
0.100845 1.1566 -2.58375e-19 
0.0438336 1.04544 0 
0.140762 0.994584 0 
0.00781613 0.884031 0 
0.0164755 0.651893 0 
-0.00129743 2.23686 -9.74262e-22 
0.0170118 2.00855 0 
-0.00179785 2.23799 -3.98399e-20 
0.00951335 2.01268 6.65376e-20 
0.00348737 0.857287 0 
0.000901918 0.839098 0 
0.00993236 0.611515 0 
-0.00290374 0.813988 0 
0.00895402 0.543613 0 
0.937241 0.00953133 0 
0.848501 -0.0149356 0 
0.926739 0.000199416 0 
0.841612 -0.0129651 0 
0.812082 -0.000474434 0 
0.900124 0.0210657 0 
0.875158 0.0256902 0 
0.788804 -0.00321872 0 
0.0056056 3.06474 -8.62659e-21 
0.0165938 3.05775 0 
0.0146038 2.96903 0 
0.00862527 2.87625 0 
0.922942 3.96084 0 
1.23685 3.29407 9.2916e-19 
0.0693655 3.07104 0 
-0.0292124 2.90346 0 
-0.0011041 1.39459 0 
-0.022901 1.68999 0 
-0.00929059 1.52702 0 
-0.0260938 2.55908 -5.85491e-21 
-0.00735095 2.24216 0 
-0.0148353 2.39456 0 
0.000760886 1.94012 1.1315e-21 
-0.00232854 2.23611 2.78402e-21 
-0.00414861 2.20057 5.3796e-21 
-0.00759386 1.92671 0 
0.424699 0.12763 5.40984e-19 
0.352852 0.0123807 -5.30977e-19 
0.259611 1.58324 0 
0.274749 0.747091 -3.15749e-19 
0.177012 1.66957 -1.05381e-18 
0.226437 1.2124 1.05622e-18 
0.902114 0.00641571 0 
0.967445 0.011093 0 
0.974574 0.0107928 0 
0.923363 0.00643071 0 
-0.00319102 0.81401 0 
0.00387465 0.808527 0 
0.000242146 0.532907 0 
0.174598 0.146039 6.32397e-19 
0.145088 0.133122 -7.46334e-19 
0.140616 0.101544 0 
1.0933 0.0847261 2.7673e-20 
1.07548 0.0385922 0 
1.00931 0.0392481 0 
0.904347 -0.00621647 0 
0.470357 0.107527 0 
0.524167 0.0879052 -2.46694e-18 
0.395565 0.00746683 9.23006e-19 
0.00879623 2.98062 7.29538e-19 
-0.0331552 2.86507 4.51986e-20 
0.00364547 3.05028 -1.82579e-20 
0.0201657 3.04333 6.49073e-19 
-0.0149782 2.99656 3.0308e-20 
-0.012971 2.94946 -1.21881e-22 
-0.017285 3.01192 -5.60365e-19 
0.0149218 3.02367 4.06046e-19 
0.00742796 3.03693 -6.43691e-19 
0.933425 -0.00140032 0 
0.939091 -0.00336496 0 
0.845333 -0.00945164 0 
0.956612 0.0118434 0 
0.94282 0.0131329 0 
0.881664 0.00595208 0 
0.917341 0.0170017 0 
0.926132 0.0149056 0 
0.838566 0.00278672 0 
0.718746 1.40707 4.00542e-20 
0.751992 1.51582 0 
0.185188 0.321383 7.13592e-20 
0.224986 0.666726 5.75654e-19 
0.26233 0.722054 -3.35501e-19 
0.265441 0.529354 6.6697e-19 
0.342214 0.805027 1.59233e-18 
0.138218 0.227999 3.74873e-19 
0.316102 0.159882 7.3997e-19 
0.289577 0.160239 1.92918e-19 
0.242909 0.0590798 3.66597e-19 
1.16714 0.459623 5.22836e-20 
1.18414 0.253941 4.75815e-20 
0.00938478 2.23321 2.6079e-19 
0.041602 1.94016 0 
0.968218 0.0288877 0 
0.941569 0.013624 0 
0.866894 -0.0182049 0 
0.0114158 3.07452 0 
0.019803 2.94411 1.18987e-18 
0.0164134 2.95642 0 
0.00629387 2.85057 -1.18056e-18 
0.00623274 3.09117 2.89013e-19 
0.0070615 3.0822 0 
0.784861 1.81775 -1.59602e-19 
1.24468 2.49428 4.06372e-19 
0.766882 1.95719 -1.23427e-18 
0.0199058 2.98132 -6.29264e-19 
0.035202 3.00021 0 
-0.0343886 2.87758 0 
-0.00328867 2.21768 -1.29908e-20 
-0.00212585 2.23954 -1.00594e-20 
0.00339926 1.97442 -7.37857e-21 
0.277208 1.39128 1.02685e-18 
0.234263 0.538153 -7.04307e-19 
0.0635383 1.99632 7.69846e-19 
0.135635 1.88332 -9.1667e-19 
0.18018 1.50477 9.37657e-20 
0.00303222 3.11911 -1.79777e-18 
0.0118851 3.11931 1.96843e-18 
-0.00906201 2.98101 7.99908e-19 
-0.00442565 2.97745 -7.54518e-19 
-0.0211468 2.8807 -8.14695e-19 
0.00848189 3.10023 -2.15047e-18 
0.00210908 3.10479 2.14529e-18 
0.279501 0.693166 0 
0.24611 0.682677 -1.19252e-18 
0.0964203 0.225787 5.29357e-19 
0.354897 0.930944 1.11186e-18 
0.193317 0.27298 -1.71427e-18 
1.17775 0.172901 6.62837e-20 
1.18469 0.308259 0 
1.16605 0.121196 -1.08235e-20 
0.00103157 2.24931 -1.61491e-21 
0.00426302 2.2421 0 
0.0258015 1.97537 0 
0.34011 1.30029 -3.69186e-19 
0.372382 1.14222 -8.00553e-19 
0.2076 0.372883 1.42643e-18 
1.00588 -0.0108433 0 
1.00767 -0.00764266 5.08583e-19 
-0.0129654 1.32477 0 
-0.0281998 1.31928 0 
1.00222 0.00350572 1.80622e-21 
1.00366 0.00945765 1.03824e-18 
-0.0145858 2.54243 7.41742e-21 
-0.0206235 2.58567 0 
0.0345262 3.17755 4.18143e-19 
0.392964 3.48693 0 
1.16799 0.657628 -6.21868e-20 
1.01288 0.0131088 -2.14352e-21 
1.02129 -0.0103372 0 
1.0017 0.000119097 7.44444e-23 
0.102999 1.36033 0 
0.144085 2.57545 0 
0.0258624 1.30606 0 
-0.00138762 2.6246 3.79524e-20 
-0.0222474 2.58036 1.29786e-20 
0.99998 0.0293763 2.5027e-21 
1.06247 0.0042023 0 
1.09629 0.0241835 0 
-0.0223957 1.73291 0 
-0.0163319 2.58299 0 
0.000729121 1.30777 0 
0.301028 1.47427 -1.67268e-19 
1.01128 -0.00963454 0 
1.0094 -0.0149192 0 
1.00236 0.000736511 6.49825e-19 
1.00547 -0.00481399 -7.63886e-19 
1.00118 -0.000983169 0 
-0.00765395 1.45902 0 
-0.000821693 1.37151 0 
-0.000623066 1.41739 0 
-0.00354522 1.29601 0 
-0.00974779 1.28168 0 
0.000586243 1.26382 0 
1.03483 -0.00620185 0 
1.02006 0.0156323 -8.69262e-22 
0.81809 1.26533 2.54669e-19 
1.00224 0.000301459 -6.47735e-19 
1.00407 0.00524973 7.57909e-19 
1.00117 0.00206658 0 
1.01276 0.0103281 6.44283e-19 
1.008 0.008301 -7.80601e-19 
1.00857 0.0146903 0 
-0.0210738 2.61189 0 
-0.0226586 2.59247 -1.22446e-20 
-0.0203806 2.60623 8.74691e-21 
1.23316 0.264154 5.95975e-19 
1.1595 0.0854293 0 
0.0410393 3.07751 -9.30202e-19 
0.0647402 2.85516 -6.76677e-20 
0.13953 3.19205 1.42568e-18 
0.134487 3.22041 -2.03877e-19 
0.133518 3.23182 0 
0.0194443 3.13753 2.40335e-19 
0.075006 3.1598 9.17436e-19 
0.0675038 3.18549 -4.52899e-19 
0.0223172 3.12952 0 
0.609936 0.277219 0 
0.534619 0.314369 0 
1.13844 0.69382 1.4543e-19 
1.13359 0.814515 -1.33805e-19 
1.19506 0.580238 0 
1.22333 0.514799 0 
1.01609 0.0133375 -1.201e-18 
1.01499 0.0142658 1.50754e-18 
1.0253 -0.00986763 0 
1.02336 -0.0118977 0 
1.00642 0.00259398 0 
1.01042 0.00371265 0 
1.00458 0.00185117 0 
1.0098 0.00620902 0 
1.00783 0.00595713 0 
1.00451 0.00468772 0 
0.0918711 1.35778 0 
0.0858132 1.32661 0 
0.123289 1.39471 0 
0.138311 1.40325 0 
0.14503 2.60038 0 
0.185419 2.66939 -4.29083e-19 
0.100477 2.65626 0 
0.0845961 2.65845 2.03493e-19 
0.0374711 2.67985 -1.6091e-19 
0.0175904 1.31697 0 
0.0182246 1.24429 0 
0.0186547 1.3258 0 
0.0342425 1.26982 0 
0.000959976 1.9828 -6.74551e-21 
-0.0208928 2.60839 -7.39823e-21 
-0.00973475 2.66605 2.5977e-20 
-0.0192333 2.68408 0 
-0.0231717 2.61391 -2.84609e-20 
-0.0233708 2.60868 -1.1442e-21 
0.00977874 1.98141 7.54501e-21 
-0.00813898 2.39639 9.92611e-21 
-0.0145197 2.41865 -2.94615e-20 
1.01023 0.0373886 1.22622e-18 
1.00551 0.0160991 -1.51483e-18 
1.00135 0.0448415 -1.22766e-18 
0.977505 0.0224707 1.56642e-18 
1.06371 0.00801058 0 
1.04897 -0.00846906 0 
1.09343 0.03421 0 
1.07366 0.012431 0 
1.07145 0.000146965 0 
1.1392 0.0818204 0 
1.11055 0.0437047 0 
1.11388 0.0317044 0 
-0.0202801 2.43175 -2.81552e-23 
-0.00821003 2.00492 0 
-0.0107589 2.2126 0 
-0.0181 2.60365 -5.28391e-21 
-0.0160872 2.6132 -2.10084e-23 
0.00642609 1.56766 -2.50104e-20 
-0.000605486 1.49744 2.54696e-20 
-0.0103231 1.3874 0 
-0.0130249 1.39444 0 
-0.0165269 1.38946 0 
-0.000595439 1.30878 0 
0.0107268 1.23548 0 
0.38068 1.4907 2.71652e-19 
0.422459 1.49196 1.4408e-19 
0.598166 2.45021 -2.40379e-19 
0.400295 2.54626 7.08596e-19 
0.351584 2.06236 7.15188e-20 
1.02102 -0.0081609 0 
1.01548 -0.00977149 0 
1.0149 -0.0155099 0 
1.00741 -0.00112352 0 
1.00493 -0.000928939 0 
1.00777 -0.00471959 0 
1.00926 -0.00366263 0 
1.01419 -0.00442855 0 
1.02081 0.0162075 1.17617e-18 
1.01783 0.0156205 -1.50563e-18 
1.02117 0.018189 -1.18511e-18 
1.01894 0.0167889 1.48168e-18 
0.780464 1.31658 0 
0.717265 1.36623 2.40869e-19 
0.892441 1.21708 9.2089e-20 
0.938792 1.16204 -1.2255e-19 
1.15686 2.60367 2.81898e-19 
0.783009 0.118202 6.01463e-19 
1.16168 0.107008 0 
1.20925 0.191696 -4.7916e-19 
1.19588 0.153493 -2.03365e-20 
1.00544 0.154169 0 
0.131573 2.95922 5.43883e-19 
0.108394 2.86507 -1.18111e-18 
0.0178146 2.3755 7.92092e-19 
0.0909391 -0.0938365 -3.474e-19 
0.337934 3.41656 -2.11729e-19 
0.192398 3.31013 0 
0.236069 3.3513 2.75744e-19 
0.241873 3.03211 -1.80814e-18 
0.336063 3.19098 0 
0.0073631 3.12077 4.68409e-20 
0.0170938 3.12969 -5.51045e-19 
0.0156056 3.12576 8.11051e-19 
0.0353253 3.13958 0 
0.0335145 3.15045 0 
1.21339 2.60192 0 
0.543381 0.815671 -5.31552e-19 
1.06089 0.986985 -1.9103e-21 
0.995578 1.07186 0 
0.848745 0.96992 -1.12597e-19 
1.08501 0.889092 2.8288e-20 
0.342777 0.359559 -8.94938e-19 
0.669629 0.314362 -1.90957e-20 
0.607544 0.218593 4.19625e-19 
0.559943 0.349549 3.09293e-20 
0.461597 0.304929 -1.24365e-18 
0.634572 0.321771 0 
0.700557 0.419096 7.13328e-19 
0.708922 0.421193 0 
0.594824 0.343584 0 
0.542066 0.25688 0 
0.811417 0.617427 4.20581e-19 
1.23352 0.286105 -5.03089e-19 
1.23312 0.424315 0 
1.2418 0.364982 0 
0.717927 0.190562 6.24634e-19 
0.859507 0.544976 -3.86587e-19 
0.758214 0.515393 6.85933e-19 
0.954717 0.436661 -7.53594e-19 
1.01944 0.0148486 8.07423e-19 
1.0177 0.0142885 -8.12497e-19 
1.01592 0.0154544 0 
1.03629 -0.00574401 0 
1.02977 -0.00846381 -7.61138e-19 
1.0278 -0.0120375 7.53593e-19 
1.02493 0.0102199 0 
1.02349 0.0139131 0 
1.01142 0.00410969 0 
1.01423 0.00908486 0 
1.01513 0.00407203 0 
1.01424 0.00283732 0 
0.0624333 1.34216 0 
0.0669372 1.2969 0 
0.143158 1.37214 5.05603e-21 
0.273187 1.47106 8.7493e-20 
0.166113 1.44192 1.82834e-19 
0.198332 1.44843 -2.9886e-19 
0.164962 1.3972 0 
0.132377 1.59699 -7.53859e-20 
0.115812 1.57188 0 
0.349253 2.01415 -1.03979e-19 
0.344456 2.34724 6.198e-19 
0.189449 1.45614 6.57241e-20 
0.261557 1.38746 2.23603e-20 
0.197657 1.37646 -1.81133e-20 
0.273734 1.33152 -1.0355e-19 
0.241196 1.57997 0 
0.264333 1.61887 1.1271e-19 
0.0297368 2.26555 -3.23255e-20 
0.0424047 2.66979 0 
0.0650951 2.40253 1.40572e-19 
0.0613538 2.4232 0 
0.0686989 2.67211 -2.25447e-19 
0.0481587 2.6997 0 
0.0259016 1.42088 1.99127e-20 
0.0327185 1.47223 0 
0.0283803 1.38962 0 
0.0233867 1.39338 -2.24679e-20 
-0.000865419 2.65253 -1.71438e-20 
0.0283344 2.69834 1.82053e-19 
0.00917677 2.72236 1.28765e-21 
0.00162757 1.83139 7.34147e-21 
-0.00435527 1.68368 1.55269e-21 
0.0135306 1.29782 0 
0.0186049 1.22228 0 
0.04565 1.58014 -1.47147e-20 
0.0286332 1.45499 -2.0087e-20 
0.0354054 1.51932 2.53663e-20 
0.0383887 1.6042 0 
-0.0263773 2.26667 6.93304e-20 
-0.0270311 2.54887 -2.82253e-20 
-0.0148714 2.44446 6.62633e-22 
-0.00365427 1.84796 -8.89703e-21 
-0.0246259 2.49793 -2.50047e-21 
-0.0204346 2.44146 1.85105e-20 
1.01904 0.0210691 -8.03643e-19 
1.01497 0.0269564 8.07691e-19 
1.01402 0.0163849 0 
1.0122 0.0716142 1.13363e-18 
0.989316 0.060229 -1.2773e-18 
0.946322 0.0455868 1.42962e-18 
1.01402 0.110312 -1.51034e-19 
1.04264 -0.0057629 0 
1.05091 -0.00147717 7.2613e-19 
1.03894 -0.00988462 -7.27557e-19 
1.071 0.0419438 -4.32169e-20 
1.06435 0.0235167 3.72565e-19 
1.06322 0.0560041 0 
1.05329 0.0493749 -1.33978e-19 
1.03249 0.0424768 0 
1.02557 0.0387166 0 
1.02782 0.0132262 0 
1.02401 0.0159478 0 
1.03971 0.032021 2.75899e-19 
1.03885 0.0269208 -6.09818e-19 
1.05098 0.0338404 -2.9242e-19 
1.04819 0.0338386 -3.22133e-19 
1.07096 0.0642293 6.28643e-19 
1.09602 0.0519296 0 
1.10457 0.0953726 0 
-0.0212881 2.27184 4.14308e-20 
-0.0187991 2.01306 -4.82422e-22 
-0.0154232 2.01934 0 
-0.0232394 2.44397 -4.12432e-20 
-0.0171576 2.40012 5.17424e-22 
-0.0287991 2.47318 3.50507e-21 
-0.0199971 2.62141 3.32724e-22 
-0.0207814 2.56267 -8.79611e-22 
-0.0202086 2.5136 9.66278e-22 
-0.0143485 2.61567 3.75886e-21 
-0.0199491 2.61744 -2.98506e-21 
-0.00279695 1.48689 -3.39874e-22 
0.00749723 1.6163 -2.01858e-20 
0.365404 1.44058 -1.14539e-19 
0.366929 1.37746 3.58292e-20 
0.657045 1.41662 -2.33231e-19 
0.523121 1.4843 -1.41655e-19 
0.581914 1.44943 0 
0.593871 2.42705 2.0744e-19 
0.661695 2.42119 3.38341e-19 
0.411481 2.51735 8.68496e-20 
0.402936 2.54241 -6.15055e-19 
0.51123 2.48478 6.14139e-19 
0.553645 2.464 0 
0.489243 2.52097 -5.61519e-19 
0.248383 2.59364 1.15589e-18 
0.354742 2.56631 -7.86728e-20 
0.284322 2.65528 -1.598e-18 
0.947238 2.37908 7.29335e-19 
0.838122 2.38451 0 
1.01105 0.000469783 2.6367e-20 
1.01531 -0.00543276 -2.13922e-20 
1.01764 -0.00355822 -3.90735e-19 
1.015 -0.000909218 3.92807e-19 
1.01242 0.00117672 0 
0.644596 1.28695 0 
0.669085 1.18372 0 
0.781367 1.09707 0 
0.661672 1.14584 0 
1.18643 2.61749 5.96437e-20 
1.07512 2.3647 0 
0.837419 2.17297 3.8402e-21 
0.82582 2.43902 0 
0.923192 2.53117 -4.22575e-19 
0.958715 2.48699 2.81143e-19 
0.80673 0.176563 0 
0.760221 0.151283 1.63228e-19 
0.915318 0.148554 9.50623e-19 
0.829976 0.150299 -3.56095e-19 
0.79019 0.0854674 -1.09785e-18 
1.07998 0.236748 -9.02967e-19 
0.997214 0.295731 -1.62414e-20 
0.929284 0.298515 8.69581e-19 
1.00788 0.227771 7.2688e-19 
0.950418 0.193604 -1.25973e-18 
0.914658 0.197493 1.57448e-19 
0.954283 0.260211 -3.3474e-19 
0.929584 0.222485 0 
0.993184 0.189628 6.21182e-19 
1.04708 0.190491 0 
1.04394 0.217712 0 
1.1058 0.118891 2.92307e-19 
1.07112 0.177632 -1.46481e-20 
1.07423 0.237546 -1.58974e-19 
1.10132 0.203947 0 
1.02295 0.0465596 6.22517e-19 
1.03981 0.0593711 7.76065e-19 
1.03376 0.0448348 -6.17422e-19 
1.04253 0.0662382 -5.20149e-19 
1.01911 0.0739145 -7.97189e-19 
0.987787 0.160991 0 
0.997767 0.106141 0 
0.964816 0.0681993 -5.08976e-19 
0.909778 0.0924484 1.99883e-19 
1.03935 0.105637 7.18815e-19 
1.06895 0.122071 -8.4292e-19 
1.0748 0.155225 7.52464e-19 
1.02918 0.145675 0 
1.07444 0.110329 0 
1.05458 0.0909446 -3.44917e-19 
1.04367 0.0959709 -5.87984e-19 
0.582197 1.06746 1.40583e-19 
0.608733 1.39391 -4.20911e-20 
1.15635 2.73313 -2.27237e-19 
1.22226 3.07514 1.56223e-21 
1.24845 2.71629 -1.26006e-19 
1.27746 2.69987 -3.19685e-20 
1.20547 2.34063 -1.07373e-20 
1.20986 2.97908 -9.2622e-20 
1.22977 2.94442 2.33549e-19 
1.21266 3.22839 -1.43831e-19 
1.37283 2.95988 1.98814e-19 
1.36223 2.87813 0 
0.554637 0.823211 -5.02226e-20 
0.122886 1.23816 5.74023e-19 
0.544152 0.39868 5.8076e-19 
0.383499 0.146291 6.37159e-19 
0.49826 0.342986 7.0296e-19 
0.541921 0.448719 -1.13248e-18 
0.544448 0.447755 9.25872e-19 
0.480319 0.355003 -3.52754e-19 
0.379589 0.286293 8.00697e-19 
0.727831 0.261204 -3.59634e-19 
0.689356 0.283557 0 
0.654192 0.203389 7.91918e-21 
0.736196 0.506542 3.75305e-19 
0.70878 0.475598 -1.36745e-18 
0.614392 0.452301 1.32957e-20 
0.619242 0.442105 0 
0.683741 0.719089 4.00659e-19 
0.845518 0.774821 4.02961e-19 
0.770164 0.856705 -4.71308e-19 
0.892824 0.812512 -1.58733e-19 
0.924386 0.856756 -3.87554e-20 
0.931572 0.856738 3.96849e-20 
0.856045 0.652773 -6.96906e-19 
0.938627 0.707715 1.47442e-19 
0.998469 0.723751 0 
0.989139 0.700499 -2.00315e-19 
1.02652 0.335693 2.16892e-19 
1.14419 0.301049 2.9523e-19 
1.06712 0.274218 3.69339e-19 
1.01341 0.368157 -4.38163e-19 
1.06195 0.433778 0 
1.11879 0.416565 0 
0.921059 0.37037 3.82595e-21 
0.842142 0.301861 0 
0.88305 0.299977 4.09782e-19 
0.911095 0.30571 -6.3875e-21 
0.948428 0.439539 2.09983e-18 
0.907013 0.496697 5.41909e-19 
0.911505 0.462433 -5.76835e-19 
0.831976 0.446971 6.18028e-19 
0.814632 0.440236 3.7117e-19 
0.78326 0.422166 -3.64947e-19 
1.02734 -0.000332755 6.50887e-19 
1.02 -1.76974e-05 0 
1.01852 0.000909324 4.24358e-19 
1.02168 -0.00166308 -9.61264e-19 
1.02232 0.00437588 4.66973e-19 
1.02035 0.0113454 -9.77971e-19 
1.02128 0.0107251 0 
1.02056 0.0109617 -2.03808e-19 
1.01596 0.00775271 5.11302e-19 
1.01666 0.0105247 -2.5511e-19 
1.01736 0.00987383 1.87888e-19 
0.028904 1.31881 0 
0.0341194 1.36234 0 
0.0432459 1.31954 0 
0.0479027 1.2759 0 
0.0707945 1.3852 -3.5869e-20 
0.0778536 1.35484 1.78952e-20 
0.11231 1.52391 -1.58836e-20 
0.0942674 1.36896 -3.56099e-21 
0.0335001 1.45956 3.92577e-22 
0.037562 1.45236 -1.25294e-22 
0.0625047 1.3697 -8.28235e-21 
0.054686 1.3711 3.35612e-20 
0.048741 1.34677 4.82127e-21 
0.0391571 1.37009 1.46975e-21 
0.106641 2.37279 -1.55196e-19 
0.0954183 2.41982 0 
0.170439 2.04742 1.09043e-19 
0.110573 1.70934 4.10912e-20 
0.231907 2.04277 -9.02102e-20 
0.202931 2.43526 0 
0.264254 2.38551 -6.04849e-19 
0.303771 2.38324 4.28174e-19 
0.23009 2.00342 -2.504e-19 
0.154165 2.16329 1.69429e-19 
0.142403 2.27291 0 
0.016298 1.87825 -7.59675e-21 
-0.00208146 2.39632 -5.3446e-20 
0.00385596 2.15109 0 
0.00983979 2.45861 -1.34674e-20 
0.0262525 2.30319 1.54087e-20 
0.0154339 1.40272 -4.23935e-21 
0.0137823 1.3881 7.37394e-20 
0.0137186 1.39284 -2.56317e-20 
0.0201741 1.39349 -1.91078e-20 
0.0249208 1.42467 0 
0.00963539 1.37411 0 
0.00189745 1.29059 -2.66895e-20 
0.0118838 1.36593 7.27995e-21 
0.0119596 1.36623 0 
0.00881249 1.28456 -1.96169e-20 
0.015054 1.21173 4.04357e-20 
1.04058 0.0116771 0 
1.04669 0.00794697 -6.81305e-20 
1.03854 0.0217496 -4.91486e-19 
1.04824 0.0205578 0 
1.05209 0.0203954 0 
1.03625 0.011845 -6.72965e-21 
1.03096 0.0116883 7.89817e-19 
1.0317 0.0165769 9.57456e-19 
1.0256 0.0204572 0 
1.02259 0.0208391 0 
1.03506 0.0254132 4.90223e-19 
1.02584 0.0267089 0 
1.02392 0.0267695 0 
-0.0166955 2.01869 0 
0.00371352 1.64683 -3.76061e-21 
-0.0030783 1.75407 -2.42168e-20 
0.00464865 1.37766 0 
-0.00495034 1.54674 -9.44868e-21 
-0.00508187 1.45582 6.71779e-21 
0.000209075 1.39075 0 
0.3927 1.66082 0 
0.3711 1.30646 -6.98893e-20 
0.304019 1.34557 0 
0.425432 1.30764 6.91229e-21 
0.471142 1.46339 0 
0.452551 1.4106 2.42002e-20 
1.03684 2.68081 -1.54398e-20 
0.968128 2.4081 -9.168e-19 
0.92067 2.19445 1.03486e-18 
0.851949 2.37638 2.42533e-19 
0.848433 2.49173 0 
0.918416 2.48744 0 
0.930543 2.37283 0 
0.909341 2.36163 -9.45566e-19 
0.689197 2.45756 -3.94547e-19 
0.801613 2.44709 -9.77174e-20 
0.812318 2.42099 7.43184e-20 
0.696093 2.39451 0 
0.800914 2.38972 0 
0.759293 2.40295 -3.6885e-19 
0.768967 2.48218 0 
0.627954 1.09588 0 
0.48345 0.911072 -5.07239e-19 
0.562093 0.948959 -3.21729e-20 
0.523094 1.04534 0 
0.523251 0.990748 7.60887e-19 
0.791926 0.880082 -1.32222e-19 
0.80386 1.01658 0 
0.778498 0.982173 1.89764e-19 
0.662228 1.03251 0 
0.664116 0.936264 0 
1.16506 2.75574 -2.31205e-19 
1.14261 2.81901 -9.78969e-20 
0.931464 2.33582 1.01817e-19 
0.899319 2.31546 -8.37417e-20 
1.1305 2.72908 0 
1.0842 2.69879 1.0077e-19 
1.09058 2.48298 -3.1636e-19 
0.985444 2.23496 -3.06387e-20 
0.498092 1.34394 0 
0.512736 1.07119 -1.23963e-19 
0.57659 1.171 0 
0.856941 0.241378 0 
0.775041 0.191722 0 
0.705086 0.155341 0 
0.849937 0.241932 -6.44994e-19 
0.746158 0.231559 3.74946e-19 
0.926501 0.0791474 -4.12678e-19 
0.939676 0.125635 0 
0.920979 0.137628 1.77524e-19 
0.857548 0.113097 7.1207e-19 
0.823671 0.0713461 -4.45591e-19 
1.15851 3.35358 -7.20784e-19 
1.20706 3.27295 0 
1.15635 3.3822 -1.48964e-18 
0.64448 3.54333 1.26474e-18 
0.867554 3.11164 7.29124e-20 
0.520331 0.821027 6.05502e-19 
0.428868 0.818535 0 
0.320955 0.433981 -1.50859e-19 
0.460533 0.659986 8.6264e-19 
0.546743 0.40108 -2.02721e-19 
0.512205 0.477773 2.35284e-19 
0.667288 0.516223 5.06157e-19 
0.702152 0.549061 0 
0.65291 0.58735 0 
0.613196 0.533402 0 
0.999928 0.610491 9.36239e-20 
0.912447 0.546458 -5.27253e-19 
0.938461 0.579481 3.98837e-19 
0.97073 0.517908 -4.07709e-19 
1.07908 0.490003 0 
1.08738 0.580476 -1.00383e-19 
0.85436 0.400061 -8.47323e-19 
0.856582 0.388523 -1.04761e-18 
0.794903 0.386949 6.60789e-19 
0.799152 0.359987 -6.74555e-19 
0.84595 0.321536 -5.29605e-19 
0.795019 0.320693 6.49071e-19 
1.02666 0.005876 -4.96887e-19 
1.02638 0.00609512 1.01096e-18 
1.02935 6.21991e-05 6.30863e-19 
1.03354 0.000972806 -7.59819e-19 
1.03367 0.00895556 0 
1.03004 0.00962765 -1.23669e-18 
0.0619974 1.64299 2.20225e-20 
0.0450329 1.58001 0 
0.085549 1.69377 1.3134e-19 
0.0959523 1.67592 -1.15484e-19 
0.0881602 1.53535 2.97819e-20 
0.0865147 1.52437 0 
0.0101804 1.67916 0 
-0.00341894 1.48402 2.28755e-21 
-0.00250725 1.43032 -2.05757e-21 
-0.00558839 1.54292 5.50867e-21 
0.00190551 1.87944 2.77288e-21 
-0.00945447 1.93387 2.02421e-21 
0.49993 1.36759 -2.75581e-19 
0.493406 1.37056 3.02664e-19 
0.452712 1.30249 -3.12768e-20 
0.439035 1.29325 7.83044e-21 
0.63675 1.30429 0 
0.551244 1.39416 1.02358e-19 
0.567186 1.39938 -9.96866e-20 
0.465232 1.29002 3.04119e-20 
0.521488 1.24304 0 
0.573624 1.2076 0 
0.656238 2.41714 5.79663e-19 
0.670944 2.45789 1.26477e-18 
0.715699 2.46853 -8.71181e-19 
0.612116 2.44312 -2.02374e-19 
0.561333 2.53385 2.83914e-19 
0.509974 2.50794 -7.57109e-19 
0.978527 2.37865 -5.79029e-19 
1.01372 2.39105 0 
0.926179 2.17226 -6.67915e-19 
1.05483 2.67808 0 
1.05713 2.6648 0 
0.605015 2.26485 -1.20079e-19 
1.03962 3.1576 1.33816e-19 
0.910611 3.02797 -3.80466e-20 
0.272925 0.876493 0 
0.30424 0.726887 -3.18062e-19 
0.470345 0.684387 -3.20381e-19 
0.383282 2.01037 0 
0.464278 2.78173 -5.07556e-20 
0.418997 2.54496 0 
0.703309 0.670036 -8.47905e-19 
0.784424 0.679024 1.14535e-18 
0.806512 0.622939 -1.13239e-18 
0.682606 0.633068 -1.09248e-19 
0.737578 0.589807 -4.4994e-19 
1.00272 2.75868 -1.01763e-19 
1.04221 2.81742 -1.63505e-19 
0.635636 2.13343 6.80586e-19 
0.590314 1.70232 -4.85351e-19 
0.69714 1.89758 -4.0578e-19 
0.988936 2.44219 -1.13674e-19 
0.995131 2.43476 2.96246e-19 
0.65537 1.83319 2.8128e-20 
0.446541 1.32283 1.4494e-19 
))
(300 (2 10 3 0 0 919 1018)(
0 0 0 
0 0 0 
0 0 0 
0 0 0 
0 0 0 
0 0 0 
0 0 0 
0 0 0 
0 0 0 
0 0 0 
0 0 0 
0 0 0 
0 0 0 
0 0 0 
0 0 0 
0 0 0 
0 0 0 
0 0 0 
0 0 0 
0 0 0 
0 0 0 
0 0 0 
0 0 0 
0 0 0 
0 0 0 
0 0 0 
0 0 0 
0 0 0 
0 0 0 
0 0 0 
0 0 0 
0 0 0 
0 0 0 
0 0 0 
0 0 0 
0 0 0 
0 0 0 
0 0 0 
0 0 0 
0 0 0 
0 0 0 
0 0 0 
0 0 0 
0 0 0 
0 0 0 
0 0 0 
0 0 0 
0 0 0 
0 0 0 
0 0 0 
0 0 0 
0 0 0 
0 0 0 
0 0 0 
0 0 0 
0 0 0 
0 0 0 
0 0 0 
0 0 0 
0 0 0 
0 0 0 
0 0 0 
0 0 0 
0 0 0 
0 0 0 
0 0 0 
0 0 0 
0 0 0 
0 0 0 
0 0 0 
0 0 0 
0 0 0 
0 0 0 
0 0 0 
0 0 0 
0 0 0 
0 0 0 
0 0 0 
0 0 0 
0 0 0 
0 0 0 
0 0 0 
0 0 0 
0 0 0 
0 0 0 
0 0 0 
0 0 0 
0 0 0 
0 0 0 
0 0 0 
0 0 0 
0 0 0 
0 0 0 
0 0 0 
0 0 0 
0 0 0 
0 0 0 
0 0 0 
0 0 0 
0 0 0 
))
(300 (2 11 3 0 0 1019 1026)(
1 0 0 
1 0 0 
1 0 0 
1 0 0 
1 0 0 
1 0 0 
1 0 0 
1 0 0 
))
(300 (2 12 3 0 0 1027 1030)(
0 3 0 
0 3 0 
0 3 0 
0 3 0 
))
(300 (2 13 3 0 0 1031 1038)(
0.00852307 0.877297 0 
-0.0106429 2.06891 3.55238e-20 
-0.0112586 1.17722 0 
-0.010798 2.60312 0 
-0.0185684 1.98417 0 
0.00557546 1.37351 0 
-0.00929059 1.52702 0 
-0.0148353 2.39456 0 
))
(300 (2 14 3 0 0 1039 1072)(
0 0 0 
0 0 0 
0 0 0 
0 0 0 
0 0 0 
0 0 0 
0 0 0 
0 0 0 
0 0 0 
0 0 0 
0 0 0 
0 0 0 
0 0 0 
0 0 0 
0 0 0 
0 0 0 
0 0 0 
0 0 0 
0 0 0 
0 0 0 
0 0 0 
0 0 0 
0 0 0 
0 0 0 
0 0 0 
0 0 0 
0 0 0 
0 0 0 
0 0 0 
0 0 0 
0 0 0 
0 0 0 
0 0 0 
0 0 0 
))
(300 (2 15 3 0 0 1073 1072)(
))
