(0 "FOAM to Fluent data File")

(33 (918 3444 1074))
(300 (1 1 1 0 0 1 918)(
0.565563
1.2124
0.00269017
0.564939
-0.0117765
1.17942
-0.490625
0.714182
0.54572
-0.0871759
-0.018386
0.542131
1.04018
0.807034
-1.1139
-0.00403536
0.667221
-0.369288
0.544776
-0.0295336
0.748596
0.552297
0.555327
0.545911
0.611182
0.784008
0.921396
0.0188782
0.00479401
0.00174873
-0.0110354
-0.0378815
-0.0293583
1.06305
1.11415
1.13685
0.513853
0.341948
-0.356856
-0.423786
-0.416452
-0.534323
0.708209
0.707439
-0.179055
0.717053
0.723226
0.532863
0.545084
0.545993
0.547056
0.546015
0.547407
0.422689
-0.0898269
-0.122139
-0.0664638
-0.0586179
0.0747636
-0.0206513
-0.0221045
-0.0170907
-0.0180202
0.464061
0.537563
0.534651
0.54738
0.556523
1.15195
1.12386
1.15
1.06375
1.0802
1.01814
0.990761
0.826967
0.84884
0.793128
0.779329
-1.55075
-2.51092
-0.519222
-0.26595
-0.010896
0.00317606
0.0139482
0.660535
0.659914
0.669147
0.678245
1.09355
-0.36791
-0.474184
0.544907
0.543706
0.55208
0.552776
0.54879
0.547883
-0.027696
-0.0263883
-0.026653
-0.0300855
-0.0294992
0.737606
0.735346
0.546448
0.543463
0.563206
0.584173
0.575906
0.291985
0.614523
0.627938
0.611297
0.774145
0.769196
0.777483
0.894994
0.859197
0.958291
0.981431
0.0156845
0.00165854
-0.0108357
-0.0161392
-0.0147329
0.509754
0.502413
0.529028
0.517232
0.519689
0.257749
0.122903
0.427583
0.452741
-0.271543
-0.331901
-0.419532
-0.444576
-0.557205
0.613927
0.698749
0.69655
-0.195476
-0.12163
-0.251084
-0.0482675
-0.109072
0.523217
0.530163
0.5252
0.540653
0.535142
0.537095
0.549341
0.546419
0.547975
0.485062
0.608663
0.349145
0.314865
-0.228855
-0.140419
-0.231349
-0.0455952
-0.0396425
0.0889717
0.114918
0.0619265
0.0508771
-0.0334934
-0.0255058
-0.0297399
-0.0175775
-0.0215576
0.456958
0.44604
0.47654
0.48393
0.527303
0.528519
0.531993
0.53039
0.941466
0.963881
0.971457
0.945141
-3.51004
-6.30967
0.0621499
0.200142
-0.00567793
-0.0081492
0.00208971
-0.00423919
0.00150182
-0.00098859
0.0119458
0.00937436
0.014818
0.0170945
0.650617
0.650667
1.01303
1.0151
0.992842
0.94375
0.53303
0.535134
0.54067
0.536533
-0.0216107
-0.0251618
-0.0247113
0.724896
0.731699
0.729697
0.254455
0.166806
0.341857
0.370176
0.642827
0.6313
0.641113
0.672803
0.71014
0.988861
1.00713
1.00532
1.01368
1.05764
1.07399
1.03946
0.489604
0.499363
0.494439
0.532202
0.529927
0.530852
0.526428
0.527881
0.525716
-0.0288155
-0.411991
0.502124
0.520504
0.501902
0.507389
0.693413
0.770681
0.679892
0.689166
0.687026
0.0187091
-0.0389256
0.271081
0.237381
0.39779
0.433503
0.412831
0.912802
0.872967
0.923134
0.896361
0.857567
0.883613
-0.36363
-1.8741
-0.987306
0.553642
0.365924
0.454284
0.0331988
0.0148691
0.0217702
1.00797
1.08452
0.664528
0.83434
0.84064
0.744834
0.773869
0.833482
0.760541
0.79447
0.827242
0.805056
0.570905
0.514552
0.525859
0.840538
0.897143
0.138822
0.0808486
0.036636
0.13396
0.190477
0.165165
1.04636
0.952921
1.02483
0.543215
0.543919
0.00403248
-0.00324667
0.548102
0.548151
-0.00884017
0.000906871
0.436592
-0.823272
0.12249
0.536607
0.52674
0.543731
-0.0693246
0.376918
-0.0196592
0.0720817
0.0131527
0.539901
0.474812
0.434857
0.00845963
-0.0124297
-0.0247767
-0.19891
0.540886
0.539194
0.543202
0.544169
0.544835
-0.00981437
-0.00395303
-0.0051321
-0.0259163
-0.0235196
-0.0293913
0.508077
0.526118
-0.154355
0.543344
0.545469
0.545294
0.538497
0.544152
0.542385
-0.00341218
-0.0104858
-0.0137306
0.2377
0.364011
0.680386
0.771281
0.650299
0.423601
0.185826
0.58128
0.645692
0.54984
0.705594
0.69402
0.710876
0.187929
0.0381608
0.196012
0.137732
0.534467
0.533155
0.524997
0.522024
0.5386
0.53671
0.541264
0.538259
0.541206
0.542601
-0.0278456
-0.0522967
-0.065431
-0.131924
0.333016
0.593446
0.273604
0.30402
0.1641
-0.0147152
-0.0139521
-0.0179648
-0.0245065
0.0252076
-0.00174249
0.0662773
0.0669566
0.0351215
0.00864741
0.016963
0.00385428
0.00865997
0.533129
0.531514
0.537853
0.546739
0.484231
0.48798
0.453535
0.473911
0.459363
0.399734
0.434083
0.409597
0.00286636
0.0124116
0.00449436
-0.00660038
-0.000941423
-0.0183733
-0.0150188
-0.0162526
-0.00958184
-0.0146753
-0.0207962
-0.0258512
-0.158607
-0.272757
0.999156
0.930034
0.140204
0.530072
0.536498
0.533277
0.538113
0.541237
0.542075
0.539812
0.536377
0.526591
0.528256
0.524845
0.525551
-0.0894982
-0.226406
-0.0555844
-0.126687
0.151779
0.63369
0.375793
0.313928
0.308342
0.53375
0.941223
0.731739
0.714055
0.732626
-0.329208
0.0659914
-0.262854
0.356428
0.179177
0.679462
0.727818
0.748534
0.697318
0.650199
-0.0984865
0.565374
-0.051232
-0.00190255
0.196722
0.0799006
0.714436
0.677474
0.681542
0.700263
0.71832
0.683832
0.666695
0.661327
0.695772
0.699434
0.50805
0.268859
0.221814
0.183356
0.660456
0.545415
0.600711
0.512844
0.529526
0.532236
0.530836
0.512818
0.5203
0.515902
0.522081
0.525428
0.534314
0.534707
0.530067
0.532228
-0.0325489
-0.035432
-0.0106125
-0.12056
-0.110978
-0.171073
-0.047319
0.0918837
0.0552215
0.248867
0.354894
0.0674579
-0.0461426
-0.0172863
0.0187258
0.193431
0.218958
0.0969012
0.184088
0.173138
0.156767
0.258341
0.263448
-0.0028927
-0.00665801
-0.00783005
-0.0104875
0.0424844
0.113337
0.123179
0.0167024
0.0122029
-0.0121793
-0.0142806
0.00114012
-0.00351892
-0.000376697
0.0358832
-0.0396724
-0.00706027
0.00781548
0.0185187
0.01473
0.00972924
0.525652
0.527866
0.527526
0.535159
0.553048
0.569095
0.526251
0.506085
0.497023
0.500008
0.473499
0.483663
0.479538
0.492941
0.513526
0.522666
0.520247
0.522926
0.505703
0.507346
0.494316
0.497917
0.473388
0.45451
0.443004
-0.0303201
0.00749249
0.000606774
-0.0276271
0.00283497
-0.0104155
0.0062455
0.0228916
0.00916122
0.00540529
-0.00430697
-0.0131841
-0.0103982
-0.0627549
0.0208551
-0.171532
-0.206916
-0.276315
0.902299
1.02367
0.824984
0.599782
0.614609
0.85588
0.942461
0.56231
0.748857
0.772875
0.588672
0.855687
0.534878
0.534492
0.53209
0.531568
0.53279
0.000727391
0.103225
0.10941
0.166827
0.28328
0.396569
0.319304
0.195148
0.327708
0.331528
0.626933
0.640424
0.595177
0.618216
0.618832
0.439252
0.51536
0.568609
0.524666
0.5746
0.595586
0.552972
0.584413
0.534343
0.489753
0.48629
0.435539
0.456626
0.433462
0.415341
0.524764
0.50234
0.512767
0.502961
0.522527
0.546663
0.543441
0.57569
0.586731
0.5071
0.463736
0.473592
0.503446
0.463955
0.478564
0.494489
0.234868
0.134747
0.219605
-0.0691848
0.00842205
-0.00616921
-0.053441
-0.00634602
0.278995
-0.416213
-0.391119
-1.02253
0.506319
0.971751
0.665897
0.639194
0.715271
0.695888
0.700802
0.721112
0.725654
0.650916
0.66795
0.671204
0.633112
0.656234
0.67848
0.675442
0.535484
0.402923
0.397796
0.351082
0.222578
0.259196
0.460912
0.382756
0.307752
0.309276
0.473698
0.360378
0.42914
0.466614
0.398003
0.352004
0.556933
0.62171
0.611878
0.586603
0.504508
0.519019
0.543173
0.578882
0.605323
0.636815
0.52174
0.52755
0.528803
0.526328
0.523539
0.526515
0.526666
0.529198
0.529962
0.532905
0.53192
-0.0199658
-0.00820529
-0.0220424
-0.0288236
0.00103219
-0.00346015
0.0407609
0.0267001
0.0117823
0.0182262
-0.00842098
-0.0128465
-0.00757923
0.00178573
0.118112
0.131246
0.115222
0.075634
0.262549
0.393353
0.464284
0.342189
0.235409
0.259375
0.28165
0.0104533
0.0372063
0.0242154
0.0636933
0.0555947
-0.0100888
-0.014184
-0.0127956
-0.00630452
0.0042103
-0.0149641
-0.0215306
-0.0109928
-0.0161136
-0.0182891
-0.0233765
0.508293
0.50184
0.503354
0.497382
0.496125
0.510158
0.514396
0.516295
0.521653
0.523767
0.514152
0.519695
0.52336
0.00490233
-0.0191158
-0.0233023
-0.00706311
-0.0133606
-0.012373
-0.0109259
0.129077
0.058553
0.0630144
0.0176798
-0.110697
-0.0532134
0.494293
0.493036
0.488124
0.724166
0.574413
0.493757
0.590001
0.695269
0.279672
0.478479
0.311519
0.895133
0.788501
0.935056
0.549165
0.248365
0.407022
0.456653
0.264191
0.336995
0.337776
0.224713
0.257084
0.290783
0.392613
0.270211
0.245336
0.00257669
0.19074
0.306957
0.287911
0.416267
0.478667
0.266792
0.187828
0.142456
0.617533
0.635187
0.651154
0.624762
0.646932
0.58505
0.573277
0.591442
0.60125
0.596974
-0.749743
-0.4566
-1.40158
-0.717267
-0.265412
0.537434
0.502023
0.777758
0.66023
0.718449
0.702764
0.659561
0.626464
0.642922
0.672344
0.365313
0.477261
0.451834
0.456885
0.357632
0.289228
0.591286
0.585318
0.620601
0.644091
0.612522
0.644218
0.519487
0.519155
0.518736
0.515058
0.513355
0.515628
0.0795077
0.0485676
0.0832321
0.0640362
0.041508
0.0301316
0.0138233
0.00458513
-0.00449717
-0.00581438
0.0077083
0.013557
0.172107
0.112612
0.0349214
0.0639828
0.00470997
-0.0621227
-0.0801124
0.0208519
0.114469
0.104888
0.411232
0.663189
0.483532
0.652033
0.491785
0.547583
0.478323
0.471022
0.497808
0.385332
0.464653
0.24182
-0.265124
-0.173003
0.794411
0.810342
0.593169
0.410828
0.179924
0.365425
0.558528
0.492035
0.530142
0.599671
0.589957
0.0231695
0.086606
0.356604
0.583892
0.241168
0.233109
0.227231
0.405012
0.326678
))
(300 (1 10 1 0 0 919 1018)(
0.565563
1.2124
0.00269017
0.564939
1.17942
-0.490625
0.714182
-0.0871759
-0.018386
0.542131
1.04018
0.807034
-1.1139
0.667221
-0.369288
0.544776
-0.0295336
0.748596
0.545911
0.611182
0.784008
0.921396
0.0188782
1.06305
0.513853
-0.423786
-0.534323
0.707439
-0.179055
0.723226
0.532863
-0.122139
-0.0586179
-0.0221045
-0.0180202
0.464061
0.534651
0.556523
1.0802
0.990761
0.84884
0.779329
-2.51092
-0.26595
0.659914
0.678245
-0.474184
0.543706
0.547883
-0.0263883
-0.0294992
0.735346
0.543463
0.575906
0.291985
0.627938
0.611297
0.777483
0.859197
0.981431
0.502413
0.529028
0.519689
-0.331901
-0.557205
0.69655
-0.251084
-0.109072
0.5252
0.537095
-0.231349
-0.0396425
-0.0297399
-0.0215576
0.44604
0.48393
0.527303
0.53039
0.945141
0.200142
0.650667
0.53303
0.536533
-0.0247113
0.729697
0.166806
0.370176
0.641113
0.71014
1.01368
0.494439
0.530852
0.525716
0.687026
-0.0389256
0.412831
0.896361
0.454284
0.79447
0.036636
))
(300 (1 11 1 0 0 919 926)(
0.565563
0.564939
0.54572
0.552297
0.545993
0.547407
0.55208
0.547975
))
(300 (1 12 1 0 0 919 922)(
1.2124
1.17942
1.13685
1.15
))
(300 (1 13 1 0 0 919 926)(
0
0
0
0
0
0
0
0
))
(300 (1 14 1 0 0 919 952)(
-0.0117765
-0.00403536
-0.0293583
0.341948
0.422689
0.0747636
0.0139482
1.09355
-0.0147329
0.122903
0.452741
0.613927
0.608663
0.314865
0.114918
0.0508771
-6.30967
0.0119458
0.0170945
1.0151
0.94375
-0.411991
0.502124
0.507389
0.770681
0.237381
-0.987306
0.0217702
1.08452
0.84064
0.525859
0.897143
0.165165
1.02483
))
(300 (1 15 1 0 0 919 2754)(
0.565563
0.565563
1.2124
1.2124
0.00269017
0.00269017
0.564939
0.564939
-0.0117765
-0.0117765
1.17942
1.17942
-0.490625
-0.490625
0.714182
0.714182
0.54572
0.54572
-0.0871759
-0.0871759
-0.018386
-0.018386
0.542131
0.542131
1.04018
1.04018
0.807034
0.807034
-1.1139
-1.1139
-0.00403536
-0.00403536
0.667221
0.667221
-0.369288
-0.369288
0.544776
0.544776
-0.0295336
-0.0295336
0.748596
0.748596
0.552297
0.552297
0.555327
0.555327
0.545911
0.545911
0.611182
0.611182
0.784008
0.784008
0.921396
0.921396
0.0188782
0.0188782
0.00479401
0.00479401
0.00174873
0.00174873
-0.0110354
-0.0110354
-0.0378815
-0.0378815
-0.0293583
-0.0293583
1.06305
1.06305
1.11415
1.11415
1.13685
1.13685
0.513853
0.513853
0.341948
0.341948
-0.356856
-0.356856
-0.423786
-0.423786
-0.416452
-0.416452
-0.534323
-0.534323
0.708209
0.708209
0.707439
0.707439
-0.179055
-0.179055
0.717053
0.717053
0.723226
0.723226
0.532863
0.532863
0.545084
0.545084
0.545993
0.545993
0.547056
0.547056
0.546015
0.546015
0.547407
0.547407
0.422689
0.422689
-0.0898269
-0.0898269
-0.122139
-0.122139
-0.0664638
-0.0664638
-0.0586179
-0.0586179
0.0747636
0.0747636
-0.0206513
-0.0206513
-0.0221045
-0.0221045
-0.0170907
-0.0170907
-0.0180202
-0.0180202
0.464061
0.464061
0.537563
0.537563
0.534651
0.534651
0.54738
0.54738
0.556523
0.556523
1.15195
1.15195
1.12386
1.12386
1.15
1.15
1.06375
1.06375
1.0802
1.0802
1.01814
1.01814
0.990761
0.990761
0.826967
0.826967
0.84884
0.84884
0.793128
0.793128
0.779329
0.779329
-1.55075
-1.55075
-2.51092
-2.51092
-0.519222
-0.519222
-0.26595
-0.26595
-0.010896
-0.010896
0.00317606
0.00317606
0.0139482
0.0139482
0.660535
0.660535
0.659914
0.659914
0.669147
0.669147
0.678245
0.678245
1.09355
1.09355
-0.36791
-0.36791
-0.474184
-0.474184
0.544907
0.544907
0.543706
0.543706
0.55208
0.55208
0.552776
0.552776
0.54879
0.54879
0.547883
0.547883
-0.027696
-0.027696
-0.0263883
-0.0263883
-0.026653
-0.026653
-0.0300855
-0.0300855
-0.0294992
-0.0294992
0.737606
0.737606
0.735346
0.735346
0.546448
0.546448
0.543463
0.543463
0.563206
0.563206
0.584173
0.584173
0.575906
0.575906
0.291985
0.291985
0.614523
0.614523
0.627938
0.627938
0.611297
0.611297
0.774145
0.774145
0.769196
0.769196
0.777483
0.777483
0.894994
0.894994
0.859197
0.859197
0.958291
0.958291
0.981431
0.981431
0.0156845
0.0156845
0.00165854
0.00165854
-0.0108357
-0.0108357
-0.0161392
-0.0161392
-0.0147329
-0.0147329
0.509754
0.509754
0.502413
0.502413
0.529028
0.529028
0.517232
0.517232
0.519689
0.519689
0.257749
0.257749
0.122903
0.122903
0.427583
0.427583
0.452741
0.452741
-0.271543
-0.271543
-0.331901
-0.331901
-0.419532
-0.419532
-0.444576
-0.444576
-0.557205
-0.557205
0.613927
0.613927
0.698749
0.698749
0.69655
0.69655
-0.195476
-0.195476
-0.12163
-0.12163
-0.251084
-0.251084
-0.0482675
-0.0482675
-0.109072
-0.109072
0.523217
0.523217
0.530163
0.530163
0.5252
0.5252
0.540653
0.540653
0.535142
0.535142
0.537095
0.537095
0.549341
0.549341
0.546419
0.546419
0.547975
0.547975
0.485062
0.485062
0.608663
0.608663
0.349145
0.349145
0.314865
0.314865
-0.228855
-0.228855
-0.140419
-0.140419
-0.231349
-0.231349
-0.0455952
-0.0455952
-0.0396425
-0.0396425
0.0889717
0.0889717
0.114918
0.114918
0.0619265
0.0619265
0.0508771
0.0508771
-0.0334934
-0.0334934
-0.0255058
-0.0255058
-0.0297399
-0.0297399
-0.0175775
-0.0175775
-0.0215576
-0.0215576
0.456958
0.456958
0.44604
0.44604
0.47654
0.47654
0.48393
0.48393
0.527303
0.527303
0.528519
0.528519
0.531993
0.531993
0.53039
0.53039
0.941466
0.941466
0.963881
0.963881
0.971457
0.971457
0.945141
0.945141
-3.51004
-3.51004
-6.30967
-6.30967
0.0621499
0.0621499
0.200142
0.200142
-0.00567793
-0.00567793
-0.0081492
-0.0081492
0.00208971
0.00208971
-0.00423919
-0.00423919
0.00150182
0.00150182
-0.00098859
-0.00098859
0.0119458
0.0119458
0.00937436
0.00937436
0.014818
0.014818
0.0170945
0.0170945
0.650617
0.650617
0.650667
0.650667
1.01303
1.01303
1.0151
1.0151
0.992842
0.992842
0.94375
0.94375
0.53303
0.53303
0.535134
0.535134
0.54067
0.54067
0.536533
0.536533
-0.0216107
-0.0216107
-0.0251618
-0.0251618
-0.0247113
-0.0247113
0.724896
0.724896
0.731699
0.731699
0.729697
0.729697
0.254455
0.254455
0.166806
0.166806
0.341857
0.341857
0.370176
0.370176
0.642827
0.642827
0.6313
0.6313
0.641113
0.641113
0.672803
0.672803
0.71014
0.71014
0.988861
0.988861
1.00713
1.00713
1.00532
1.00532
1.01368
1.01368
1.05764
1.05764
1.07399
1.07399
1.03946
1.03946
0.489604
0.489604
0.499363
0.499363
0.494439
0.494439
0.532202
0.532202
0.529927
0.529927
0.530852
0.530852
0.526428
0.526428
0.527881
0.527881
0.525716
0.525716
-0.0288155
-0.0288155
-0.411991
-0.411991
0.502124
0.502124
0.520504
0.520504
0.501902
0.501902
0.507389
0.507389
0.693413
0.693413
0.770681
0.770681
0.679892
0.679892
0.689166
0.689166
0.687026
0.687026
0.0187091
0.0187091
-0.0389256
-0.0389256
0.271081
0.271081
0.237381
0.237381
0.39779
0.39779
0.433503
0.433503
0.412831
0.412831
0.912802
0.912802
0.872967
0.872967
0.923134
0.923134
0.896361
0.896361
0.857567
0.857567
0.883613
0.883613
-0.36363
-0.36363
-1.8741
-1.8741
-0.987306
-0.987306
0.553642
0.553642
0.365924
0.365924
0.454284
0.454284
0.0331988
0.0331988
0.0148691
0.0148691
0.0217702
0.0217702
1.00797
1.00797
1.08452
1.08452
0.664528
0.664528
0.83434
0.83434
0.84064
0.84064
0.744834
0.744834
0.773869
0.773869
0.833482
0.833482
0.760541
0.760541
0.79447
0.79447
0.827242
0.827242
0.805056
0.805056
0.570905
0.570905
0.514552
0.514552
0.525859
0.525859
0.840538
0.840538
0.897143
0.897143
0.138822
0.138822
0.0808486
0.0808486
0.036636
0.036636
0.13396
0.13396
0.190477
0.190477
0.165165
0.165165
1.04636
1.04636
0.952921
0.952921
1.02483
1.02483
0.543215
0.543215
0.543919
0.543919
0.00403248
0.00403248
-0.00324667
-0.00324667
0.548102
0.548102
0.548151
0.548151
-0.00884017
-0.00884017
0.000906871
0.000906871
0.436592
0.436592
-0.823272
-0.823272
0.12249
0.12249
0.536607
0.536607
0.52674
0.52674
0.543731
0.543731
-0.0693246
-0.0693246
0.376918
0.376918
-0.0196592
-0.0196592
0.0720817
0.0720817
0.0131527
0.0131527
0.539901
0.539901
0.474812
0.474812
0.434857
0.434857
0.00845963
0.00845963
-0.0124297
-0.0124297
-0.0247767
-0.0247767
-0.19891
-0.19891
0.540886
0.540886
0.539194
0.539194
0.543202
0.543202
0.544169
0.544169
0.544835
0.544835
-0.00981437
-0.00981437
-0.00395303
-0.00395303
-0.0051321
-0.0051321
-0.0259163
-0.0259163
-0.0235196
-0.0235196
-0.0293913
-0.0293913
0.508077
0.508077
0.526118
0.526118
-0.154355
-0.154355
0.543344
0.543344
0.545469
0.545469
0.545294
0.545294
0.538497
0.538497
0.544152
0.544152
0.542385
0.542385
-0.00341218
-0.00341218
-0.0104858
-0.0104858
-0.0137306
-0.0137306
0.2377
0.2377
0.364011
0.364011
0.680386
0.680386
0.771281
0.771281
0.650299
0.650299
0.423601
0.423601
0.185826
0.185826
0.58128
0.58128
0.645692
0.645692
0.54984
0.54984
0.705594
0.705594
0.69402
0.69402
0.710876
0.710876
0.187929
0.187929
0.0381608
0.0381608
0.196012
0.196012
0.137732
0.137732
0.534467
0.534467
0.533155
0.533155
0.524997
0.524997
0.522024
0.522024
0.5386
0.5386
0.53671
0.53671
0.541264
0.541264
0.538259
0.538259
0.541206
0.541206
0.542601
0.542601
-0.0278456
-0.0278456
-0.0522967
-0.0522967
-0.065431
-0.065431
-0.131924
-0.131924
0.333016
0.333016
0.593446
0.593446
0.273604
0.273604
0.30402
0.30402
0.1641
0.1641
-0.0147152
-0.0147152
-0.0139521
-0.0139521
-0.0179648
-0.0179648
-0.0245065
-0.0245065
0.0252076
0.0252076
-0.00174249
-0.00174249
0.0662773
0.0662773
0.0669566
0.0669566
0.0351215
0.0351215
0.00864741
0.00864741
0.016963
0.016963
0.00385428
0.00385428
0.00865997
0.00865997
0.533129
0.533129
0.531514
0.531514
0.537853
0.537853
0.546739
0.546739
0.484231
0.484231
0.48798
0.48798
0.453535
0.453535
0.473911
0.473911
0.459363
0.459363
0.399734
0.399734
0.434083
0.434083
0.409597
0.409597
0.00286636
0.00286636
0.0124116
0.0124116
0.00449436
0.00449436
-0.00660038
-0.00660038
-0.000941423
-0.000941423
-0.0183733
-0.0183733
-0.0150188
-0.0150188
-0.0162526
-0.0162526
-0.00958184
-0.00958184
-0.0146753
-0.0146753
-0.0207962
-0.0207962
-0.0258512
-0.0258512
-0.158607
-0.158607
-0.272757
-0.272757
0.999156
0.999156
0.930034
0.930034
0.140204
0.140204
0.530072
0.530072
0.536498
0.536498
0.533277
0.533277
0.538113
0.538113
0.541237
0.541237
0.542075
0.542075
0.539812
0.539812
0.536377
0.536377
0.526591
0.526591
0.528256
0.528256
0.524845
0.524845
0.525551
0.525551
-0.0894982
-0.0894982
-0.226406
-0.226406
-0.0555844
-0.0555844
-0.126687
-0.126687
0.151779
0.151779
0.63369
0.63369
0.375793
0.375793
0.313928
0.313928
0.308342
0.308342
0.53375
0.53375
0.941223
0.941223
0.731739
0.731739
0.714055
0.714055
0.732626
0.732626
-0.329208
-0.329208
0.0659914
0.0659914
-0.262854
-0.262854
0.356428
0.356428
0.179177
0.179177
0.679462
0.679462
0.727818
0.727818
0.748534
0.748534
0.697318
0.697318
0.650199
0.650199
-0.0984865
-0.0984865
0.565374
0.565374
-0.051232
-0.051232
-0.00190255
-0.00190255
0.196722
0.196722
0.0799006
0.0799006
0.714436
0.714436
0.677474
0.677474
0.681542
0.681542
0.700263
0.700263
0.71832
0.71832
0.683832
0.683832
0.666695
0.666695
0.661327
0.661327
0.695772
0.695772
0.699434
0.699434
0.50805
0.50805
0.268859
0.268859
0.221814
0.221814
0.183356
0.183356
0.660456
0.660456
0.545415
0.545415
0.600711
0.600711
0.512844
0.512844
0.529526
0.529526
0.532236
0.532236
0.530836
0.530836
0.512818
0.512818
0.5203
0.5203
0.515902
0.515902
0.522081
0.522081
0.525428
0.525428
0.534314
0.534314
0.534707
0.534707
0.530067
0.530067
0.532228
0.532228
-0.0325489
-0.0325489
-0.035432
-0.035432
-0.0106125
-0.0106125
-0.12056
-0.12056
-0.110978
-0.110978
-0.171073
-0.171073
-0.047319
-0.047319
0.0918837
0.0918837
0.0552215
0.0552215
0.248867
0.248867
0.354894
0.354894
0.0674579
0.0674579
-0.0461426
-0.0461426
-0.0172863
-0.0172863
0.0187258
0.0187258
0.193431
0.193431
0.218958
0.218958
0.0969012
0.0969012
0.184088
0.184088
0.173138
0.173138
0.156767
0.156767
0.258341
0.258341
0.263448
0.263448
-0.0028927
-0.0028927
-0.00665801
-0.00665801
-0.00783005
-0.00783005
-0.0104875
-0.0104875
0.0424844
0.0424844
0.113337
0.113337
0.123179
0.123179
0.0167024
0.0167024
0.0122029
0.0122029
-0.0121793
-0.0121793
-0.0142806
-0.0142806
0.00114012
0.00114012
-0.00351892
-0.00351892
-0.000376697
-0.000376697
0.0358832
0.0358832
-0.0396724
-0.0396724
-0.00706027
-0.00706027
0.00781548
0.00781548
0.0185187
0.0185187
0.01473
0.01473
0.00972924
0.00972924
0.525652
0.525652
0.527866
0.527866
0.527526
0.527526
0.535159
0.535159
0.553048
0.553048
0.569095
0.569095
0.526251
0.526251
0.506085
0.506085
0.497023
0.497023
0.500008
0.500008
0.473499
0.473499
0.483663
0.483663
0.479538
0.479538
0.492941
0.492941
0.513526
0.513526
0.522666
0.522666
0.520247
0.520247
0.522926
0.522926
0.505703
0.505703
0.507346
0.507346
0.494316
0.494316
0.497917
0.497917
0.473388
0.473388
0.45451
0.45451
0.443004
0.443004
-0.0303201
-0.0303201
0.00749249
0.00749249
0.000606774
0.000606774
-0.0276271
-0.0276271
0.00283497
0.00283497
-0.0104155
-0.0104155
0.0062455
0.0062455
0.0228916
0.0228916
0.00916122
0.00916122
0.00540529
0.00540529
-0.00430697
-0.00430697
-0.0131841
-0.0131841
-0.0103982
-0.0103982
-0.0627549
-0.0627549
0.0208551
0.0208551
-0.171532
-0.171532
-0.206916
-0.206916
-0.276315
-0.276315
0.902299
0.902299
1.02367
1.02367
0.824984
0.824984
0.599782
0.599782
0.614609
0.614609
0.85588
0.85588
0.942461
0.942461
0.56231
0.56231
0.748857
0.748857
0.772875
0.772875
0.588672
0.588672
0.855687
0.855687
0.534878
0.534878
0.534492
0.534492
0.53209
0.53209
0.531568
0.531568
0.53279
0.53279
0.000727391
0.000727391
0.103225
0.103225
0.10941
0.10941
0.166827
0.166827
0.28328
0.28328
0.396569
0.396569
0.319304
0.319304
0.195148
0.195148
0.327708
0.327708
0.331528
0.331528
0.626933
0.626933
0.640424
0.640424
0.595177
0.595177
0.618216
0.618216
0.618832
0.618832
0.439252
0.439252
0.51536
0.51536
0.568609
0.568609
0.524666
0.524666
0.5746
0.5746
0.595586
0.595586
0.552972
0.552972
0.584413
0.584413
0.534343
0.534343
0.489753
0.489753
0.48629
0.48629
0.435539
0.435539
0.456626
0.456626
0.433462
0.433462
0.415341
0.415341
0.524764
0.524764
0.50234
0.50234
0.512767
0.512767
0.502961
0.502961
0.522527
0.522527
0.546663
0.546663
0.543441
0.543441
0.57569
0.57569
0.586731
0.586731
0.5071
0.5071
0.463736
0.463736
0.473592
0.473592
0.503446
0.503446
0.463955
0.463955
0.478564
0.478564
0.494489
0.494489
0.234868
0.234868
0.134747
0.134747
0.219605
0.219605
-0.0691848
-0.0691848
0.00842205
0.00842205
-0.00616921
-0.00616921
-0.053441
-0.053441
-0.00634602
-0.00634602
0.278995
0.278995
-0.416213
-0.416213
-0.391119
-0.391119
-1.02253
-1.02253
0.506319
0.506319
0.971751
0.971751
0.665897
0.665897
0.639194
0.639194
0.715271
0.715271
0.695888
0.695888
0.700802
0.700802
0.721112
0.721112
0.725654
0.725654
0.650916
0.650916
0.66795
0.66795
0.671204
0.671204
0.633112
0.633112
0.656234
0.656234
0.67848
0.67848
0.675442
0.675442
0.535484
0.535484
0.402923
0.402923
0.397796
0.397796
0.351082
0.351082
0.222578
0.222578
0.259196
0.259196
0.460912
0.460912
0.382756
0.382756
0.307752
0.307752
0.309276
0.309276
0.473698
0.473698
0.360378
0.360378
0.42914
0.42914
0.466614
0.466614
0.398003
0.398003
0.352004
0.352004
0.556933
0.556933
0.62171
0.62171
0.611878
0.611878
0.586603
0.586603
0.504508
0.504508
0.519019
0.519019
0.543173
0.543173
0.578882
0.578882
0.605323
0.605323
0.636815
0.636815
0.52174
0.52174
0.52755
0.52755
0.528803
0.528803
0.526328
0.526328
0.523539
0.523539
0.526515
0.526515
0.526666
0.526666
0.529198
0.529198
0.529962
0.529962
0.532905
0.532905
0.53192
0.53192
-0.0199658
-0.0199658
-0.00820529
-0.00820529
-0.0220424
-0.0220424
-0.0288236
-0.0288236
0.00103219
0.00103219
-0.00346015
-0.00346015
0.0407609
0.0407609
0.0267001
0.0267001
0.0117823
0.0117823
0.0182262
0.0182262
-0.00842098
-0.00842098
-0.0128465
-0.0128465
-0.00757923
-0.00757923
0.00178573
0.00178573
0.118112
0.118112
0.131246
0.131246
0.115222
0.115222
0.075634
0.075634
0.262549
0.262549
0.393353
0.393353
0.464284
0.464284
0.342189
0.342189
0.235409
0.235409
0.259375
0.259375
0.28165
0.28165
0.0104533
0.0104533
0.0372063
0.0372063
0.0242154
0.0242154
0.0636933
0.0636933
0.0555947
0.0555947
-0.0100888
-0.0100888
-0.014184
-0.014184
-0.0127956
-0.0127956
-0.00630452
-0.00630452
0.0042103
0.0042103
-0.0149641
-0.0149641
-0.0215306
-0.0215306
-0.0109928
-0.0109928
-0.0161136
-0.0161136
-0.0182891
-0.0182891
-0.0233765
-0.0233765
0.508293
0.508293
0.50184
0.50184
0.503354
0.503354
0.497382
0.497382
0.496125
0.496125
0.510158
0.510158
0.514396
0.514396
0.516295
0.516295
0.521653
0.521653
0.523767
0.523767
0.514152
0.514152
0.519695
0.519695
0.52336
0.52336
0.00490233
0.00490233
-0.0191158
-0.0191158
-0.0233023
-0.0233023
-0.00706311
-0.00706311
-0.0133606
-0.0133606
-0.012373
-0.012373
-0.0109259
-0.0109259
0.129077
0.129077
0.058553
0.058553
0.0630144
0.0630144
0.0176798
0.0176798
-0.110697
-0.110697
-0.0532134
-0.0532134
0.494293
0.494293
0.493036
0.493036
0.488124
0.488124
0.724166
0.724166
0.574413
0.574413
0.493757
0.493757
0.590001
0.590001
0.695269
0.695269
0.279672
0.279672
0.478479
0.478479
0.311519
0.311519
0.895133
0.895133
0.788501
0.788501
0.935056
0.935056
0.549165
0.549165
0.248365
0.248365
0.407022
0.407022
0.456653
0.456653
0.264191
0.264191
0.336995
0.336995
0.337776
0.337776
0.224713
0.224713
0.257084
0.257084
0.290783
0.290783
0.392613
0.392613
0.270211
0.270211
0.245336
0.245336
0.00257669
0.00257669
0.19074
0.19074
0.306957
0.306957
0.287911
0.287911
0.416267
0.416267
0.478667
0.478667
0.266792
0.266792
0.187828
0.187828
0.142456
0.142456
0.617533
0.617533
0.635187
0.635187
0.651154
0.651154
0.624762
0.624762
0.646932
0.646932
0.58505
0.58505
0.573277
0.573277
0.591442
0.591442
0.60125
0.60125
0.596974
0.596974
-0.749743
-0.749743
-0.4566
-0.4566
-1.40158
-1.40158
-0.717267
-0.717267
-0.265412
-0.265412
0.537434
0.537434
0.502023
0.502023
0.777758
0.777758
0.66023
0.66023
0.718449
0.718449
0.702764
0.702764
0.659561
0.659561
0.626464
0.626464
0.642922
0.642922
0.672344
0.672344
0.365313
0.365313
0.477261
0.477261
0.451834
0.451834
0.456885
0.456885
0.357632
0.357632
0.289228
0.289228
0.591286
0.591286
0.585318
0.585318
0.620601
0.620601
0.644091
0.644091
0.612522
0.612522
0.644218
0.644218
0.519487
0.519487
0.519155
0.519155
0.518736
0.518736
0.515058
0.515058
0.513355
0.513355
0.515628
0.515628
0.0795077
0.0795077
0.0485676
0.0485676
0.0832321
0.0832321
0.0640362
0.0640362
0.041508
0.041508
0.0301316
0.0301316
0.0138233
0.0138233
0.00458513
0.00458513
-0.00449717
-0.00449717
-0.00581438
-0.00581438
0.0077083
0.0077083
0.013557
0.013557
0.172107
0.172107
0.112612
0.112612
0.0349214
0.0349214
0.0639828
0.0639828
0.00470997
0.00470997
-0.0621227
-0.0621227
-0.0801124
-0.0801124
0.0208519
0.0208519
0.114469
0.114469
0.104888
0.104888
0.411232
0.411232
0.663189
0.663189
0.483532
0.483532
0.652033
0.652033
0.491785
0.491785
0.547583
0.547583
0.478323
0.478323
0.471022
0.471022
0.497808
0.497808
0.385332
0.385332
0.464653
0.464653
0.24182
0.24182
-0.265124
-0.265124
-0.173003
-0.173003
0.794411
0.794411
0.810342
0.810342
0.593169
0.593169
0.410828
0.410828
0.179924
0.179924
0.365425
0.365425
0.558528
0.558528
0.492035
0.492035
0.530142
0.530142
0.599671
0.599671
0.589957
0.589957
0.0231695
0.0231695
0.086606
0.086606
0.356604
0.356604
0.583892
0.583892
0.241168
0.241168
0.233109
0.233109
0.227231
0.227231
0.405012
0.405012
0.326678
0.326678
))
(300 (2 1 3 0 0 1 918)(
0.985163 -0.000503256 0 
0.00501106 2.96625 0 
0.00528389 0.847911 0 
0.979703 0.0021479 0 
-0.0116711 2.05121 3.62581e-20 
-0.0070425 2.94879 -2.52616e-18 
0.816992 1.15478 4.32223e-19 
0.243233 0.117921 -1.58717e-20 
0.999907 -0.000283554 0 
0.0613319 0.798023 0 
0.0127896 0.606193 0 
0.734737 -0.0167871 0 
0.0110996 2.93035 0 
0.00267412 2.79465 0 
-0.0175091 3.15449 7.68541e-19 
-0.0200335 1.90127 4.27681e-22 
0.310264 0.032764 1.04268e-18 
0.188931 1.16668 3.03644e-19 
0.962764 0.00501793 0 
-0.0140427 0.549861 0 
0.0441503 0.15844 -7.51557e-19 
1.00198 -0.00497953 0 
1.00022 -0.00979069 0 
0.975728 -0.00644012 0 
0.583618 -0.0384373 0 
0.0154218 2.6401 0 
-0.0148767 2.91 9.33568e-19 
0.0090128 0.921483 0 
0.000236374 1.1635 0 
0.00734125 0.897991 0 
-0.0143649 2.61128 0 
-0.000443792 2.10819 -2.89503e-20 
-0.00946083 1.873 0 
-0.020614 2.9876 -9.09727e-23 
-0.0166912 3.0053 1.96339e-18 
0.00210353 3.00019 0 
0.87088 -0.00955304 0 
0.404911 0.938373 1.85423e-19 
0.795424 1.1724 -4.82865e-19 
0.941479 1.01104 5.25131e-19 
0.667463 1.26489 -9.95244e-20 
0.667967 1.24951 5.7553e-19 
0.281067 0.191359 1.54843e-20 
0.257386 0.0908108 0 
1.1336 0.549407 0 
0.248154 0.18334 7.07304e-20 
0.214384 0.117598 -7.3396e-20 
0.919807 -0.0074472 0 
1.00027 0.000155623 0 
0.999909 0.000336948 0 
1.00363 -0.00776833 0 
1.00096 -0.00092334 0 
1.00017 3.11109e-05 0 
0.0767225 1.8151 -8.08558e-19 
0.0306101 0.981461 0 
0.0966937 0.865562 0 
0.0129966 0.933656 0 
0.0361908 0.731408 0 
0.0139412 2.00338 0 
0.00686798 0.83413 0 
0.00855537 0.624983 0 
0.00617754 0.822161 0 
0.0190451 0.591237 0 
0.839247 -0.0158198 0 
0.8454 0.0297428 0 
0.767684 -0.00550618 0 
0.814843 0.0392558 0 
0.704174 -0.0191967 0 
0.0146927 3.0004 9.37231e-19 
0.0115103 3.00798 0 
0.00612327 3.00279 0 
0.0135425 2.99734 1.06471e-23 
0.00797898 2.95847 -1.39296e-18 
0.0144858 2.98204 0 
0.0108237 2.90362 0 
0.0248498 2.93066 2.14857e-24 
0.00451955 2.82474 0 
0.0306106 2.91617 0 
-0.0054992 2.74544 0 
0.307871 3.55066 0 
-0.131771 3.63202 0 
0.139419 3.24481 -7.1521e-19 
-0.0126923 2.9806 0 
-0.0239382 1.99967 0 
-0.00768703 2.16237 -4.21814e-22 
-0.012799 1.9074 -1.31361e-20 
0.411897 0.143256 -3.60947e-19 
0.317643 0.0180481 -3.48821e-19 
0.38859 0.153948 -1.08635e-18 
0.292611 0.0441605 -7.15239e-19 
0.224177 0.965824 0 
0.270551 1.3128 -3.61005e-19 
0.365609 1.24663 6.02507e-19 
0.987472 0.00855686 0 
0.941916 0.00583619 0 
1.0003 0.000578461 0 
1.00286 0.00930606 0 
1.00302 0.00846177 -2.78725e-18 
0.991913 0.00969948 2.10484e-18 
-0.00914099 0.804502 0 
-0.00438162 0.546842 0 
-0.0237475 0.977336 0 
-0.00856761 0.823885 0 
-0.00320973 0.543734 0 
0.0727301 0.160518 2.3223e-19 
0.132741 0.136016 0 
0.993542 -0.00837885 0 
0.95443 -0.00652238 0 
0.760989 0.0465632 0 
0.696615 0.0571762 0 
0.664184 -0.0313847 0 
0.964069 -0.00812664 0 
0.612836 0.0762296 0 
0.444606 -0.0109586 1.55295e-18 
-0.036952 2.86321 7.00472e-19 
0.0418581 2.90951 0 
0.0540439 2.88535 0 
-0.00431251 2.69961 0 
-0.0133725 2.98512 8.85711e-19 
-0.0179659 2.89508 0 
-0.0154139 2.98809 -2.74275e-18 
-0.0133505 2.92517 9.38307e-19 
0.00380962 1.34788 0 
0.0236389 1.38217 0 
-0.00738769 2.12817 3.66705e-22 
-0.00486264 2.0873 0 
-0.0224341 1.88426 0 
0.938149 -0.00758225 0 
0.856684 -0.00979237 0 
0.863353 0.00610317 0 
0.94932 -0.00798195 0 
0.883756 -0.00811846 0 
0.517009 1.13194 -2.33941e-19 
0.566328 1.18322 0 
0.368885 0.882934 3.44298e-20 
0.31104 0.74187 0 
0.90173 1.0503 -1.4379e-19 
1.01302 0.854404 2.87303e-19 
0.358491 1.36188 0 
0.52356 1.32669 0 
0.542501 1.27764 0 
0.11703 0.182201 -3.03029e-19 
0.313669 0.183341 0 
0.280368 0.0848738 2.02191e-19 
0.985155 0.91048 0 
1.0556 0.763597 0 
1.07901 0.70403 -2.206e-19 
1.11437 0.609312 0 
1.16691 0.396403 5.54618e-20 
0.957592 -0.00882017 0 
0.962416 -0.0100895 0 
0.901572 -0.00793958 0 
0.984178 -0.0091662 0 
0.974661 -0.00936736 0 
0.937079 -0.00636663 0 
1.00019 0.00233639 0 
1.0009 0.00140895 0 
0.99991 0.000852437 0 
0.0352398 2.0667 4.46524e-19 
0.120226 1.75732 0 
0.0166034 2.18162 6.95001e-19 
0.0506791 1.86959 -5.86054e-19 
0.103935 1.17504 -2.48331e-19 
0.0446786 1.06061 0 
0.14404 1.01659 0 
0.00519204 0.894056 0 
0.015117 0.680388 0 
-0.00188693 2.23673 -1.13251e-21 
0.0211233 2.00789 0 
-0.00379147 2.23978 -4.91304e-20 
0.0166361 2.0125 8.55402e-20 
0.0060686 0.866992 0 
0.00441585 0.847277 0 
0.00631198 0.648379 0 
0.00480677 0.804114 0 
0.00183911 0.577082 0 
0.936316 0.0092531 0 
0.847132 -0.0152196 0 
0.926096 -4.27605e-06 0 
0.84088 -0.0128902 0 
0.811984 0.000577507 0 
0.900935 0.0203359 0 
0.876569 0.0249319 0 
0.788831 -0.00190442 0 
0.00581568 3.06494 -8.77238e-21 
0.0166053 3.05772 0 
0.0146861 2.96906 0 
0.00869285 2.87627 0 
0.924743 3.96646 0 
1.23927 3.2993 9.30377e-19 
0.0700236 3.07269 0 
-0.0285279 2.90422 0 
0.00257931 1.39887 0 
-0.0282094 1.70102 0 
-0.0061268 1.5433 0 
-0.0296617 2.56681 -5.90387e-21 
-0.0121994 2.25711 0 
-0.0194796 2.40394 0 
0.00566182 1.93731 2.40526e-21 
-0.00341795 2.23793 9.41136e-21 
-0.00594232 2.19777 1.32061e-20 
-0.00404692 1.92086 0 
0.446342 0.123861 5.45727e-19 
0.355741 0.00880694 -5.35786e-19 
0.259948 1.57841 0 
0.272623 0.740265 -3.17672e-19 
0.17721 1.66417 -1.06384e-18 
0.226993 1.20627 1.06637e-18 
0.902174 0.00645952 0 
0.967474 0.0110762 0 
0.974599 0.0107868 0 
0.923404 0.00646488 0 
-0.000694102 0.794132 0 
-0.0119849 0.79522 0 
0.00383618 0.554797 0 
0.212703 0.176533 6.52516e-19 
0.177732 0.162587 -7.72384e-19 
0.178661 0.124756 0 
1.0887 0.0834847 2.85958e-20 
1.07119 0.0379006 0 
1.00609 0.0387827 0 
0.901985 -0.00676673 0 
0.484749 0.105949 0 
0.534011 0.0875695 -2.48303e-18 
0.395922 0.00570276 9.29699e-19 
0.00897653 2.98146 7.49295e-19 
-0.0322405 2.86615 4.79188e-20 
0.00361662 3.05027 -1.85495e-20 
0.0201492 3.04336 6.5908e-19 
-0.0150007 2.99656 3.07902e-20 
-0.0129402 2.94943 -1.23857e-22 
-0.0172722 3.01196 -5.68871e-19 
0.0148476 3.02388 4.11954e-19 
0.00736801 3.03684 -6.53131e-19 
0.933001 -0.0016132 0 
0.938806 -0.00351117 0 
0.844803 -0.00931626 0 
0.956667 0.0118061 0 
0.942928 0.0130687 0 
0.881726 0.0060086 0 
0.917747 0.0166228 0 
0.926339 0.0148013 0 
0.838559 0.00330405 0 
0.720148 1.41017 3.58397e-20 
0.753572 1.51912 0 
0.186892 0.32547 7.22007e-20 
0.22114 0.661929 5.83392e-19 
0.261075 0.721252 -3.39637e-19 
0.265789 0.533843 6.75107e-19 
0.338501 0.794968 1.59368e-18 
0.135857 0.223415 3.75104e-19 
0.362324 0.171263 7.5868e-19 
0.340548 0.180445 1.97848e-19 
0.287607 0.0643963 3.77079e-19 
1.15671 0.454174 3.97867e-20 
1.17576 0.251429 3.48211e-20 
0.007974 2.22939 2.72344e-19 
0.0459316 1.93748 0 
0.966198 0.0285085 0 
0.940195 0.01327 0 
0.864994 -0.0185102 0 
0.0112672 3.07431 0 
0.0197999 2.94421 1.21169e-18 
0.0164344 2.95634 0 
0.00636129 2.85053 -1.20177e-18 
0.006367 3.09188 2.94504e-19 
0.00707957 3.08234 0 
0.786633 1.82146 -1.59007e-19 
1.24713 2.49881 4.04799e-19 
0.768714 1.96103 -1.23484e-18 
0.0198871 2.9813 -6.48286e-19 
0.0355772 3.00071 0 
-0.0342667 2.8776 0 
-0.00518304 2.21851 -1.24482e-20 
-0.00509 2.24079 -2.77178e-20 
0.0105236 1.97235 -7.90748e-21 
0.276762 1.38624 1.03327e-18 
0.23129 0.528548 -7.08743e-19 
0.0635749 1.99121 7.8153e-19 
0.136156 1.87926 -9.27608e-19 
0.179789 1.49852 9.23579e-20 
0.00583452 3.11804 -1.64679e-18 
0.0132745 3.1187 1.79292e-18 
-0.00923551 2.98049 8.19155e-19 
-0.00380916 2.97724 -7.76869e-19 
-0.0215011 2.88101 -8.34295e-19 
0.00848999 3.09872 -2.18957e-18 
0.00167826 3.10638 2.19333e-18 
0.275198 0.68611 0 
0.240684 0.676203 -1.20315e-18 
0.0963814 0.224325 5.33614e-19 
0.352739 0.92082 1.11414e-18 
0.191144 0.268265 -1.71769e-18 
1.17133 0.171077 7.07592e-20 
1.17627 0.305106 0 
1.15999 0.119946 -1.62612e-20 
0.000520193 2.24835 -1.79064e-21 
0.00325672 2.23951 0 
0.0297985 1.97267 0 
0.340113 1.29452 -3.71765e-19 
0.37073 1.13271 -8.04033e-19 
0.205088 0.367575 1.43164e-18 
1.00587 -0.0108552 0 
1.00766 -0.00764839 5.14364e-19 
0.00249671 1.32277 0 
-0.0189892 1.29995 0 
1.00222 0.00350477 1.80559e-21 
1.00366 0.00944953 1.04987e-18 
-0.0181004 2.55111 7.47558e-21 
-0.0246514 2.59393 0 
0.0354282 3.17814 4.3319e-19 
0.394432 3.48975 0 
1.16359 0.648119 -6.75572e-20 
1.01291 0.0130901 -2.15047e-21 
1.02126 -0.0103707 0 
1.00171 0.000117345 7.61419e-23 
0.102857 1.35974 0 
0.144948 2.57407 0 
0.0251684 1.30082 0 
0.00186903 2.62516 4.90975e-20 
-0.0196626 2.58393 1.93608e-20 
1.00097 0.0288872 2.47106e-21 
1.06203 0.00377697 0 
1.09521 0.0235739 0 
-0.0240914 1.74196 0 
-0.0214939 2.59354 0 
-0.000436278 1.2936 0 
0.296238 1.47174 -1.5656e-19 
1.01127 -0.00964518 0 
1.00939 -0.0149287 0 
1.00238 0.00073621 6.57378e-19 
1.00547 -0.00482219 -7.72512e-19 
1.00118 -0.000998185 0 
-0.00758223 1.45974 0 
-0.00375946 1.36586 0 
0.00314844 1.4179 0 
-0.00127641 1.28116 0 
-0.00775639 1.25915 0 
-0.00550088 1.23535 0 
1.03467 -0.00633336 0 
1.02032 0.015698 -9.02511e-22 
0.802715 1.26552 2.453e-19 
1.00223 0.000309834 -6.54434e-19 
1.00407 0.00524725 7.66429e-19 
1.00117 0.00206599 0 
1.01278 0.0103122 6.51611e-19 
1.00801 0.00829315 -7.8935e-19 
1.00858 0.0146886 0 
-0.0256816 2.62222 0 
-0.0264115 2.60164 -1.28416e-20 
-0.0249649 2.61554 9.69937e-21 
1.22954 0.260972 6.18037e-19 
1.15703 0.0842013 0 
0.0425501 3.07767 -9.54774e-19 
0.0651444 2.85462 -6.94899e-20 
0.141367 3.19261 1.46146e-18 
0.13644 3.22119 -2.13825e-19 
0.135149 3.23327 0 
0.0191487 3.13739 2.47301e-19 
0.0757295 3.1603 9.42008e-19 
0.0685079 3.18591 -4.65935e-19 
0.0220112 3.12971 0 
0.624687 0.281896 0 
0.554885 0.329356 0 
1.13099 0.68442 1.6217e-19 
1.126 0.80751 -1.5603e-19 
1.19013 0.572095 0 
1.22013 0.508257 0 
1.01613 0.0133126 -1.21479e-18 
1.01499 0.0142491 1.5248e-18 
1.02525 -0.00991101 0 
1.02332 -0.0118994 0 
1.00643 0.00257487 0 
1.01041 0.00369929 0 
1.00457 0.00183289 0 
1.0098 0.00620272 0 
1.00784 0.00596363 0 
1.0045 0.00465983 0 
0.0912516 1.35708 0 
0.0852266 1.32774 0 
0.122665 1.39296 0 
0.137325 1.40398 0 
0.145045 2.59862 0 
0.185321 2.66642 -4.38888e-19 
0.10051 2.65453 0 
0.0862276 2.6574 2.13833e-19 
0.039565 2.67919 -1.77478e-19 
0.0155649 1.31505 0 
0.0198875 1.24133 0 
0.0221385 1.32391 0 
0.0265351 1.2676 0 
0.00424537 1.98002 -1.61923e-20 
-0.0183849 2.61167 1.25801e-21 
-0.0070491 2.66689 3.91353e-20 
-0.0165068 2.68711 0 
-0.0213831 2.6188 -4.30901e-20 
-0.0219171 2.61358 -9.19902e-21 
0.0136831 1.979 1.50217e-20 
-0.00524801 2.3972 -1.68812e-21 
-0.0114568 2.41908 -4.4388e-20 
1.01097 0.0367296 1.23871e-18 
1.00633 0.0162238 -1.52995e-18 
1.00223 0.0436573 -1.23956e-18 
0.979689 0.0223018 1.58064e-18 
1.06326 0.00760019 0 
1.04863 -0.00860811 0 
1.09253 0.0334602 0 
1.07296 0.0118624 0 
1.07075 -0.000158056 0 
1.13773 0.0803363 0 
1.10921 0.042752 0 
1.11227 0.0307946 0 
-0.0249658 2.44175 -4.84105e-22 
-0.0103784 2.01898 0 
-0.0150556 2.22484 0 
-0.0218395 2.61371 -4.0366e-21 
-0.0197985 2.62183 -1.64848e-22 
0.00653988 1.56813 -1.91532e-20 
0.0013911 1.49608 1.94662e-20 
-0.00577721 1.38295 0 
-0.0090334 1.38898 0 
-0.0125646 1.38395 0 
0.0037047 1.29657 0 
0.0112178 1.23776 0 
0.377668 1.48747 2.52903e-19 
0.418173 1.49069 1.37937e-19 
0.597429 2.44899 -2.41494e-19 
0.40091 2.54335 7.12202e-19 
0.350634 2.06572 7.44849e-20 
1.02099 -0.00818984 0 
1.01546 -0.00978828 0 
1.01489 -0.0155189 0 
1.00745 -0.00115943 0 
1.00494 -0.000938165 0 
1.00776 -0.00475289 0 
1.00924 -0.00369722 0 
1.01417 -0.00446167 0 
1.02105 0.0161392 1.1894e-18 
1.01793 0.0156911 -1.52393e-18 
1.02147 0.0181079 -1.19807e-18 
1.01931 0.0168126 1.49788e-18 
0.767433 1.31524 0 
0.70396 1.36636 2.29591e-19 
0.879236 1.21236 8.26919e-20 
0.923106 1.16123 -1.09969e-19 
1.15795 2.60761 2.94387e-19 
0.796128 0.115353 6.05746e-19 
1.16032 0.105615 0 
1.20677 0.189888 -4.96664e-19 
1.19149 0.151688 -2.10117e-20 
1.00475 0.150102 0 
0.134459 2.95998 5.59966e-19 
0.111484 2.86589 -1.21242e-18 
0.0212361 2.37444 8.15893e-19 
0.0903997 -0.0507904 -3.63107e-19 
0.339509 3.41911 -2.04479e-19 
0.194213 3.31189 0 
0.237133 3.35361 2.66301e-19 
0.244138 3.03326 -1.8485e-18 
0.338522 3.19236 0 
0.0061345 3.12089 4.8051e-20 
0.0171581 3.12947 -5.63336e-19 
0.0148966 3.12558 8.29128e-19 
0.034983 3.13975 0 
0.0332054 3.15051 0 
1.21597 2.60631 0 
0.543866 0.828719 -5.38711e-19 
1.0488 0.98288 6.30585e-21 
0.983038 1.06522 0 
0.838008 0.968907 -1.17116e-19 
1.07474 0.878419 2.8546e-20 
0.358789 0.377208 -9.34479e-19 
0.676492 0.311766 -2.07979e-20 
0.628594 0.221742 4.30466e-19 
0.576946 0.363379 3.17931e-20 
0.488065 0.328185 -1.27993e-18 
0.647025 0.324761 0 
0.701193 0.415978 7.31123e-19 
0.710035 0.416895 0 
0.611171 0.35309 0 
0.567754 0.273303 0 
0.809103 0.613131 4.31563e-19 
1.22989 0.283359 -5.21743e-19 
1.22824 0.419732 0 
1.23742 0.359902 0 
0.728149 0.187224 6.3908e-19 
0.855659 0.536522 -3.96924e-19 
0.750761 0.507038 7.03545e-19 
0.95153 0.429213 -7.72556e-19 
1.01959 0.0147701 8.17347e-19 
1.01777 0.0142457 -8.22072e-19 
1.01593 0.0154843 0 
1.03613 -0.00587827 0 
1.02969 -0.00853283 -7.70266e-19 
1.02774 -0.0120646 7.62633e-19 
1.02498 0.0100283 0 
1.0236 0.0136547 0 
1.01141 0.00408723 0 
1.01426 0.00903598 0 
1.01514 0.0040078 0 
1.01424 0.00278597 0 
0.0624949 1.34224 0 
0.0637528 1.29759 0 
0.143547 1.36703 -9.28397e-21 
0.270174 1.46884 8.00855e-20 
0.163939 1.44046 1.66184e-19 
0.195772 1.4475 -2.72547e-19 
0.165178 1.39126 0 
0.129721 1.59452 -8.85087e-20 
0.113899 1.5678 0 
0.348141 2.01801 -1.0828e-19 
0.344836 2.35006 6.33504e-19 
0.186378 1.45165 7.71851e-20 
0.261398 1.38124 1.72593e-20 
0.195891 1.37115 -1.3961e-20 
0.271484 1.32344 -1.13743e-19 
0.238768 1.5771 0 
0.26107 1.61655 1.21055e-19 
0.0312824 2.26359 -3.87312e-20 
0.044094 2.66802 0 
0.0654435 2.40076 1.54714e-19 
0.061514 2.42102 0 
0.0698394 2.67014 -2.36829e-19 
0.0502155 2.69828 0 
0.0289875 1.41359 6.97706e-21 
0.0355491 1.46638 0 
0.0291498 1.38337 0 
0.0240654 1.38511 -7.87211e-21 
0.00196037 2.6526 -1.71042e-20 
0.0308548 2.69689 2.02754e-19 
0.0120534 2.72239 1.42781e-21 
0.00648435 1.8273 1.3226e-20 
-0.00128783 1.67657 5.66223e-21 
0.0161751 1.29035 0 
0.0236904 1.22297 0 
0.0475818 1.57631 4.4992e-21 
0.0296035 1.44962 -1.67027e-21 
0.0376409 1.51475 2.04067e-21 
0.0400237 1.60045 0 
-0.0280354 2.27536 6.49571e-20 
-0.0278071 2.55926 -2.6283e-20 
-0.0156302 2.45393 6.57339e-23 
5.37914e-05 1.84378 -1.60311e-20 
-0.0226464 2.50382 -5.07944e-21 
-0.0191069 2.44504 2.85635e-20 
1.01938 0.0209014 -8.12136e-19 
1.01546 0.0266079 8.16669e-19 
1.01455 0.0161936 0 
1.0123 0.0703705 1.147e-18 
0.990202 0.0591709 -1.28939e-18 
0.948338 0.0437009 1.44431e-18 
1.01367 0.107885 -1.52943e-19 
1.04241 -0.00592485 0 
1.05058 -0.001715 7.35478e-19 
1.03871 -0.0100146 -7.36986e-19 
1.07004 0.0414215 -4.38073e-20 
1.06389 0.0226271 3.7741e-19 
1.06268 0.0543921 0 
1.0533 0.0481061 -1.35673e-19 
1.03239 0.0412026 0 
1.02588 0.0377294 0 
1.02783 0.0130163 0 
1.02417 0.0157969 0 
1.03998 0.0315654 2.79361e-19 
1.039 0.0262418 -6.17092e-19 
1.05055 0.032897 -2.96266e-19 
1.04816 0.0328122 -3.2604e-19 
1.07008 0.0628639 6.37603e-19 
1.09505 0.0507191 0 
1.10315 0.0944978 0 
-0.0221008 2.28098 3.9393e-20 
-0.018798 2.02381 -8.1625e-22 
-0.0161157 2.02967 0 
-0.0285194 2.45418 -3.92052e-20 
-0.0212691 2.40968 1.28596e-21 
-0.0324429 2.48299 3.25652e-21 
-0.0198189 2.62826 7.82616e-21 
-0.0203895 2.57106 -1.14825e-21 
-0.0190327 2.52048 2.69021e-21 
-0.0161682 2.62394 9.07135e-22 
-0.0208719 2.62499 3.61737e-22 
0.00256693 1.47983 -4.12579e-22 
0.0080604 1.61692 -1.63449e-20 
0.363824 1.43156 -1.04908e-19 
0.364193 1.36963 4.45925e-20 
0.647962 1.41546 -2.22108e-19 
0.516489 1.48194 -1.35073e-19 
0.571978 1.45005 0 
0.59307 2.4255 2.11459e-19 
0.660974 2.41874 3.40357e-19 
0.410381 2.51683 8.51868e-20 
0.402612 2.54415 -6.30996e-19 
0.51125 2.48866 6.21021e-19 
0.552497 2.46281 0 
0.488738 2.51802 -5.67001e-19 
0.247545 2.59154 1.17791e-18 
0.353439 2.5653 -8.06278e-20 
0.283689 2.65297 -1.62015e-18 
0.945196 2.38135 7.30153e-19 
0.837191 2.38483 0 
1.01103 0.00045795 2.66657e-20 
1.01526 -0.0054738 -2.16439e-20 
1.01764 -0.00361097 -3.95374e-19 
1.01496 -0.000943579 3.97347e-19 
1.01238 0.00109851 0 
0.636096 1.28632 0 
0.659745 1.1828 0 
0.768195 1.09514 0 
0.652386 1.14673 0 
1.18724 2.62191 5.87138e-20 
1.07586 2.36803 0 
0.839273 2.1832 3.85061e-21 
0.826058 2.44657 0 
0.923244 2.53798 -4.26779e-19 
0.958823 2.49364 2.8404e-19 
0.813768 0.173129 0 
0.773787 0.145736 1.64791e-19 
0.920168 0.144433 9.59674e-19 
0.8361 0.146934 -3.58714e-19 
0.8016 0.0837984 -1.10684e-18 
1.07818 0.233719 -9.21948e-19 
0.991728 0.291204 -1.59323e-20 
0.927152 0.292001 8.84299e-19 
1.00333 0.222156 7.39159e-19 
0.952185 0.189012 -1.27487e-18 
0.916944 0.190032 1.59319e-19 
0.954576 0.254534 -3.39879e-19 
0.931474 0.216586 0 
0.992368 0.183467 6.29263e-19 
1.04456 0.186357 0 
1.04051 0.212927 0 
1.105 0.117297 2.96548e-19 
1.06811 0.174913 -1.42913e-20 
1.07282 0.234705 -1.62057e-19 
1.10322 0.201643 0 
1.02273 0.0453112 6.30303e-19 
1.04033 0.0579561 7.85841e-19 
1.0339 0.0440464 -6.25205e-19 
1.04322 0.0647089 -5.26599e-19 
1.01906 0.07259 -8.06515e-19 
0.987955 0.156944 0 
0.99911 0.104226 0 
0.965907 0.0661948 -5.14629e-19 
0.9133 0.0893499 2.02121e-19 
1.0386 0.1034 7.2836e-19 
1.06823 0.120126 -8.56252e-19 
1.07471 0.153135 7.65206e-19 
1.02914 0.142359 0 
1.07438 0.107768 0 
1.05492 0.0901539 -3.50304e-19 
1.04458 0.0944863 -5.96361e-19 
0.58237 1.07583 1.41329e-19 
0.612343 1.40461 -4.29572e-20 
1.15761 2.73801 -2.29688e-19 
1.22403 3.07933 1.98582e-21 
1.24973 2.72079 -1.36252e-19 
1.27948 2.70443 -2.78716e-20 
1.20762 2.34513 -1.03747e-20 
1.21139 2.98343 -9.48281e-20 
1.23088 2.94878 2.36967e-19 
1.21486 3.23275 -1.43034e-19 
1.3754 2.96463 1.97779e-19 
1.36555 2.88285 0 
0.551622 0.836791 -5.04838e-20 
0.131525 1.24727 5.80754e-19 
0.537513 0.427098 6.04288e-19 
0.376166 0.176514 6.65848e-19 
0.517875 0.363671 7.2319e-19 
0.546444 0.463954 -1.16406e-18 
0.548129 0.464984 9.50943e-19 
0.492009 0.379134 -3.6535e-19 
0.405354 0.311146 8.27563e-19 
0.733981 0.251761 -3.66038e-19 
0.694729 0.277518 0 
0.669433 0.197097 8.61429e-21 
0.734085 0.505402 3.84653e-19 
0.706418 0.474369 -1.40257e-18 
0.616319 0.461886 1.44444e-20 
0.623432 0.448188 0 
0.682343 0.725686 4.06962e-19 
0.84102 0.772357 4.13146e-19 
0.763429 0.85557 -4.82913e-19 
0.885939 0.808249 -1.63854e-19 
0.914776 0.851181 -4.074e-20 
0.922498 0.851341 4.17242e-20 
0.854088 0.645827 -7.15622e-19 
0.935214 0.702042 1.52223e-19 
0.991255 0.716073 0 
0.982572 0.692598 -2.07878e-19 
1.02165 0.329734 2.22635e-19 
1.14427 0.298606 3.04737e-19 
1.06492 0.269454 3.77154e-19 
1.00914 0.361116 -4.4811e-19 
1.05883 0.425553 0 
1.11523 0.411873 0 
0.917268 0.362726 5.7528e-21 
0.840675 0.295105 0 
0.88004 0.290664 4.16676e-19 
0.907709 0.298722 -5.06635e-21 
0.945474 0.431594 2.15374e-18 
0.904949 0.489141 5.5685e-19 
0.907662 0.454148 -5.92046e-19 
0.825535 0.438183 6.33986e-19 
0.808686 0.43094 3.80588e-19 
0.778233 0.412536 -3.74149e-19 
1.02718 -0.000452894 6.58616e-19 
1.01999 -0.000111858 0 
1.01848 0.000822788 4.29364e-19 
1.02167 -0.0017256 -9.72671e-19 
1.0223 0.00426493 4.72454e-19 
1.02039 0.0112112 -9.89432e-19 
1.02133 0.0106045 0 
1.02064 0.0108679 -2.06165e-19 
1.01598 0.00768681 5.17199e-19 
1.0167 0.0104426 -2.58058e-19 
1.01741 0.0097908 1.90059e-19 
0.0292594 1.31727 0 
0.0323362 1.35718 0 
0.0424696 1.31933 0 
0.0427528 1.2753 0 
0.0705838 1.38191 -5.72816e-21 
0.0773128 1.35285 8.74556e-21 
0.110447 1.51401 -2.39748e-20 
0.0932828 1.36314 3.93039e-21 
0.0340125 1.45481 -2.05719e-20 
0.0377844 1.44775 1.6147e-20 
0.0619589 1.36649 -8.09698e-21 
0.0541151 1.36837 1.4534e-20 
0.0467846 1.34362 1.98392e-21 
0.0384747 1.36608 -1.28478e-21 
0.106485 2.37207 -1.71035e-19 
0.0952219 2.41878 0 
0.169247 2.04796 1.14974e-19 
0.10864 1.70973 4.8142e-20 
0.229523 2.04446 -9.41083e-20 
0.203782 2.43758 0 
0.264488 2.38873 -6.14807e-19 
0.302529 2.38679 4.35978e-19 
0.228895 2.00472 -2.62055e-19 
0.152607 2.16511 1.74122e-19 
0.142902 2.2766 0 
0.0188942 1.87466 -2.95168e-20 
0.000474538 2.39452 -7.67256e-20 
0.00651514 2.1492 0 
0.0118731 2.45703 -1.35509e-20 
0.0277428 2.3017 2.63163e-20 
0.019018 1.39545 -2.19223e-21 
0.0207558 1.38169 4.0542e-20 
0.0208025 1.38576 -1.51904e-20 
0.0234305 1.38535 -9.0833e-21 
0.0285809 1.41736 0 
0.017377 1.36806 0 
0.011051 1.28956 -2.31699e-20 
0.011355 1.35824 5.76417e-21 
0.0160891 1.36002 0 
0.014569 1.28417 -1.72295e-20 
0.0240321 1.21692 3.59882e-20 
1.04046 0.0114003 0 
1.04646 0.00767517 -6.90038e-20 
1.03854 0.0211549 -4.97552e-19 
1.04804 0.0200481 0 
1.05199 0.019917 0 
1.03627 0.0114865 -6.69334e-21 
1.03095 0.0113346 7.99147e-19 
1.03175 0.0162592 9.68796e-19 
1.02576 0.0201628 0 
1.0229 0.0205502 0 
1.03512 0.0249013 4.96153e-19 
1.026 0.026179 0 
1.02427 0.0261989 0 
-0.0136354 2.02076 0 
0.00773835 1.64789 -4.45814e-21 
-0.000509992 1.7557 -2.35673e-20 
0.00535835 1.36773 0 
-0.00286055 1.54276 -6.46155e-21 
0.00288111 1.44643 5.55338e-21 
0.00323121 1.37724 0 
0.390742 1.66676 0 
0.36703 1.29838 -8.42825e-20 
0.301936 1.34171 0 
0.420552 1.2985 2.57393e-20 
0.466653 1.45785 0 
0.447636 1.4028 1.54321e-20 
1.03623 2.68624 -1.55194e-20 
0.96639 2.41138 -9.17885e-19 
0.917405 2.19392 1.04467e-18 
0.850766 2.37709 2.43434e-19 
0.848057 2.49718 0 
0.917944 2.49322 0 
0.928512 2.37492 0 
0.907389 2.36221 -9.46916e-19 
0.689275 2.4644 -3.99992e-19 
0.801608 2.45446 -9.86027e-20 
0.812313 2.42819 7.51013e-20 
0.695418 2.39333 0 
0.800271 2.38928 0 
0.758824 2.40172 -3.70268e-19 
0.769361 2.4871 0 
0.620431 1.09947 0 
0.486585 0.923996 -5.08321e-19 
0.559348 0.959325 -3.23257e-20 
0.524141 1.05488 0 
0.525109 1.00315 7.63041e-19 
0.786227 0.880483 -1.3562e-19 
0.793338 1.01797 0 
0.767794 0.979255 1.96692e-19 
0.653667 1.03623 0 
0.658205 0.942296 0 
1.16562 2.76032 -2.34718e-19 
1.14338 2.82363 -9.94325e-20 
0.932794 2.34266 1.03623e-19 
0.900363 2.32149 -8.44206e-20 
1.1307 2.73382 0 
1.08405 2.70386 1.01623e-19 
1.09075 2.48712 -3.20289e-19 
0.985134 2.23682 -3.07243e-20 
0.49802 1.35155 0 
0.512341 1.07628 -1.24646e-19 
0.568368 1.16926 0 
0.857745 0.230329 0 
0.782681 0.185317 0 
0.721918 0.145472 0 
0.852135 0.234365 -6.5585e-19 
0.755997 0.22177 3.83945e-19 
0.929101 0.0756105 -4.17497e-19 
0.944643 0.121913 0 
0.924361 0.135472 1.7904e-19 
0.862541 0.110431 7.18778e-19 
0.830671 0.0679557 -4.4975e-19 
1.16126 3.35801 -7.19691e-19 
1.20949 3.27729 0 
1.15917 3.3863 -1.48437e-18 
0.646723 3.54714 1.2609e-18 
0.871078 3.11472 6.87162e-20 
0.5208 0.8405 6.09763e-19 
0.433868 0.837356 0 
0.33144 0.464711 -1.53917e-19 
0.456672 0.672508 8.74089e-19 
0.540231 0.432048 -2.09439e-19 
0.511001 0.495252 2.40957e-19 
0.66503 0.520274 5.19091e-19 
0.696461 0.546411 0 
0.649834 0.600574 0 
0.606773 0.541877 0 
0.995975 0.602065 9.95855e-20 
0.910786 0.538322 -5.41838e-19 
0.937084 0.572193 4.11339e-19 
0.969797 0.509396 -4.18602e-19 
1.07615 0.482216 0 
1.08277 0.571627 -1.04189e-19 
0.848372 0.391279 -8.68198e-19 
0.851103 0.380293 -1.07256e-18 
0.794637 0.380415 6.77147e-19 
0.793903 0.352019 -6.92312e-19 
0.842926 0.313842 -5.41405e-19 
0.793255 0.311915 6.64454e-19 
1.02668 0.00573679 -5.03627e-19 
1.0264 0.00596029 1.02553e-18 
1.02931 -8.82814e-05 6.38452e-19 
1.03344 0.000801583 -7.68909e-19 
1.03357 0.00870308 0 
1.03006 0.00935226 -1.25113e-18 
0.0629617 1.64443 2.62349e-20 
0.0452836 1.57733 0 
0.0842145 1.69494 1.59929e-19 
0.094939 1.67692 -1.41546e-19 
0.0866269 1.53025 4.49661e-20 
0.0855634 1.51512 0 
0.0148244 1.67387 0 
0.00268768 1.47895 -9.56799e-23 
0.00648859 1.42308 8.6041e-23 
0.000587404 1.53768 6.12475e-21 
0.00500902 1.87822 -5.18419e-22 
-0.0048161 1.93025 4.11065e-21 
0.497603 1.3708 -2.80134e-19 
0.490849 1.37406 3.07409e-19 
0.446044 1.29538 -3.87033e-20 
0.435493 1.29257 8.2027e-21 
0.628064 1.30054 0 
0.544904 1.3884 9.32089e-20 
0.560322 1.39617 -9.07503e-20 
0.457039 1.28122 3.76202e-20 
0.512646 1.23639 0 
0.565121 1.2036 0 
0.655913 2.42341 5.87722e-19 
0.670323 2.46154 1.27838e-18 
0.716006 2.47309 -8.80629e-19 
0.614121 2.44807 -2.06225e-19 
0.56063 2.54005 2.87386e-19 
0.509646 2.51331 -7.66021e-19 
0.977261 2.38094 -5.84589e-19 
1.01334 2.39422 0 
0.924031 2.17207 -6.76704e-19 
1.05428 2.68323 0 
1.05653 2.67002 0 
0.610364 2.27024 -1.19848e-19 
1.04236 3.16113 1.33657e-19 
0.913244 3.03115 -3.71852e-20 
0.278358 0.896669 0 
0.314831 0.752916 -3.21796e-19 
0.477816 0.710464 -3.23917e-19 
0.387313 2.01654 0 
0.466331 2.78376 -4.78349e-20 
0.42179 2.54721 0 
0.699243 0.672887 -8.62255e-19 
0.782797 0.676715 1.17145e-18 
0.80271 0.619339 -1.15923e-18 
0.678212 0.635036 -1.11438e-19 
0.733642 0.588841 -4.60743e-19 
1.00505 2.76341 -1.01637e-19 
1.0431 2.82092 -1.66397e-19 
0.639078 2.14313 6.75191e-19 
0.595828 1.71112 -4.81169e-19 
0.70004 1.90474 -4.0755e-19 
0.990805 2.44697 -1.1397e-19 
0.996077 2.4398 2.99422e-19 
0.659831 1.84161 2.82632e-20 
0.452022 1.33234 1.46063e-19 
))
(300 (2 10 3 0 0 919 1018)(
0 0 0 
0 0 0 
0 0 0 
0 0 0 
0 0 0 
0 0 0 
0 0 0 
0 0 0 
0 0 0 
0 0 0 
0 0 0 
0 0 0 
0 0 0 
0 0 0 
0 0 0 
0 0 0 
0 0 0 
0 0 0 
0 0 0 
0 0 0 
0 0 0 
0 0 0 
0 0 0 
0 0 0 
0 0 0 
0 0 0 
0 0 0 
0 0 0 
0 0 0 
0 0 0 
0 0 0 
0 0 0 
0 0 0 
0 0 0 
0 0 0 
0 0 0 
0 0 0 
0 0 0 
0 0 0 
0 0 0 
0 0 0 
0 0 0 
0 0 0 
0 0 0 
0 0 0 
0 0 0 
0 0 0 
0 0 0 
0 0 0 
0 0 0 
0 0 0 
0 0 0 
0 0 0 
0 0 0 
0 0 0 
0 0 0 
0 0 0 
0 0 0 
0 0 0 
0 0 0 
0 0 0 
0 0 0 
0 0 0 
0 0 0 
0 0 0 
0 0 0 
0 0 0 
0 0 0 
0 0 0 
0 0 0 
0 0 0 
0 0 0 
0 0 0 
0 0 0 
0 0 0 
0 0 0 
0 0 0 
0 0 0 
0 0 0 
0 0 0 
0 0 0 
0 0 0 
0 0 0 
0 0 0 
0 0 0 
0 0 0 
0 0 0 
0 0 0 
0 0 0 
0 0 0 
0 0 0 
0 0 0 
0 0 0 
0 0 0 
0 0 0 
0 0 0 
0 0 0 
0 0 0 
0 0 0 
0 0 0 
))
(300 (2 11 3 0 0 1019 1026)(
1 0 0 
1 0 0 
1 0 0 
1 0 0 
1 0 0 
1 0 0 
1 0 0 
1 0 0 
))
(300 (2 12 3 0 0 1027 1030)(
0 3 0 
0 3 0 
0 3 0 
0 3 0 
))
(300 (2 13 3 0 0 1031 1038)(
0.00528389 0.847911 0 
-0.0116711 2.05121 3.62581e-20 
0.000236374 1.1635 0 
-0.0143649 2.61128 0 
-0.0239382 1.99967 0 
0.0236389 1.38217 0 
-0.0061268 1.5433 0 
-0.0194796 2.40394 0 
))
(300 (2 14 3 0 0 1039 1072)(
0 0 0 
0 0 0 
0 0 0 
0 0 0 
0 0 0 
0 0 0 
0 0 0 
0 0 0 
0 0 0 
0 0 0 
0 0 0 
0 0 0 
0 0 0 
0 0 0 
0 0 0 
0 0 0 
0 0 0 
0 0 0 
0 0 0 
0 0 0 
0 0 0 
0 0 0 
0 0 0 
0 0 0 
0 0 0 
0 0 0 
0 0 0 
0 0 0 
0 0 0 
0 0 0 
0 0 0 
0 0 0 
0 0 0 
0 0 0 
))
(300 (2 15 3 0 0 1073 1072)(
))
