(0 "FOAM to Fluent data File")

(33 (918 3444 1074))
(300 (1 1 1 0 0 1 918)(
0.588145
1.24183
0.00606802
0.587496
-0.00794052
1.20884
-0.465322
0.74879
0.568297
-0.0611348
0.000570765
0.563818
1.06958
0.834566
-1.09415
0.0181839
0.698859
-0.346664
0.56733
0.013949
0.785444
0.574878
0.577909
0.568495
0.631935
0.813744
0.950437
0.0168429
0.00247075
-0.00199699
-0.00191265
-0.0268843
-0.0101051
1.09249
1.14357
1.16626
0.536554
0.362067
-0.329003
-0.397948
-0.393142
-0.495802
0.741722
0.742621
-0.143463
0.750602
0.759161
0.555473
0.567659
0.568553
0.569636
0.568589
0.569982
0.445302
-0.0658488
-0.0975661
-0.0417387
-0.0321611
0.09179
0.00176572
0.000837687
0.00500116
0.000735341
0.48735
0.559483
0.556698
0.568864
0.577446
1.18138
1.1533
1.17943
1.09313
1.1096
1.04757
1.0201
0.855839
0.877679
0.818818
0.805643
-1.5323
-2.49518
-0.498007
-0.243879
-0.00209413
0.0256343
0.0312394
0.690181
0.688344
0.700251
0.711896
1.11574
-0.342398
-0.45885
0.567453
0.566249
0.574638
0.575333
0.571348
0.570441
0.0152413
0.0136219
0.0103243
0.0120277
0.0104584
0.774705
0.772573
0.569034
0.566053
0.584684
0.605539
0.597439
0.318056
0.635717
0.647948
0.637259
0.802104
0.797931
0.806115
0.924095
0.887025
0.987525
1.01088
0.0155766
0.00474313
0.0126514
-0.00337596
0.00767421
0.532487
0.525229
0.551515
0.539908
0.542353
0.277925
0.143032
0.447428
0.472402
-0.242206
-0.302774
-0.399331
-0.420036
-0.527492
0.63457
0.73223
0.731226
-0.162892
-0.086874
-0.21805
-0.0142499
-0.073998
0.545878
0.552781
0.547832
0.563245
0.557743
0.559693
0.571899
0.568974
0.570533
0.508501
0.632336
0.371025
0.335994
-0.206778
-0.116088
-0.209054
-0.0194382
-0.0148378
0.109575
0.134601
0.080543
0.0744949
-0.00721074
-0.00163223
-0.00289694
-0.000238132
0.00377358
0.480498
0.46979
0.499636
0.506994
0.549672
0.550833
0.55417
0.552632
0.970967
0.993405
1.00079
0.97447
-3.497
-6.30126
0.0854521
0.224454
0.00520607
0.00497437
0.00407331
0.00669098
0.00750965
0.00230274
0.0481988
0.0410273
0.0319587
0.0428227
0.67581
0.675386
1.03469
1.03546
1.01638
0.966626
0.555539
0.557663
0.563215
0.559067
0.00748503
0.0121023
0.0113392
0.760147
0.768325
0.766474
0.2811
0.194101
0.367049
0.394956
0.664579
0.651583
0.662553
0.699579
0.735007
1.01834
1.0365
1.0348
1.04307
1.08707
1.10345
1.0688
0.512576
0.522202
0.517329
0.554714
0.552416
0.553364
0.548874
0.550352
0.548158
-0.00895741
-0.392654
0.521977
0.540194
0.52097
0.527056
0.714504
0.79172
0.713063
0.723192
0.721117
0.0512309
-0.00564187
0.292659
0.259795
0.422051
0.457354
0.436918
0.942206
0.902268
0.952418
0.925895
0.887228
0.913703
-0.344224
-1.85796
-0.969059
0.579421
0.391032
0.479676
0.0574872
0.038809
0.0398755
1.02957
1.10691
0.688142
0.856917
0.86424
0.772553
0.802858
0.860459
0.783667
0.820075
0.856548
0.836614
0.590824
0.53425
0.545376
0.861785
0.918114
0.167412
0.111904
0.0670903
0.152496
0.212152
0.183692
1.06983
0.974235
1.04606
0.565803
0.566502
0.0210835
0.0279687
0.570662
0.570709
0.00177446
0.00219641
0.461913
-0.804119
0.154894
0.559143
0.549339
0.566308
-0.0447674
0.40034
0.00346443
0.0945437
0.0419403
0.561843
0.497831
0.458513
0.0301228
0.0186211
0.0118717
-0.171842
0.563474
0.561786
0.56577
0.566745
0.567407
0.0201484
0.0210784
0.0201102
0.0165151
0.0194225
0.0165874
0.530818
0.54845
-0.126833
0.565906
0.568029
0.567847
0.561035
0.56671
0.564928
0.0234245
0.00156594
0.00292022
0.265068
0.388264
0.707953
0.801543
0.675478
0.448289
0.20931
0.608001
0.673245
0.576166
0.733618
0.725255
0.743876
0.219445
0.0712911
0.227093
0.168057
0.557013
0.555683
0.547608
0.544683
0.561156
0.55927
0.563829
0.560825
0.563782
0.565175
-0.00423356
-0.0267876
-0.041227
-0.104373
0.356762
0.617824
0.294937
0.325171
0.187524
0.00463216
0.00556523
0.00529467
-0.000455268
0.0433606
0.0260825
0.0868446
0.0891094
0.0590283
0.0329712
0.0354243
0.0273404
0.0255799
0.55517
0.553448
0.559894
0.568453
0.507132
0.510906
0.476999
0.496939
0.482762
0.423529
0.457851
0.433401
0.0233381
0.0363068
0.0182133
0.0209597
0.0218776
0.0314854
0.029448
0.0240088
0.02441
0.0209508
0.0129588
0.0127322
-0.1311
-0.244931
1.02172
0.955828
0.166871
0.552666
0.559088
0.555874
0.560673
0.563804
0.564647
0.562394
0.558966
0.548969
0.550689
0.547207
0.547911
-0.0648459
-0.201369
-0.028012
-0.0968
0.17192
0.6567
0.400344
0.339902
0.334535
0.556761
0.962939
0.756626
0.746539
0.767926
-0.308443
0.0883833
-0.24142
0.378367
0.200016
0.707531
0.756881
0.777587
0.72568
0.677835
-0.0791116
0.583296
-0.0190737
0.0275892
0.222268
0.110651
0.747818
0.708896
0.714369
0.732547
0.751856
0.714714
0.696155
0.691661
0.728299
0.731841
0.533848
0.297008
0.250797
0.21187
0.691021
0.573491
0.629954
0.541434
0.552006
0.554751
0.553349
0.53557
0.542962
0.538649
0.544601
0.547895
0.556888
0.557255
0.552652
0.554835
-0.0078517
-0.0101529
0.0117708
-0.095444
-0.0861552
-0.145351
-0.0250721
0.115196
0.0771935
0.273881
0.378778
0.0915287
-0.0238246
0.00586948
0.0399168
0.21802
0.243217
0.117142
0.206511
0.192825
0.178129
0.279226
0.285298
0.0176149
0.0126888
0.0145078
0.0112409
0.0649492
0.135958
0.145616
0.037207
0.0319442
0.00582601
0.00189898
0.0194569
0.0175073
0.0188136
0.0579677
-0.0350126
0.0158944
0.0360165
0.0396669
0.0367001
0.0307031
0.547921
0.549932
0.549678
0.557711
0.574591
0.590223
0.54867
0.528813
0.519798
0.522767
0.496433
0.506467
0.502134
0.51573
0.535844
0.544875
0.542782
0.5454
0.528439
0.529965
0.516845
0.520656
0.496409
0.478247
0.466747
0.0104327
0.0458107
0.0504707
0.00130951
0.0337649
0.0152766
0.0326983
0.0522297
0.0349053
0.0290473
0.0224716
0.0270214
0.0291804
-0.0374378
0.0439569
-0.14746
-0.180773
-0.250974
0.92621
1.04621
0.848761
0.624643
0.639403
0.878065
0.964425
0.586626
0.772591
0.796211
0.607972
0.877695
0.557472
0.557081
0.554681
0.554162
0.555401
0.0245175
0.125737
0.13422
0.189022
0.303383
0.416539
0.339944
0.218491
0.351468
0.355274
0.651937
0.666476
0.617871
0.64027
0.639369
0.464858
0.543165
0.596817
0.550656
0.598305
0.620468
0.580338
0.610984
0.557675
0.513585
0.511013
0.459322
0.481201
0.458459
0.439941
0.547115
0.525025
0.535103
0.526006
0.545482
0.569638
0.566051
0.596694
0.607952
0.529826
0.48786
0.497824
0.526469
0.487798
0.501994
0.517663
0.253647
0.152478
0.238115
-0.0522924
0.028017
0.0130204
-0.0340358
0.0114311
0.297079
-0.399991
-0.373236
-1.00573
0.522868
0.993167
0.700589
0.673393
0.748073
0.726662
0.730266
0.753622
0.759784
0.681331
0.699575
0.702822
0.661669
0.685217
0.708692
0.706023
0.5558
0.427802
0.420721
0.378007
0.250904
0.285959
0.488225
0.410278
0.335955
0.338765
0.501323
0.388977
0.455632
0.494552
0.426379
0.381256
0.585926
0.651128
0.64091
0.61534
0.533563
0.547725
0.572549
0.60837
0.635284
0.667395
0.544315
0.550128
0.551391
0.548902
0.546115
0.549039
0.549175
0.551707
0.552507
0.555438
0.554436
0.0036948
0.0150412
0.0026295
-0.00457071
0.0232513
0.0181465
0.0626146
0.0485814
0.034354
0.0413625
0.0149882
0.0104295
0.0168235
0.025574
0.137942
0.15111
0.135278
0.095708
0.286245
0.417196
0.487749
0.365292
0.258306
0.281524
0.304789
0.0282965
0.0564471
0.0414622
0.0840025
0.0754365
0.0134235
0.0117817
0.0130832
0.0151926
0.0260755
0.0083608
0.0146287
0.0195978
0.010829
0.00905342
0.0115216
0.531011
0.524531
0.525917
0.519896
0.518739
0.532699
0.536944
0.53876
0.54409
0.546093
0.536587
0.542072
0.545668
0.0331522
0.0181116
0.00554411
0.0250908
0.0247462
0.0269466
0.0224519
0.153562
0.0842151
0.0900668
0.0423485
-0.0861536
-0.0284578
0.515466
0.512186
0.507518
0.746512
0.597054
0.515148
0.610326
0.71677
0.303396
0.502276
0.335527
0.917392
0.810522
0.956787
0.572923
0.268345
0.423849
0.474729
0.282285
0.354575
0.360367
0.248411
0.280219
0.312539
0.413847
0.290078
0.264543
0.0223553
0.209999
0.327137
0.308028
0.436227
0.498281
0.287305
0.207083
0.163091
0.643482
0.662513
0.681538
0.651987
0.676141
0.606751
0.595689
0.613449
0.622074
0.618446
-0.733675
-0.441524
-1.38524
-0.699958
-0.249965
0.55307
0.515958
0.796163
0.6817
0.744958
0.729524
0.687541
0.653257
0.66755
0.699108
0.394758
0.506217
0.480536
0.486115
0.386627
0.31921
0.620775
0.614659
0.650795
0.674884
0.641816
0.674796
0.542091
0.541716
0.5414
0.537798
0.536039
0.538235
0.100349
0.0695011
0.104425
0.084256
0.0624149
0.0513183
0.0364131
0.0287806
0.0252001
0.0246678
0.0337751
0.0358516
0.194003
0.136088
0.0600512
0.0900424
0.0281941
-0.0381283
-0.056824
0.0452949
0.138031
0.128273
0.435394
0.687018
0.508055
0.677343
0.516974
0.572708
0.498164
0.491067
0.517787
0.405249
0.485217
0.253254
-0.251069
-0.159293
0.811126
0.828901
0.610819
0.425617
0.196431
0.384819
0.581317
0.516544
0.555201
0.624144
0.615477
0.0377238
0.104012
0.365185
0.592659
0.258683
0.251114
0.24555
0.420324
0.344401
))
(300 (1 10 1 0 0 919 1018)(
0.588145
1.24183
0.00606802
0.587496
1.20884
-0.465322
0.74879
-0.0611348
0.000570765
0.563818
1.06958
0.834566
-1.09415
0.698859
-0.346664
0.56733
0.013949
0.785444
0.568495
0.631935
0.813744
0.950437
0.0168429
1.09249
0.536554
-0.397948
-0.495802
0.742621
-0.143463
0.759161
0.555473
-0.0975661
-0.0321611
0.000837687
0.000735341
0.48735
0.556698
0.577446
1.1096
1.0201
0.877679
0.805643
-2.49518
-0.243879
0.688344
0.711896
-0.45885
0.566249
0.570441
0.0136219
0.0104584
0.772573
0.566053
0.597439
0.318056
0.647948
0.637259
0.806115
0.887025
1.01088
0.525229
0.551515
0.542353
-0.302774
-0.527492
0.731226
-0.21805
-0.073998
0.547832
0.559693
-0.209054
-0.0148378
-0.00289694
0.00377358
0.46979
0.506994
0.549672
0.552632
0.97447
0.224454
0.675386
0.555539
0.559067
0.0113392
0.766474
0.194101
0.394956
0.662553
0.735007
1.04307
0.517329
0.553364
0.548158
0.721117
-0.00564187
0.436918
0.925895
0.479676
0.820075
0.0670903
))
(300 (1 11 1 0 0 919 926)(
0.588145
0.587496
0.568297
0.574878
0.568553
0.569982
0.574638
0.570533
))
(300 (1 12 1 0 0 919 922)(
1.24183
1.20884
1.16626
1.17943
))
(300 (1 13 1 0 0 919 926)(
0
0
0
0
0
0
0
0
))
(300 (1 14 1 0 0 919 952)(
-0.00794052
0.0181839
-0.0101051
0.362067
0.445302
0.09179
0.0312394
1.11574
0.00767421
0.143032
0.472402
0.63457
0.632336
0.335994
0.134601
0.0744949
-6.30126
0.0481988
0.0428227
1.03546
0.966626
-0.392654
0.521977
0.527056
0.79172
0.259795
-0.969059
0.0398755
1.10691
0.86424
0.545376
0.918114
0.183692
1.04606
))
(300 (1 15 1 0 0 919 2754)(
0.588145
0.588145
1.24183
1.24183
0.00606802
0.00606802
0.587496
0.587496
-0.00794052
-0.00794052
1.20884
1.20884
-0.465322
-0.465322
0.74879
0.74879
0.568297
0.568297
-0.0611348
-0.0611348
0.000570765
0.000570765
0.563818
0.563818
1.06958
1.06958
0.834566
0.834566
-1.09415
-1.09415
0.0181839
0.0181839
0.698859
0.698859
-0.346664
-0.346664
0.56733
0.56733
0.013949
0.013949
0.785444
0.785444
0.574878
0.574878
0.577909
0.577909
0.568495
0.568495
0.631935
0.631935
0.813744
0.813744
0.950437
0.950437
0.0168429
0.0168429
0.00247075
0.00247075
-0.00199699
-0.00199699
-0.00191265
-0.00191265
-0.0268843
-0.0268843
-0.0101051
-0.0101051
1.09249
1.09249
1.14357
1.14357
1.16626
1.16626
0.536554
0.536554
0.362067
0.362067
-0.329003
-0.329003
-0.397948
-0.397948
-0.393142
-0.393142
-0.495802
-0.495802
0.741722
0.741722
0.742621
0.742621
-0.143463
-0.143463
0.750602
0.750602
0.759161
0.759161
0.555473
0.555473
0.567659
0.567659
0.568553
0.568553
0.569636
0.569636
0.568589
0.568589
0.569982
0.569982
0.445302
0.445302
-0.0658488
-0.0658488
-0.0975661
-0.0975661
-0.0417387
-0.0417387
-0.0321611
-0.0321611
0.09179
0.09179
0.00176572
0.00176572
0.000837687
0.000837687
0.00500116
0.00500116
0.000735341
0.000735341
0.48735
0.48735
0.559483
0.559483
0.556698
0.556698
0.568864
0.568864
0.577446
0.577446
1.18138
1.18138
1.1533
1.1533
1.17943
1.17943
1.09313
1.09313
1.1096
1.1096
1.04757
1.04757
1.0201
1.0201
0.855839
0.855839
0.877679
0.877679
0.818818
0.818818
0.805643
0.805643
-1.5323
-1.5323
-2.49518
-2.49518
-0.498007
-0.498007
-0.243879
-0.243879
-0.00209413
-0.00209413
0.0256343
0.0256343
0.0312394
0.0312394
0.690181
0.690181
0.688344
0.688344
0.700251
0.700251
0.711896
0.711896
1.11574
1.11574
-0.342398
-0.342398
-0.45885
-0.45885
0.567453
0.567453
0.566249
0.566249
0.574638
0.574638
0.575333
0.575333
0.571348
0.571348
0.570441
0.570441
0.0152413
0.0152413
0.0136219
0.0136219
0.0103243
0.0103243
0.0120277
0.0120277
0.0104584
0.0104584
0.774705
0.774705
0.772573
0.772573
0.569034
0.569034
0.566053
0.566053
0.584684
0.584684
0.605539
0.605539
0.597439
0.597439
0.318056
0.318056
0.635717
0.635717
0.647948
0.647948
0.637259
0.637259
0.802104
0.802104
0.797931
0.797931
0.806115
0.806115
0.924095
0.924095
0.887025
0.887025
0.987525
0.987525
1.01088
1.01088
0.0155766
0.0155766
0.00474313
0.00474313
0.0126514
0.0126514
-0.00337596
-0.00337596
0.00767421
0.00767421
0.532487
0.532487
0.525229
0.525229
0.551515
0.551515
0.539908
0.539908
0.542353
0.542353
0.277925
0.277925
0.143032
0.143032
0.447428
0.447428
0.472402
0.472402
-0.242206
-0.242206
-0.302774
-0.302774
-0.399331
-0.399331
-0.420036
-0.420036
-0.527492
-0.527492
0.63457
0.63457
0.73223
0.73223
0.731226
0.731226
-0.162892
-0.162892
-0.086874
-0.086874
-0.21805
-0.21805
-0.0142499
-0.0142499
-0.073998
-0.073998
0.545878
0.545878
0.552781
0.552781
0.547832
0.547832
0.563245
0.563245
0.557743
0.557743
0.559693
0.559693
0.571899
0.571899
0.568974
0.568974
0.570533
0.570533
0.508501
0.508501
0.632336
0.632336
0.371025
0.371025
0.335994
0.335994
-0.206778
-0.206778
-0.116088
-0.116088
-0.209054
-0.209054
-0.0194382
-0.0194382
-0.0148378
-0.0148378
0.109575
0.109575
0.134601
0.134601
0.080543
0.080543
0.0744949
0.0744949
-0.00721074
-0.00721074
-0.00163223
-0.00163223
-0.00289694
-0.00289694
-0.000238132
-0.000238132
0.00377358
0.00377358
0.480498
0.480498
0.46979
0.46979
0.499636
0.499636
0.506994
0.506994
0.549672
0.549672
0.550833
0.550833
0.55417
0.55417
0.552632
0.552632
0.970967
0.970967
0.993405
0.993405
1.00079
1.00079
0.97447
0.97447
-3.497
-3.497
-6.30126
-6.30126
0.0854521
0.0854521
0.224454
0.224454
0.00520607
0.00520607
0.00497437
0.00497437
0.00407331
0.00407331
0.00669098
0.00669098
0.00750965
0.00750965
0.00230274
0.00230274
0.0481988
0.0481988
0.0410273
0.0410273
0.0319587
0.0319587
0.0428227
0.0428227
0.67581
0.67581
0.675386
0.675386
1.03469
1.03469
1.03546
1.03546
1.01638
1.01638
0.966626
0.966626
0.555539
0.555539
0.557663
0.557663
0.563215
0.563215
0.559067
0.559067
0.00748503
0.00748503
0.0121023
0.0121023
0.0113392
0.0113392
0.760147
0.760147
0.768325
0.768325
0.766474
0.766474
0.2811
0.2811
0.194101
0.194101
0.367049
0.367049
0.394956
0.394956
0.664579
0.664579
0.651583
0.651583
0.662553
0.662553
0.699579
0.699579
0.735007
0.735007
1.01834
1.01834
1.0365
1.0365
1.0348
1.0348
1.04307
1.04307
1.08707
1.08707
1.10345
1.10345
1.0688
1.0688
0.512576
0.512576
0.522202
0.522202
0.517329
0.517329
0.554714
0.554714
0.552416
0.552416
0.553364
0.553364
0.548874
0.548874
0.550352
0.550352
0.548158
0.548158
-0.00895741
-0.00895741
-0.392654
-0.392654
0.521977
0.521977
0.540194
0.540194
0.52097
0.52097
0.527056
0.527056
0.714504
0.714504
0.79172
0.79172
0.713063
0.713063
0.723192
0.723192
0.721117
0.721117
0.0512309
0.0512309
-0.00564187
-0.00564187
0.292659
0.292659
0.259795
0.259795
0.422051
0.422051
0.457354
0.457354
0.436918
0.436918
0.942206
0.942206
0.902268
0.902268
0.952418
0.952418
0.925895
0.925895
0.887228
0.887228
0.913703
0.913703
-0.344224
-0.344224
-1.85796
-1.85796
-0.969059
-0.969059
0.579421
0.579421
0.391032
0.391032
0.479676
0.479676
0.0574872
0.0574872
0.038809
0.038809
0.0398755
0.0398755
1.02957
1.02957
1.10691
1.10691
0.688142
0.688142
0.856917
0.856917
0.86424
0.86424
0.772553
0.772553
0.802858
0.802858
0.860459
0.860459
0.783667
0.783667
0.820075
0.820075
0.856548
0.856548
0.836614
0.836614
0.590824
0.590824
0.53425
0.53425
0.545376
0.545376
0.861785
0.861785
0.918114
0.918114
0.167412
0.167412
0.111904
0.111904
0.0670903
0.0670903
0.152496
0.152496
0.212152
0.212152
0.183692
0.183692
1.06983
1.06983
0.974235
0.974235
1.04606
1.04606
0.565803
0.565803
0.566502
0.566502
0.0210835
0.0210835
0.0279687
0.0279687
0.570662
0.570662
0.570709
0.570709
0.00177446
0.00177446
0.00219641
0.00219641
0.461913
0.461913
-0.804119
-0.804119
0.154894
0.154894
0.559143
0.559143
0.549339
0.549339
0.566308
0.566308
-0.0447674
-0.0447674
0.40034
0.40034
0.00346443
0.00346443
0.0945437
0.0945437
0.0419403
0.0419403
0.561843
0.561843
0.497831
0.497831
0.458513
0.458513
0.0301228
0.0301228
0.0186211
0.0186211
0.0118717
0.0118717
-0.171842
-0.171842
0.563474
0.563474
0.561786
0.561786
0.56577
0.56577
0.566745
0.566745
0.567407
0.567407
0.0201484
0.0201484
0.0210784
0.0210784
0.0201102
0.0201102
0.0165151
0.0165151
0.0194225
0.0194225
0.0165874
0.0165874
0.530818
0.530818
0.54845
0.54845
-0.126833
-0.126833
0.565906
0.565906
0.568029
0.568029
0.567847
0.567847
0.561035
0.561035
0.56671
0.56671
0.564928
0.564928
0.0234245
0.0234245
0.00156594
0.00156594
0.00292022
0.00292022
0.265068
0.265068
0.388264
0.388264
0.707953
0.707953
0.801543
0.801543
0.675478
0.675478
0.448289
0.448289
0.20931
0.20931
0.608001
0.608001
0.673245
0.673245
0.576166
0.576166
0.733618
0.733618
0.725255
0.725255
0.743876
0.743876
0.219445
0.219445
0.0712911
0.0712911
0.227093
0.227093
0.168057
0.168057
0.557013
0.557013
0.555683
0.555683
0.547608
0.547608
0.544683
0.544683
0.561156
0.561156
0.55927
0.55927
0.563829
0.563829
0.560825
0.560825
0.563782
0.563782
0.565175
0.565175
-0.00423356
-0.00423356
-0.0267876
-0.0267876
-0.041227
-0.041227
-0.104373
-0.104373
0.356762
0.356762
0.617824
0.617824
0.294937
0.294937
0.325171
0.325171
0.187524
0.187524
0.00463216
0.00463216
0.00556523
0.00556523
0.00529467
0.00529467
-0.000455268
-0.000455268
0.0433606
0.0433606
0.0260825
0.0260825
0.0868446
0.0868446
0.0891094
0.0891094
0.0590283
0.0590283
0.0329712
0.0329712
0.0354243
0.0354243
0.0273404
0.0273404
0.0255799
0.0255799
0.55517
0.55517
0.553448
0.553448
0.559894
0.559894
0.568453
0.568453
0.507132
0.507132
0.510906
0.510906
0.476999
0.476999
0.496939
0.496939
0.482762
0.482762
0.423529
0.423529
0.457851
0.457851
0.433401
0.433401
0.0233381
0.0233381
0.0363068
0.0363068
0.0182133
0.0182133
0.0209597
0.0209597
0.0218776
0.0218776
0.0314854
0.0314854
0.029448
0.029448
0.0240088
0.0240088
0.02441
0.02441
0.0209508
0.0209508
0.0129588
0.0129588
0.0127322
0.0127322
-0.1311
-0.1311
-0.244931
-0.244931
1.02172
1.02172
0.955828
0.955828
0.166871
0.166871
0.552666
0.552666
0.559088
0.559088
0.555874
0.555874
0.560673
0.560673
0.563804
0.563804
0.564647
0.564647
0.562394
0.562394
0.558966
0.558966
0.548969
0.548969
0.550689
0.550689
0.547207
0.547207
0.547911
0.547911
-0.0648459
-0.0648459
-0.201369
-0.201369
-0.028012
-0.028012
-0.0968
-0.0968
0.17192
0.17192
0.6567
0.6567
0.400344
0.400344
0.339902
0.339902
0.334535
0.334535
0.556761
0.556761
0.962939
0.962939
0.756626
0.756626
0.746539
0.746539
0.767926
0.767926
-0.308443
-0.308443
0.0883833
0.0883833
-0.24142
-0.24142
0.378367
0.378367
0.200016
0.200016
0.707531
0.707531
0.756881
0.756881
0.777587
0.777587
0.72568
0.72568
0.677835
0.677835
-0.0791116
-0.0791116
0.583296
0.583296
-0.0190737
-0.0190737
0.0275892
0.0275892
0.222268
0.222268
0.110651
0.110651
0.747818
0.747818
0.708896
0.708896
0.714369
0.714369
0.732547
0.732547
0.751856
0.751856
0.714714
0.714714
0.696155
0.696155
0.691661
0.691661
0.728299
0.728299
0.731841
0.731841
0.533848
0.533848
0.297008
0.297008
0.250797
0.250797
0.21187
0.21187
0.691021
0.691021
0.573491
0.573491
0.629954
0.629954
0.541434
0.541434
0.552006
0.552006
0.554751
0.554751
0.553349
0.553349
0.53557
0.53557
0.542962
0.542962
0.538649
0.538649
0.544601
0.544601
0.547895
0.547895
0.556888
0.556888
0.557255
0.557255
0.552652
0.552652
0.554835
0.554835
-0.0078517
-0.0078517
-0.0101529
-0.0101529
0.0117708
0.0117708
-0.095444
-0.095444
-0.0861552
-0.0861552
-0.145351
-0.145351
-0.0250721
-0.0250721
0.115196
0.115196
0.0771935
0.0771935
0.273881
0.273881
0.378778
0.378778
0.0915287
0.0915287
-0.0238246
-0.0238246
0.00586948
0.00586948
0.0399168
0.0399168
0.21802
0.21802
0.243217
0.243217
0.117142
0.117142
0.206511
0.206511
0.192825
0.192825
0.178129
0.178129
0.279226
0.279226
0.285298
0.285298
0.0176149
0.0176149
0.0126888
0.0126888
0.0145078
0.0145078
0.0112409
0.0112409
0.0649492
0.0649492
0.135958
0.135958
0.145616
0.145616
0.037207
0.037207
0.0319442
0.0319442
0.00582601
0.00582601
0.00189898
0.00189898
0.0194569
0.0194569
0.0175073
0.0175073
0.0188136
0.0188136
0.0579677
0.0579677
-0.0350126
-0.0350126
0.0158944
0.0158944
0.0360165
0.0360165
0.0396669
0.0396669
0.0367001
0.0367001
0.0307031
0.0307031
0.547921
0.547921
0.549932
0.549932
0.549678
0.549678
0.557711
0.557711
0.574591
0.574591
0.590223
0.590223
0.54867
0.54867
0.528813
0.528813
0.519798
0.519798
0.522767
0.522767
0.496433
0.496433
0.506467
0.506467
0.502134
0.502134
0.51573
0.51573
0.535844
0.535844
0.544875
0.544875
0.542782
0.542782
0.5454
0.5454
0.528439
0.528439
0.529965
0.529965
0.516845
0.516845
0.520656
0.520656
0.496409
0.496409
0.478247
0.478247
0.466747
0.466747
0.0104327
0.0104327
0.0458107
0.0458107
0.0504707
0.0504707
0.00130951
0.00130951
0.0337649
0.0337649
0.0152766
0.0152766
0.0326983
0.0326983
0.0522297
0.0522297
0.0349053
0.0349053
0.0290473
0.0290473
0.0224716
0.0224716
0.0270214
0.0270214
0.0291804
0.0291804
-0.0374378
-0.0374378
0.0439569
0.0439569
-0.14746
-0.14746
-0.180773
-0.180773
-0.250974
-0.250974
0.92621
0.92621
1.04621
1.04621
0.848761
0.848761
0.624643
0.624643
0.639403
0.639403
0.878065
0.878065
0.964425
0.964425
0.586626
0.586626
0.772591
0.772591
0.796211
0.796211
0.607972
0.607972
0.877695
0.877695
0.557472
0.557472
0.557081
0.557081
0.554681
0.554681
0.554162
0.554162
0.555401
0.555401
0.0245175
0.0245175
0.125737
0.125737
0.13422
0.13422
0.189022
0.189022
0.303383
0.303383
0.416539
0.416539
0.339944
0.339944
0.218491
0.218491
0.351468
0.351468
0.355274
0.355274
0.651937
0.651937
0.666476
0.666476
0.617871
0.617871
0.64027
0.64027
0.639369
0.639369
0.464858
0.464858
0.543165
0.543165
0.596817
0.596817
0.550656
0.550656
0.598305
0.598305
0.620468
0.620468
0.580338
0.580338
0.610984
0.610984
0.557675
0.557675
0.513585
0.513585
0.511013
0.511013
0.459322
0.459322
0.481201
0.481201
0.458459
0.458459
0.439941
0.439941
0.547115
0.547115
0.525025
0.525025
0.535103
0.535103
0.526006
0.526006
0.545482
0.545482
0.569638
0.569638
0.566051
0.566051
0.596694
0.596694
0.607952
0.607952
0.529826
0.529826
0.48786
0.48786
0.497824
0.497824
0.526469
0.526469
0.487798
0.487798
0.501994
0.501994
0.517663
0.517663
0.253647
0.253647
0.152478
0.152478
0.238115
0.238115
-0.0522924
-0.0522924
0.028017
0.028017
0.0130204
0.0130204
-0.0340358
-0.0340358
0.0114311
0.0114311
0.297079
0.297079
-0.399991
-0.399991
-0.373236
-0.373236
-1.00573
-1.00573
0.522868
0.522868
0.993167
0.993167
0.700589
0.700589
0.673393
0.673393
0.748073
0.748073
0.726662
0.726662
0.730266
0.730266
0.753622
0.753622
0.759784
0.759784
0.681331
0.681331
0.699575
0.699575
0.702822
0.702822
0.661669
0.661669
0.685217
0.685217
0.708692
0.708692
0.706023
0.706023
0.5558
0.5558
0.427802
0.427802
0.420721
0.420721
0.378007
0.378007
0.250904
0.250904
0.285959
0.285959
0.488225
0.488225
0.410278
0.410278
0.335955
0.335955
0.338765
0.338765
0.501323
0.501323
0.388977
0.388977
0.455632
0.455632
0.494552
0.494552
0.426379
0.426379
0.381256
0.381256
0.585926
0.585926
0.651128
0.651128
0.64091
0.64091
0.61534
0.61534
0.533563
0.533563
0.547725
0.547725
0.572549
0.572549
0.60837
0.60837
0.635284
0.635284
0.667395
0.667395
0.544315
0.544315
0.550128
0.550128
0.551391
0.551391
0.548902
0.548902
0.546115
0.546115
0.549039
0.549039
0.549175
0.549175
0.551707
0.551707
0.552507
0.552507
0.555438
0.555438
0.554436
0.554436
0.0036948
0.0036948
0.0150412
0.0150412
0.0026295
0.0026295
-0.00457071
-0.00457071
0.0232513
0.0232513
0.0181465
0.0181465
0.0626146
0.0626146
0.0485814
0.0485814
0.034354
0.034354
0.0413625
0.0413625
0.0149882
0.0149882
0.0104295
0.0104295
0.0168235
0.0168235
0.025574
0.025574
0.137942
0.137942
0.15111
0.15111
0.135278
0.135278
0.095708
0.095708
0.286245
0.286245
0.417196
0.417196
0.487749
0.487749
0.365292
0.365292
0.258306
0.258306
0.281524
0.281524
0.304789
0.304789
0.0282965
0.0282965
0.0564471
0.0564471
0.0414622
0.0414622
0.0840025
0.0840025
0.0754365
0.0754365
0.0134235
0.0134235
0.0117817
0.0117817
0.0130832
0.0130832
0.0151926
0.0151926
0.0260755
0.0260755
0.0083608
0.0083608
0.0146287
0.0146287
0.0195978
0.0195978
0.010829
0.010829
0.00905342
0.00905342
0.0115216
0.0115216
0.531011
0.531011
0.524531
0.524531
0.525917
0.525917
0.519896
0.519896
0.518739
0.518739
0.532699
0.532699
0.536944
0.536944
0.53876
0.53876
0.54409
0.54409
0.546093
0.546093
0.536587
0.536587
0.542072
0.542072
0.545668
0.545668
0.0331522
0.0331522
0.0181116
0.0181116
0.00554411
0.00554411
0.0250908
0.0250908
0.0247462
0.0247462
0.0269466
0.0269466
0.0224519
0.0224519
0.153562
0.153562
0.0842151
0.0842151
0.0900668
0.0900668
0.0423485
0.0423485
-0.0861536
-0.0861536
-0.0284578
-0.0284578
0.515466
0.515466
0.512186
0.512186
0.507518
0.507518
0.746512
0.746512
0.597054
0.597054
0.515148
0.515148
0.610326
0.610326
0.71677
0.71677
0.303396
0.303396
0.502276
0.502276
0.335527
0.335527
0.917392
0.917392
0.810522
0.810522
0.956787
0.956787
0.572923
0.572923
0.268345
0.268345
0.423849
0.423849
0.474729
0.474729
0.282285
0.282285
0.354575
0.354575
0.360367
0.360367
0.248411
0.248411
0.280219
0.280219
0.312539
0.312539
0.413847
0.413847
0.290078
0.290078
0.264543
0.264543
0.0223553
0.0223553
0.209999
0.209999
0.327137
0.327137
0.308028
0.308028
0.436227
0.436227
0.498281
0.498281
0.287305
0.287305
0.207083
0.207083
0.163091
0.163091
0.643482
0.643482
0.662513
0.662513
0.681538
0.681538
0.651987
0.651987
0.676141
0.676141
0.606751
0.606751
0.595689
0.595689
0.613449
0.613449
0.622074
0.622074
0.618446
0.618446
-0.733675
-0.733675
-0.441524
-0.441524
-1.38524
-1.38524
-0.699958
-0.699958
-0.249965
-0.249965
0.55307
0.55307
0.515958
0.515958
0.796163
0.796163
0.6817
0.6817
0.744958
0.744958
0.729524
0.729524
0.687541
0.687541
0.653257
0.653257
0.66755
0.66755
0.699108
0.699108
0.394758
0.394758
0.506217
0.506217
0.480536
0.480536
0.486115
0.486115
0.386627
0.386627
0.31921
0.31921
0.620775
0.620775
0.614659
0.614659
0.650795
0.650795
0.674884
0.674884
0.641816
0.641816
0.674796
0.674796
0.542091
0.542091
0.541716
0.541716
0.5414
0.5414
0.537798
0.537798
0.536039
0.536039
0.538235
0.538235
0.100349
0.100349
0.0695011
0.0695011
0.104425
0.104425
0.084256
0.084256
0.0624149
0.0624149
0.0513183
0.0513183
0.0364131
0.0364131
0.0287806
0.0287806
0.0252001
0.0252001
0.0246678
0.0246678
0.0337751
0.0337751
0.0358516
0.0358516
0.194003
0.194003
0.136088
0.136088
0.0600512
0.0600512
0.0900424
0.0900424
0.0281941
0.0281941
-0.0381283
-0.0381283
-0.056824
-0.056824
0.0452949
0.0452949
0.138031
0.138031
0.128273
0.128273
0.435394
0.435394
0.687018
0.687018
0.508055
0.508055
0.677343
0.677343
0.516974
0.516974
0.572708
0.572708
0.498164
0.498164
0.491067
0.491067
0.517787
0.517787
0.405249
0.405249
0.485217
0.485217
0.253254
0.253254
-0.251069
-0.251069
-0.159293
-0.159293
0.811126
0.811126
0.828901
0.828901
0.610819
0.610819
0.425617
0.425617
0.196431
0.196431
0.384819
0.384819
0.581317
0.581317
0.516544
0.516544
0.555201
0.555201
0.624144
0.624144
0.615477
0.615477
0.0377238
0.0377238
0.104012
0.104012
0.365185
0.365185
0.592659
0.592659
0.258683
0.258683
0.251114
0.251114
0.24555
0.24555
0.420324
0.420324
0.344401
0.344401
))
(300 (2 1 3 0 0 1 918)(
0.985163 -0.000501742 0 
0.00500939 2.96625 0 
-0.0038461 0.803575 0 
0.979703 0.00214795 0 
-0.0345947 2.00006 2.53938e-20 
-0.00704277 2.94879 -2.59077e-18 
0.827204 1.1676 4.09601e-19 
0.286831 0.134402 -1.66336e-20 
0.999909 -0.000280846 0 
0.0595496 0.815593 0 
0.0162626 0.623018 0 
0.734773 -0.0142594 0 
0.0111357 2.93031 0 
0.00262694 2.79487 0 
-0.0175213 3.15633 7.49525e-19 
0.00125266 1.86834 -2.05636e-20 
0.354209 0.0367031 1.09134e-18 
0.190497 1.1774 2.81554e-19 
0.962774 0.0050169 0 
0.00660131 0.610948 0 
0.0653786 0.179942 -7.87329e-19 
1.00198 -0.00498118 0 
1.00022 -0.00979193 0 
0.975726 -0.00644165 0 
0.585674 -0.0368666 0 
0.0159697 2.6386 0 
-0.0148947 2.91002 9.6149e-19 
-0.00196434 0.876535 0 
0.00976576 1.07258 0 
-0.00323831 0.852131 0 
-0.0274616 2.59729 0 
-0.00811294 2.07576 -2.02546e-20 
-0.0188656 1.81589 0 
-0.020603 2.9876 -9.34919e-23 
-0.0166904 3.0053 2.01353e-18 
0.00210445 3.00018 0 
0.870694 -0.00938155 0 
0.403574 0.93721 1.98517e-19 
0.806197 1.18496 -4.36482e-19 
0.95216 1.02294 4.90209e-19 
0.676956 1.27817 -9.59037e-20 
0.675074 1.26441 5.5208e-19 
0.327818 0.216338 1.62275e-20 
0.301845 0.104689 0 
1.12709 0.549444 0 
0.293267 0.208438 7.41515e-20 
0.257007 0.13798 -7.69481e-20 
0.919759 -0.0074571 0 
1.00027 0.000148609 0 
0.99991 0.000331981 0 
1.00363 -0.00777144 0 
1.00096 -0.000932937 0 
1.00017 2.91592e-05 0 
0.0791835 1.81033 -8.52006e-19 
0.0287964 0.995899 0 
0.0894129 0.880228 0 
0.0116307 0.94636 0 
0.0342293 0.758436 0 
0.0227933 1.9969 0 
0.0211403 0.824279 0 
0.0170016 0.652848 0 
0.0074231 0.803883 0 
-0.00445547 0.602759 0 
0.837983 -0.0157271 0 
0.847905 0.0284536 0 
0.767731 -0.0033677 0 
0.818868 0.0386447 0 
0.702969 -0.018636 0 
0.0146927 3.0004 9.62092e-19 
0.0115098 3.00802 0 
0.00611646 3.00279 0 
0.0135576 2.99736 1.09437e-23 
0.00796839 2.95846 -1.42991e-18 
0.014492 2.98199 0 
0.0108451 2.9036 0 
0.0247652 2.93033 2.22606e-24 
0.00445989 2.82512 0 
0.031258 2.91607 0 
-0.00548903 2.74564 0 
0.308668 3.55342 0 
-0.131823 3.63501 0 
0.139761 3.24675 -6.97518e-19 
-0.012595 2.98195 0 
-0.00259184 2.08433 0 
-0.0147823 2.12644 2.02809e-20 
0.00154301 1.88319 -2.88622e-20 
0.450656 0.143689 -3.77579e-19 
0.352812 0.020033 -3.63845e-19 
0.433719 0.163101 -1.13716e-18 
0.340069 0.0559281 -7.50434e-19 
0.221298 0.957308 0 
0.272868 1.32103 -3.43716e-19 
0.374052 1.2631 5.76735e-19 
0.987477 0.00855261 0 
0.941942 0.00586381 0 
1.0003 0.000578455 0 
1.00286 0.00930613 0 
1.00302 0.00845902 -2.90191e-18 
0.991913 0.00970017 2.19144e-18 
-0.0133886 0.801132 0 
-0.00484046 0.612953 0 
-0.00224736 0.903538 0 
-0.00810045 0.799066 0 
-0.0158051 0.607613 0 
0.103642 0.184655 2.4338e-19 
0.160516 0.16155 0 
0.993539 -0.00838142 0 
0.954419 -0.00651731 0 
0.768848 0.0459716 0 
0.704586 0.0566083 0 
0.663246 -0.0304118 0 
0.960194 -0.00961514 0 
0.620512 0.0756224 0 
0.446742 -0.0127342 1.60267e-18 
-0.0364738 2.86397 7.31949e-19 
0.0417811 2.90972 0 
0.0546668 2.88488 0 
-0.00432788 2.69931 0 
-0.0132264 2.98508 9.14003e-19 
-0.0180203 2.89506 0 
-0.0154628 2.98805 -2.82669e-18 
-0.0133035 2.92517 9.66742e-19 
0.0522482 1.3106 0 
0.0660314 1.37253 0 
-0.0111229 2.0932 -2.34396e-22 
-0.00536337 2.06166 0 
-0.0146951 1.83707 0 
0.937959 -0.00770904 0 
0.856313 -0.00955243 0 
0.863403 0.00633067 0 
0.949161 -0.00801783 0 
0.883645 -0.00815014 0 
0.515858 1.1311 -2.49745e-19 
0.565417 1.183 0 
0.367287 0.88093 3.62238e-20 
0.309534 0.739918 0 
0.911921 1.06166 -1.32405e-19 
1.02146 0.863378 2.62004e-19 
0.368321 1.37267 0 
0.532322 1.34137 0 
0.544356 1.29401 0 
0.115063 0.180262 -3.12706e-19 
0.361591 0.206494 0 
0.326742 0.0979746 2.12227e-19 
0.992191 0.918971 0 
1.0563 0.767878 0 
1.08084 0.708249 -1.91548e-19 
1.10787 0.610279 0 
1.15407 0.394108 5.43688e-20 
0.957498 -0.00880638 0 
0.962383 -0.0101203 0 
0.901484 -0.00800468 0 
0.98417 -0.00917761 0 
0.974646 -0.00939042 0 
0.937055 -0.00635581 0 
1.00019 0.00233736 0 
1.0009 0.00139849 0 
0.999911 0.00085578 0 
0.033836 2.06416 4.69099e-19 
0.121898 1.75352 0 
0.0150493 2.18083 7.3728e-19 
0.0522003 1.86408 -6.26141e-19 
0.106112 1.18318 -2.2984e-19 
0.0468186 1.06926 0 
0.141349 1.03135 0 
0.00800904 0.89825 0 
0.0185814 0.715827 0 
-0.00516722 2.22976 -1.42405e-21 
0.0281284 1.99842 0 
-0.00557123 2.22959 -6.75212e-20 
0.0273283 1.99624 1.24703e-19 
0.00416468 0.870054 0 
0.0124694 0.84897 0 
0.0142763 0.679084 0 
-0.00321184 0.802767 0 
-0.000687927 0.595421 0 
0.935431 0.0088723 0 
0.845107 -0.0150691 0 
0.925495 -0.000280569 0 
0.840112 -0.0126666 0 
0.81216 0.00131547 0 
0.901734 0.0198935 0 
0.87829 0.0239157 0 
0.788868 -0.000625176 0 
0.00568299 3.06475 -9.04265e-21 
0.016519 3.0578 0 
0.0146143 2.96907 0 
0.00861084 2.87629 0 
0.925655 3.97016 0 
1.24033 3.30245 9.27402e-19 
0.0700575 3.07421 0 
-0.0285437 2.9055 0 
0.065093 1.44943 0 
0.0166567 1.7956 0 
0.0472603 1.65466 0 
-0.0294754 2.55397 3.32515e-21 
-0.0168543 2.27628 0 
-0.0320195 2.41478 0 
0.0208654 1.91552 -9.51248e-22 
-0.00845381 2.20781 3.91171e-20 
-0.00889445 2.17103 2.93277e-20 
0.00510939 1.89463 0 
0.477375 0.12007 5.66425e-19 
0.375883 0.00456477 -5.56395e-19 
0.260079 1.57447 0 
0.269209 0.732436 -3.24039e-19 
0.177609 1.65979 -1.08915e-18 
0.227095 1.19943 1.09186e-18 
0.902241 0.00651783 0 
0.967504 0.0110363 0 
0.974623 0.0107844 0 
0.923442 0.00650562 0 
-0.0130998 0.796618 0 
-0.00754496 0.79631 0 
-0.0121728 0.606172 0 
0.252738 0.204809 6.83721e-19 
0.210688 0.192369 -8.09985e-19 
0.217705 0.150817 0 
1.08209 0.0809983 3.13353e-20 
1.06472 0.0360262 0 
1.00262 0.037908 0 
0.899126 -0.00762415 0 
0.506359 0.0986236 0 
0.547288 0.0818234 -2.56311e-18 
0.404371 0.000153778 9.60276e-19 
0.00906035 2.98104 7.77489e-19 
-0.0329519 2.86575 4.59329e-20 
0.00368349 3.05026 -1.90968e-20 
0.0201113 3.04337 6.78403e-19 
-0.0149861 2.99655 3.17002e-20 
-0.0129743 2.94944 -1.27421e-22 
-0.0172924 3.01195 -5.8454e-19 
0.0148952 3.02376 4.23463e-19 
0.00739868 3.03691 -6.72579e-19 
0.93259 -0.0017663 0 
0.938539 -0.00368564 0 
0.844324 -0.00919645 0 
0.956725 0.011716 0 
0.943043 0.0129779 0 
0.881764 0.00609399 0 
0.918135 0.0163503 0 
0.926553 0.0146531 0 
0.838671 0.0038291 0 
0.719608 1.41043 1.89275e-20 
0.753327 1.51978 0 
0.187056 0.324189 7.50106e-20 
0.218079 0.656728 6.06172e-19 
0.25904 0.717798 -3.5233e-19 
0.265021 0.53298 7.01009e-19 
0.335747 0.788204 1.64174e-18 
0.133104 0.221113 3.84035e-19 
0.407848 0.182971 7.96273e-19 
0.387671 0.198505 2.07334e-19 
0.33791 0.0788441 3.95847e-19 
1.14504 0.452519 1.12236e-20 
1.16097 0.248125 5.04878e-21 
0.00689229 2.22904 2.92184e-19 
0.0480266 1.93081 0 
0.963997 0.0281845 0 
0.938539 0.0130572 0 
0.86268 -0.0186018 0 
0.0113604 3.07458 0 
0.0199023 2.94414 1.2516e-18 
0.0164403 2.95645 0 
0.00623005 2.85058 -1.24174e-18 
0.00621069 3.09142 3.04801e-19 
0.00705544 3.08213 0 
0.786483 1.8227 -1.54608e-19 
1.24802 2.50135 3.9089e-19 
0.768713 1.96263 -1.2227e-18 
0.0202294 2.98224 -6.76495e-19 
0.0356877 3.00203 0 
-0.0338606 2.8789 0 
-0.00975503 2.20385 -1.47671e-20 
-0.00736469 2.22862 -7.26264e-20 
0.0292242 1.96136 -8.0661e-21 
0.275168 1.38157 1.05527e-18 
0.227112 0.519977 -7.23666e-19 
0.0628378 1.98814 8.05844e-19 
0.136219 1.87634 -9.53017e-19 
0.18046 1.49361 9.18817e-20 
0.0040472 3.119 -1.84098e-18 
0.0111548 3.11934 2.02279e-18 
-0.00901615 2.98092 8.45946e-19 
-0.00433391 2.97752 -8.02367e-19 
-0.0212901 2.88086 -8.61586e-19 
0.00847171 3.10006 -2.27091e-18 
0.00204456 3.10478 2.28165e-18 
0.273557 0.680537 0 
0.237484 0.670681 -1.24932e-18 
0.0955358 0.221843 5.53716e-19 
0.350065 0.914036 1.14059e-18 
0.188483 0.265827 -1.75895e-18 
1.16115 0.167936 8.24959e-20 
1.16332 0.302077 0 
1.14841 0.116843 -2.97878e-20 
-0.00274422 2.24474 -2.0728e-21 
0.000637154 2.23646 0 
0.0341679 1.96757 0 
0.339406 1.29021 -3.79991e-19 
0.368202 1.12597 -8.20429e-19 
0.201979 0.363966 1.46227e-18 
1.00587 -0.0108622 0 
1.00766 -0.00765395 5.35745e-19 
0.0395165 1.28856 0 
0.00407355 1.23127 0 
1.00222 0.00350639 1.80411e-21 
1.00366 0.0094508 1.09312e-18 
-0.0292522 2.54737 -4.19835e-21 
-0.0293964 2.58429 0 
0.0357502 3.17898 4.58359e-19 
0.395794 3.49203 0 
1.14713 0.650765 -8.14481e-20 
1.01293 0.0130542 -2.1463e-21 
1.02127 -0.0104101 0 
1.00169 0.000104163 7.29177e-23 
0.0996781 1.35604 0 
0.147408 2.57742 0 
0.027864 1.29266 0 
0.00143215 2.63236 6.90809e-20 
-0.0224672 2.58815 3.93085e-20 
1.0017 0.028398 2.47162e-21 
1.06145 0.00334915 0 
1.0943 0.0226521 0 
0.0102621 1.82099 0 
-0.0269467 2.58481 0 
0.0166194 1.28026 0 
0.292487 1.46955 -1.32799e-19 
1.01126 -0.009658 0 
1.00939 -0.0149365 0 
1.00236 0.000715143 6.8438e-19 
1.00548 -0.00482694 -8.0462e-19 
1.00119 -0.000989697 0 
0.0243495 1.53538 0 
0.0410772 1.38174 0 
0.0487359 1.47745 0 
0.0296644 1.26741 0 
0.0159057 1.20656 0 
0.0119428 1.1859 0 
1.0345 -0.00645592 0 
1.02057 0.015694 -9.10986e-22 
0.797521 1.26531 2.21788e-19 
1.00225 0.000263303 -6.82633e-19 
1.00406 0.00524876 7.98055e-19 
1.00118 0.00205955 0 
1.01283 0.010264 6.78924e-19 
1.00802 0.00828685 -8.21884e-19 
1.00858 0.0146738 0 
-0.0303979 2.61158 0 
-0.0296089 2.59379 4.41565e-21 
-0.0306124 2.60461 -1.67169e-21 
1.22467 0.253264 6.77667e-19 
1.15564 0.0827008 0 
0.0438779 3.0774 -9.95223e-19 
0.0655664 2.85363 -7.22758e-20 
0.142032 3.19316 1.51398e-18 
0.13667 3.22205 -2.30785e-19 
0.135364 3.23467 0 
0.0197966 3.13777 2.58935e-19 
0.0765278 3.16026 9.82499e-19 
0.0689829 3.18654 -4.87466e-19 
0.0229593 3.12922 0 
0.646986 0.293416 0 
0.569847 0.345141 0 
1.11435 0.685589 2.05623e-19 
1.1104 0.813608 -2.13072e-19 
1.17569 0.569938 0 
1.20635 0.506294 0 
1.01615 0.013291 -1.26601e-18 
1.01498 0.0142613 1.58922e-18 
1.0252 -0.00993942 0 
1.02325 -0.0119487 0 
1.00645 0.00255313 0 
1.01044 0.0036935 0 
1.00462 0.00181268 0 
1.00978 0.00615731 0 
1.00783 0.00595395 0 
1.00452 0.00465398 0 
0.0879268 1.35234 0 
0.0831323 1.32628 0 
0.120514 1.38966 0 
0.132975 1.40043 0 
0.147108 2.60164 0 
0.187296 2.66847 -4.57402e-19 
0.102299 2.65946 0 
0.0878215 2.66319 2.29943e-19 
0.0409308 2.68582 -2.06886e-19 
0.0244854 1.31535 0 
0.020748 1.24439 0 
0.0306859 1.32142 0 
0.0264885 1.26188 0 
0.00114953 1.98566 -3.08654e-20 
-0.0226722 2.6158 2.44408e-20 
-0.0109525 2.6755 6.01218e-20 
-0.0185153 2.69069 0 
-0.0258357 2.62215 -8.88746e-20 
-0.0263255 2.61557 -4.10901e-20 
0.0104421 1.98545 2.55741e-20 
-0.0132051 2.41095 -3.27919e-20 
-0.0163159 2.43005 -6.817e-20 
1.01121 0.0364321 1.28912e-18 
1.00749 0.0164119 -1.59339e-18 
1.00288 0.0425459 -1.29023e-18 
0.981693 0.0220481 1.6434e-18 
1.06272 0.0071816 0 
1.04828 -0.00881617 0 
1.09153 0.0325596 0 
1.07245 0.0115367 0 
1.07023 -0.00107617 0 
1.13678 0.0789451 0 
1.1083 0.041893 0 
1.11118 0.0299359 0 
-0.0289437 2.44027 -4.81764e-21 
-0.00798986 2.03327 0 
-0.016238 2.23589 0 
-0.028285 2.60625 1.08394e-20 
-0.023851 2.61773 -6.10164e-22 
0.00142984 1.59355 3.4916e-20 
0.0203615 1.55714 -3.52303e-20 
0.0211244 1.39493 0 
0.033376 1.40923 0 
0.0243531 1.41006 0 
-0.000770253 1.29087 0 
0.00467149 1.2103 0 
0.379007 1.48443 2.07e-19 
0.417695 1.4893 1.23381e-19 
0.596614 2.44705 -2.46536e-19 
0.402576 2.54243 7.29974e-19 
0.352387 2.06586 8.3854e-20 
1.02096 -0.00821895 0 
1.01545 -0.00980476 0 
1.01489 -0.0155299 0 
1.00746 -0.00120246 0 
1.00492 -0.000967049 0 
1.00776 -0.00476994 0 
1.00924 -0.00372139 0 
1.01416 -0.00449335 0 
1.02128 0.0160318 1.23991e-18 
1.01807 0.0157307 -1.58942e-18 
1.02173 0.0179772 -1.24851e-18 
1.01963 0.0166504 1.56312e-18 
0.764516 1.31412 0 
0.699899 1.36679 2.01406e-19 
0.873504 1.21038 5.78313e-20 
0.916271 1.16335 -7.69099e-20 
1.15639 2.60878 3.43628e-19 
0.806311 0.106923 6.27534e-19 
1.15842 0.10238 0 
1.20332 0.183886 -5.44277e-19 
1.18674 0.148126 -2.302e-20 
1.00378 0.144817 0 
0.136612 2.96125 5.8779e-19 
0.113748 2.86701 -1.25904e-18 
0.0243235 2.37206 8.4962e-19 
0.0915451 -0.0170775 -3.81212e-19 
0.340705 3.42099 -1.89657e-19 
0.194774 3.31339 0 
0.237731 3.3556 2.46997e-19 
0.246131 3.03446 -1.91955e-18 
0.340734 3.19379 0 
0.00758197 3.12064 4.99996e-20 
0.0177311 3.12955 -5.85452e-19 
0.0160083 3.12561 8.61703e-19 
0.036024 3.13954 0 
0.0342162 3.15079 0 
1.21565 2.60826 0 
0.538083 0.837175 -5.56081e-19 
1.03744 0.98812 2.74055e-20 
0.974181 1.06391 0 
0.824828 0.966425 -1.2967e-19 
1.0611 0.8794 2.8806e-20 
0.366571 0.396331 -9.81038e-19 
0.691648 0.319523 -2.20054e-20 
0.655723 0.235226 4.49855e-19 
0.588678 0.375126 3.32603e-20 
0.504339 0.344257 -1.33946e-18 
0.662251 0.337139 0 
0.703387 0.422103 7.63419e-19 
0.711655 0.420449 0 
0.623524 0.366805 0 
0.594723 0.289831 0 
0.799858 0.615681 4.55341e-19 
1.22338 0.275823 -5.73123e-19 
1.21843 0.412708 0 
1.22951 0.353873 0 
0.741627 0.187098 6.67933e-19 
0.846849 0.535528 -4.16855e-19 
0.745361 0.508113 7.38687e-19 
0.949505 0.423222 -8.16375e-19 
1.01972 0.014693 8.52468e-19 
1.01786 0.0142067 -8.5746e-19 
1.01594 0.0155854 0 
1.03592 -0.00599337 0 
1.02958 -0.00862432 -8.04429e-19 
1.02752 -0.012161 7.96542e-19 
1.02505 0.00978514 0 
1.02365 0.0134415 0 
1.01142 0.00406483 0 
1.01428 0.0089979 0 
1.01512 0.00393039 0 
1.01422 0.0027496 0 
0.0585556 1.33656 0 
0.0634216 1.29575 0 
0.144 1.36345 -3.32188e-20 
0.268752 1.46643 6.63169e-20 
0.161649 1.4377 1.36757e-19 
0.192017 1.44538 -2.24556e-19 
0.165104 1.38703 0 
0.132552 1.59216 -1.14506e-19 
0.116504 1.56378 0 
0.351335 2.01895 -1.21891e-19 
0.347192 2.35086 6.64014e-19 
0.188033 1.44835 9.98422e-20 
0.261475 1.38077 5.50246e-21 
0.198877 1.36773 -4.45697e-21 
0.273553 1.32268 -1.4234e-19 
0.241191 1.57591 0 
0.262305 1.61603 1.4322e-19 
0.034756 2.26887 -4.79975e-20 
0.0430025 2.67571 0 
0.0675134 2.40674 1.75753e-19 
0.061859 2.42828 0 
0.0710717 2.67663 -2.5458e-19 
0.0508649 2.7052 0 
0.0298441 1.40434 -1.43798e-20 
0.0373777 1.45639 0 
0.0324557 1.37342 0 
0.0267089 1.3747 1.62249e-20 
-0.000170339 2.66074 -1.90284e-20 
0.0288983 2.70496 2.38576e-19 
0.0113316 2.72996 1.65245e-21 
0.00162949 1.83429 2.88618e-20 
-0.00518526 1.67789 1.27129e-20 
0.0299965 1.29089 0 
0.0110425 1.22417 0 
0.0501986 1.56762 3.01553e-20 
0.0309299 1.4402 2.62659e-20 
0.0394564 1.50586 -3.21916e-20 
0.041925 1.59226 0 
-0.0352625 2.28619 2.61567e-20 
-0.0431873 2.5572 -1.46883e-20 
-0.0182249 2.45587 -7.51389e-21 
-0.0103885 1.8519 -3.49988e-20 
-0.0296404 2.50761 -1.29858e-20 
-0.0254787 2.45141 6.00785e-20 
1.01971 0.020738 -8.46925e-19 
1.01594 0.0261922 8.50904e-19 
1.01513 0.0162879 0 
1.01125 0.0680074 1.19601e-18 
0.991234 0.0565594 -1.3392e-18 
0.95191 0.0420182 1.49822e-18 
1.01422 0.104491 -1.59575e-19 
1.04214 -0.00603114 0 
1.05024 -0.00191008 7.6909e-19 
1.03852 -0.0100526 -7.70298e-19 
1.06951 0.040464 -4.5922e-20 
1.06324 0.0223478 3.94935e-19 
1.06359 0.0535501 0 
1.05125 0.0483131 -1.41868e-19 
1.03304 0.0407361 0 
1.02607 0.0368487 0 
1.02785 0.0127717 0 
1.02431 0.0156029 0 
1.03978 0.0307912 2.92027e-19 
1.03936 0.0260261 -6.44298e-19 
1.05024 0.0323019 -3.09868e-19 
1.04849 0.032082 -3.40823e-19 
1.06963 0.0625406 6.68697e-19 
1.0941 0.0500077 0 
1.10198 0.0930151 0 
-0.0370366 2.28433 -7.36231e-21 
-0.0153592 2.03088 -6.31862e-21 
-0.0241335 2.02673 0 
-0.0271307 2.45612 7.88967e-21 
-0.0196905 2.40482 1.08998e-20 
-0.0380547 2.48216 -2.31047e-21 
-0.025337 2.62823 3.50363e-20 
-0.0314678 2.56988 -3.37103e-21 
-0.0272988 2.52287 1.1811e-20 
-0.0222174 2.62239 -1.49713e-20 
-0.027837 2.6236 1.97759e-20 
-0.00531996 1.49427 -4.67685e-22 
0.00694663 1.62826 3.13407e-20 
0.367328 1.4258 -8.00452e-20 
0.365482 1.36874 7.53005e-20 
0.64622 1.41406 -1.94696e-19 
0.515208 1.47932 -1.1996e-19 
0.568225 1.45041 0 
0.592258 2.42279 2.19017e-19 
0.659737 2.4153 3.47643e-19 
0.410943 2.51637 8.39893e-20 
0.404378 2.54376 -6.66077e-19 
0.512371 2.48859 6.47216e-19 
0.551787 2.46079 0 
0.488956 2.51654 -5.81425e-19 
0.249238 2.59215 1.22312e-18 
0.354001 2.56508 -8.1938e-20 
0.285069 2.65392 -1.67339e-18 
0.943584 2.37902 7.56418e-19 
0.835616 2.38133 0 
1.01095 0.000397774 2.77892e-20 
1.01522 -0.0055145 -2.25616e-20 
1.01763 -0.00364852 -4.12239e-19 
1.01489 -0.000973576 4.14051e-19 
1.01231 0.00102177 0 
0.634039 1.28194 0 
0.652485 1.17937 0 
0.756979 1.08804 0 
0.645024 1.14343 0 
1.18598 2.62328 5.85786e-20 
1.07379 2.36755 0 
0.837932 2.19025 4.16254e-21 
0.825034 2.44847 0 
0.921985 2.53971 -4.57489e-19 
0.957234 2.49588 3.04529e-19 
0.815656 0.160411 0 
0.781793 0.132665 1.7133e-19 
0.924829 0.139666 9.96588e-19 
0.840112 0.139589 -3.73067e-19 
0.815332 0.0801983 -1.14548e-18 
1.07673 0.224975 -9.76534e-19 
0.996331 0.28307 -1.53246e-20 
0.924207 0.281604 9.27344e-19 
1.00367 0.214556 7.76424e-19 
0.953335 0.183286 -1.32756e-18 
0.917611 0.185024 1.6595e-19 
0.952008 0.244816 -3.56518e-19 
0.930634 0.207858 0 
0.992681 0.17947 6.5531e-19 
1.04331 0.179128 0 
1.04241 0.205124 0 
1.10591 0.113851 3.12772e-19 
1.06764 0.16732 -1.40183e-20 
1.07124 0.226337 -1.70692e-19 
1.10257 0.194424 0 
1.02285 0.0439618 6.57446e-19 
1.04108 0.0567456 8.21596e-19 
1.03434 0.0425615 -6.52321e-19 
1.04208 0.0631765 -5.50603e-19 
1.01898 0.0708236 -8.41008e-19 
0.98816 0.151593 0 
0.998385 0.100704 0 
0.968039 0.0644842 -5.33452e-19 
0.918501 0.0871994 2.09485e-19 
1.03737 0.100561 7.61411e-19 
1.06752 0.11718 -9.02254e-19 
1.06987 0.148335 8.04967e-19 
1.02914 0.138344 0 
1.07343 0.106027 0 
1.05468 0.087233 -3.67173e-19 
1.04418 0.0931867 -6.2338e-19 
0.578377 1.07586 1.5395e-19 
0.612813 1.41291 -5.57295e-20 
1.15671 2.74177 -2.46983e-19 
1.22352 3.0824 5.50208e-21 
1.24879 2.7228 -1.76715e-19 
1.27904 2.7067 -1.033e-20 
1.20693 2.34608 -1.0068e-20 
1.21067 2.98629 -1.09579e-19 
1.22989 2.95143 2.6026e-19 
1.21457 3.23589 -1.36956e-19 
1.37554 2.96758 1.89425e-19 
1.36615 2.88559 0 
0.542837 0.84512 -5.21937e-20 
0.137337 1.25549 5.93354e-19 
0.532602 0.451947 6.33478e-19 
0.37019 0.203453 6.99572e-19 
0.52788 0.378324 7.56068e-19 
0.545932 0.474614 -1.21463e-18 
0.547111 0.476407 9.91533e-19 
0.496377 0.400282 -3.82321e-19 
0.419295 0.333127 8.66905e-19 
0.745045 0.247082 -3.82271e-19 
0.711215 0.279119 0 
0.693833 0.202805 9.43361e-21 
0.730172 0.511232 4.01851e-19 
0.70127 0.482555 -1.46484e-18 
0.614847 0.469311 1.55398e-20 
0.625483 0.458935 0 
0.673975 0.731412 4.22985e-19 
0.825729 0.772279 4.38202e-19 
0.749913 0.853629 -5.11521e-19 
0.867603 0.80574 -1.76094e-19 
0.899743 0.850091 -4.54239e-20 
0.907664 0.850597 4.65101e-20 
0.841723 0.644469 -7.55767e-19 
0.919514 0.702309 1.63602e-19 
0.975149 0.716667 0 
0.966144 0.692812 -2.25727e-19 
1.02384 0.320269 2.36669e-19 
1.139 0.289772 3.31915e-19 
1.06397 0.259795 3.9942e-19 
1.01137 0.35477 -4.74467e-19 
1.05333 0.420033 0 
1.10534 0.40397 0 
0.913184 0.351525 6.1559e-21 
0.841582 0.283873 0 
0.8739 0.277846 4.35495e-19 
0.906891 0.287206 -4.61706e-21 
0.942014 0.426146 2.27798e-18 
0.898568 0.487314 5.89169e-19 
0.90246 0.450321 -6.23022e-19 
0.821068 0.43355 6.67477e-19 
0.803793 0.429084 3.99298e-19 
0.774532 0.414567 -3.92391e-19 
1.02735 -0.00045926 6.87023e-19 
1.02003 -0.000137247 0 
1.01849 0.00079522 4.47508e-19 
1.0215 -0.00193875 -1.01381e-18 
1.02226 0.00423763 4.9265e-19 
1.02043 0.0110791 -1.03187e-18 
1.0214 0.0104764 0 
1.02072 0.0107374 -2.1493e-19 
1.016 0.00760685 5.39232e-19 
1.01675 0.0103672 -2.69015e-19 
1.01745 0.00970928 1.98154e-19 
0.0324224 1.3116 0 
0.0350704 1.34535 0 
0.0407052 1.31351 0 
0.0425087 1.27365 0 
0.0708075 1.37368 4.22983e-20 
0.076912 1.34683 -5.72613e-21 
0.111322 1.50239 -3.63039e-20 
0.0935254 1.35276 1.69434e-20 
0.0349617 1.44472 -5.31823e-20 
0.0388171 1.43731 4.14718e-20 
0.0621481 1.35722 -7.52582e-21 
0.0550058 1.35861 -1.61017e-20 
0.0467965 1.33474 -2.64591e-21 
0.0401307 1.35568 -5.5868e-21 
0.109552 2.37664 -1.94303e-19 
0.097571 2.42294 0 
0.173636 2.0514 1.25384e-19 
0.112775 1.7113 5.83442e-20 
0.23162 2.04561 -1.029e-19 
0.20723 2.43913 0 
0.267071 2.3903 -6.48973e-19 
0.305768 2.38816 4.60356e-19 
0.233423 2.00534 -2.85985e-19 
0.156101 2.16731 1.87092e-19 
0.145952 2.28018 0 
0.0203127 1.87462 -5.82126e-20 
-0.00279511 2.40658 -1.14491e-19 
0.00401037 2.15777 0 
0.0135096 2.46521 -1.41654e-20 
0.0275197 2.30911 4.08306e-20 
0.0217175 1.39014 2.29751e-21 
0.0165899 1.37527 -3.69377e-20 
0.0173139 1.37996 8.71497e-21 
0.0232633 1.3778 1.38223e-20 
0.0285265 1.40832 0 
0.0124687 1.36248 0 
0.00289983 1.27813 1.61774e-20 
0.00545598 1.34957 -5.97358e-21 
0.0126397 1.35042 0 
0.00786029 1.27996 8.51021e-21 
0.00668244 1.1995 -1.93454e-20 
1.04008 0.0109774 0 
1.04622 0.0072802 -7.21174e-20 
1.03864 0.0205433 -5.19606e-19 
1.04794 0.0195215 0 
1.05148 0.0193438 0 
1.03636 0.0109251 -6.63855e-21 
1.03095 0.010825 8.33616e-19 
1.03192 0.0158277 1.01119e-18 
1.02592 0.0198712 0 
1.0232 0.0202717 0 
1.03525 0.0242174 5.18388e-19 
1.02631 0.0256379 0 
1.02458 0.0257188 0 
-0.0295366 2.02904 0 
0.00276968 1.64687 -7.8349e-21 
-0.00682814 1.76709 -2.40834e-20 
0.00139498 1.36166 0 
-0.0113246 1.55606 1.62122e-20 
-0.00364013 1.44919 -1.16957e-20 
0.00588065 1.37333 0 
0.39011 1.66956 0 
0.367381 1.29771 -1.37869e-19 
0.303363 1.34212 0 
0.422794 1.29535 8.99782e-20 
0.467135 1.45458 0 
0.448248 1.40046 -1.2334e-20 
1.03525 2.68686 -1.61547e-20 
0.965024 2.40977 -9.50735e-19 
0.914876 2.19014 1.08625e-18 
0.849095 2.37362 2.51282e-19 
0.846694 2.49733 0 
0.916721 2.49391 0 
0.926953 2.37217 0 
0.905532 2.35844 -9.76161e-19 
0.688685 2.46551 -4.26734e-19 
0.800792 2.45591 -1.04324e-19 
0.811272 2.42988 7.95546e-20 
0.694187 2.39006 0 
0.798672 2.38561 0 
0.757499 2.39803 -3.78659e-19 
0.768791 2.487 0 
0.612412 1.09891 0 
0.483462 0.927958 -5.32319e-19 
0.550594 0.962597 -3.38405e-20 
0.519382 1.05503 0 
0.520389 1.00512 7.99383e-19 
0.773358 0.879525 -1.45706e-19 
0.782399 1.01571 0 
0.756332 0.974749 2.15215e-19 
0.642613 1.03498 0 
0.647322 0.94328 0 
1.16443 2.76314 -2.51868e-19 
1.1421 2.82678 -1.1179e-19 
0.931731 2.34745 1.24526e-19 
0.899508 2.3251 -9.11651e-20 
1.1292 2.7358 0 
1.08256 2.70588 1.09742e-19 
1.08909 2.4873 -3.34437e-19 
0.982835 2.23474 -3.04081e-20 
0.495415 1.35419 0 
0.508728 1.07432 -1.35771e-19 
0.562039 1.16456 0 
0.85999 0.220307 0 
0.788295 0.171091 0 
0.73311 0.138045 0 
0.855823 0.224251 -6.8547e-19 
0.762446 0.209999 4.01469e-19 
0.933471 0.0740212 -4.32681e-19 
0.948609 0.120067 0 
0.928052 0.131443 1.85457e-19 
0.868098 0.108125 7.43965e-19 
0.84062 0.0658296 -4.65587e-19 
1.16186 3.36124 -7.0775e-19 
1.20953 3.28057 0 
1.16032 3.38916 -1.46234e-18 
0.64806 3.54992 1.24177e-18 
0.872858 3.11719 5.50075e-20 
0.515518 0.85212 6.25965e-19 
0.432184 0.846249 0 
0.339023 0.487694 -1.587e-19 
0.452935 0.67992 9.01977e-19 
0.536087 0.456938 -2.18727e-19 
0.509633 0.510871 2.49364e-19 
0.662628 0.530229 5.41983e-19 
0.693304 0.554284 0 
0.645573 0.611081 0 
0.60296 0.549738 0 
0.981821 0.601452 1.14401e-19 
0.901282 0.536534 -5.73188e-19 
0.925544 0.570871 4.40759e-19 
0.961725 0.505611 -4.44129e-19 
1.06527 0.478834 0 
1.07274 0.570031 -1.13379e-19 
0.844937 0.385155 -9.11241e-19 
0.848279 0.371904 -1.12738e-18 
0.796094 0.379005 7.10344e-19 
0.791748 0.349731 -7.25749e-19 
0.842048 0.305997 -5.67131e-19 
0.794169 0.304859 6.96547e-19 
1.02667 0.00556848 -5.26236e-19 
1.02643 0.00577583 1.07242e-18 
1.02922 -0.000199546 6.66523e-19 
1.0333 0.000692747 -8.02987e-19 
1.03347 0.00833617 0 
1.03009 0.00890066 -1.30471e-18 
0.0645607 1.64071 3.19744e-20 
0.0460755 1.56987 0 
0.0868398 1.69344 2.04018e-19 
0.0977171 1.67714 -1.81691e-19 
0.0863438 1.52129 6.81203e-20 
0.0866635 1.50252 0 
0.00603722 1.68316 0 
-0.00183871 1.48818 -8.95412e-21 
-0.00313252 1.42581 8.04771e-21 
-0.00727024 1.54573 2.55375e-21 
-0.0022413 1.88911 -1.70558e-20 
-0.0211583 1.93994 1.051e-20 
0.494659 1.37209 -3.25308e-19 
0.488783 1.37512 3.56105e-19 
0.44445 1.29189 -7.27824e-20 
0.432364 1.29244 1.07339e-20 
0.625454 1.29869 0 
0.544135 1.38605 6.21657e-20 
0.559809 1.394 -6.05008e-20 
0.455237 1.27761 7.02911e-20 
0.508715 1.23236 0 
0.561247 1.19795 0 
0.655083 2.42424 6.26941e-19 
0.669789 2.46081 1.33003e-18 
0.715425 2.47283 -9.16239e-19 
0.6149 2.44817 -2.13539e-19 
0.560684 2.54031 3.01231e-19 
0.510817 2.51366 -8.00949e-19 
0.975712 2.37926 -6.08317e-19 
1.01178 2.39326 0 
0.921317 2.16841 -7.03112e-19 
1.05273 2.68493 0 
1.05485 2.6716 0 
0.613124 2.27588 -1.31107e-19 
1.0425 3.16401 1.20199e-19 
0.913635 3.034 -2.35421e-20 
0.281595 0.913148 0 
0.322743 0.774055 -3.30288e-19 
0.481774 0.729986 -3.34519e-19 
0.391732 2.02275 0 
0.467609 2.78567 -3.82924e-20 
0.424438 2.54964 0 
0.689055 0.679251 -8.97766e-19 
0.770586 0.679827 1.22787e-18 
0.791288 0.622562 -1.2165e-18 
0.671979 0.642144 -1.16043e-19 
0.727769 0.596085 -4.81662e-19 
1.00466 2.76742 -9.1396e-20 
1.04166 2.82452 -1.88894e-19 
0.641512 2.15393 6.90234e-19 
0.597462 1.71738 -4.90283e-19 
0.700208 1.90949 -4.33163e-19 
0.990229 2.45066 -1.16661e-19 
0.994895 2.44511 3.23331e-19 
0.661933 1.85001 2.98381e-20 
0.452345 1.33614 1.57315e-19 
))
(300 (2 10 3 0 0 919 1018)(
0 0 0 
0 0 0 
0 0 0 
0 0 0 
0 0 0 
0 0 0 
0 0 0 
0 0 0 
0 0 0 
0 0 0 
0 0 0 
0 0 0 
0 0 0 
0 0 0 
0 0 0 
0 0 0 
0 0 0 
0 0 0 
0 0 0 
0 0 0 
0 0 0 
0 0 0 
0 0 0 
0 0 0 
0 0 0 
0 0 0 
0 0 0 
0 0 0 
0 0 0 
0 0 0 
0 0 0 
0 0 0 
0 0 0 
0 0 0 
0 0 0 
0 0 0 
0 0 0 
0 0 0 
0 0 0 
0 0 0 
0 0 0 
0 0 0 
0 0 0 
0 0 0 
0 0 0 
0 0 0 
0 0 0 
0 0 0 
0 0 0 
0 0 0 
0 0 0 
0 0 0 
0 0 0 
0 0 0 
0 0 0 
0 0 0 
0 0 0 
0 0 0 
0 0 0 
0 0 0 
0 0 0 
0 0 0 
0 0 0 
0 0 0 
0 0 0 
0 0 0 
0 0 0 
0 0 0 
0 0 0 
0 0 0 
0 0 0 
0 0 0 
0 0 0 
0 0 0 
0 0 0 
0 0 0 
0 0 0 
0 0 0 
0 0 0 
0 0 0 
0 0 0 
0 0 0 
0 0 0 
0 0 0 
0 0 0 
0 0 0 
0 0 0 
0 0 0 
0 0 0 
0 0 0 
0 0 0 
0 0 0 
0 0 0 
0 0 0 
0 0 0 
0 0 0 
0 0 0 
0 0 0 
0 0 0 
0 0 0 
))
(300 (2 11 3 0 0 1019 1026)(
1 0 0 
1 0 0 
1 0 0 
1 0 0 
1 0 0 
1 0 0 
1 0 0 
1 0 0 
))
(300 (2 12 3 0 0 1027 1030)(
0 3 0 
0 3 0 
0 3 0 
0 3 0 
))
(300 (2 13 3 0 0 1031 1038)(
-0.0038461 0.803575 0 
-0.0345947 2.00006 2.53938e-20 
0.00976576 1.07258 0 
-0.0274616 2.59729 0 
-0.00259184 2.08433 0 
0.0660314 1.37253 0 
0.0472603 1.65466 0 
-0.0320195 2.41478 0 
))
(300 (2 14 3 0 0 1039 1072)(
0 0 0 
0 0 0 
0 0 0 
0 0 0 
0 0 0 
0 0 0 
0 0 0 
0 0 0 
0 0 0 
0 0 0 
0 0 0 
0 0 0 
0 0 0 
0 0 0 
0 0 0 
0 0 0 
0 0 0 
0 0 0 
0 0 0 
0 0 0 
0 0 0 
0 0 0 
0 0 0 
0 0 0 
0 0 0 
0 0 0 
0 0 0 
0 0 0 
0 0 0 
0 0 0 
0 0 0 
0 0 0 
0 0 0 
0 0 0 
))
(300 (2 15 3 0 0 1073 1072)(
))
