(0 "FOAM to Fluent data File")

(33 (918 3444 1074))
(300 (1 1 1 0 0 1 918)(
0.572828
1.22367
0.00455425
0.572191
-0.0108562
1.19067
-0.483223
0.728099
0.552981
-0.0780189
-0.0125048
0.548881
1.05149
0.817411
-1.10766
0.00124807
0.678362
-0.361882
0.552026
-0.0115156
0.764145
0.559561
0.562592
0.553177
0.617496
0.795358
0.932619
0.0200196
0.0018115
-0.000385911
-0.0118808
-0.0380333
-0.0280387
1.07431
1.1254
1.1481
0.521186
0.348237
-0.347504
-0.41489
-0.407593
-0.527239
0.721418
0.721294
-0.165219
0.730778
0.737874
0.540144
0.552344
0.553247
0.55432
0.553276
0.554669
0.431308
-0.0819814
-0.11369
-0.0582283
-0.0501502
0.0815658
-0.0119693
-0.0139568
-0.0128658
-0.0165112
0.471718
0.544468
0.541592
0.554038
0.562988
1.16322
1.13513
1.16127
1.07501
1.09145
1.02946
1.00203
0.837914
0.859958
0.80313
0.789068
-1.54531
-2.50705
-0.512127
-0.258392
-0.0106425
0.00448203
0.0196921
0.67051
0.669229
0.680074
0.690595
1.10147
-0.359632
-0.472303
0.552158
0.550956
0.559333
0.560028
0.556043
0.555136
-0.0129114
-0.0131219
-0.0127387
-0.0118134
-0.0169807
0.753239
0.750823
0.553715
0.550732
0.56983
0.590831
0.582526
0.300839
0.621024
0.633954
0.620965
0.784269
0.780047
0.788232
0.906301
0.869979
0.969508
0.992782
0.0148367
0.00328796
-0.00395519
-0.0105668
-0.00783813
0.517106
0.509803
0.536249
0.524553
0.527004
0.264056
0.12912
0.433741
0.458765
-0.261162
-0.320981
-0.414585
-0.437023
-0.551599
0.619169
0.711813
0.710152
-0.183249
-0.108709
-0.238181
-0.0356923
-0.0959438
0.530525
0.537446
0.532491
0.547924
0.542418
0.544369
0.556595
0.553673
0.55523
0.494112
0.618031
0.357534
0.322788
-0.220846
-0.131786
-0.223487
-0.036313
-0.0312917
0.0962821
0.121727
0.0683875
0.0576854
-0.0254115
-0.0173039
-0.0205735
-0.0149333
-0.0152045
0.464669
0.453837
0.484105
0.491446
0.534456
0.535643
0.53901
0.537472
0.952799
0.975277
0.982723
0.956364
-3.5078
-6.31029
0.0703812
0.208845
-0.00189553
-0.00698076
0.00360909
-0.00306148
0.00103181
-0.000572929
0.017655
0.0196784
0.0229045
0.0284051
0.658358
0.658169
1.02099
1.02255
1.0016
0.95238
0.540263
0.542379
0.547913
0.543774
-0.0158183
-0.0140851
-0.0164311
0.739048
0.746695
0.744682
0.263561
0.176311
0.350305
0.378448
0.649112
0.637365
0.647303
0.68324
0.719576
1.00023
1.01843
1.01667
1.02494
1.0689
1.08524
1.05069
0.497074
0.506768
0.501879
0.539434
0.537146
0.538079
0.533634
0.535094
0.532924
-0.0227764
-0.406353
0.507748
0.526254
0.507564
0.513282
0.699036
0.776662
0.692349
0.702267
0.700101
0.030507
-0.0268986
0.278805
0.245187
0.405787
0.441414
0.420782
0.924141
0.884162
0.934337
0.907707
0.868844
0.895331
-0.357982
-1.87034
-0.982388
0.563199
0.375132
0.463786
0.0393783
0.0193285
0.0264149
1.01558
1.09237
0.673597
0.842728
0.849382
0.754699
0.784504
0.844068
0.769114
0.804413
0.838778
0.817055
0.575859
0.519812
0.53075
0.846937
0.90374
0.148904
0.0920414
0.0475006
0.140849
0.198062
0.171987
1.05453
0.959828
1.03192
0.550483
0.551184
0.00880709
0.00691381
0.555357
0.555402
-0.00463558
0.00427136
0.445786
-0.817372
0.134063
0.543842
0.53402
0.550991
-0.0610635
0.386062
-0.0118785
0.0791506
0.019405
0.546914
0.482323
0.44266
0.0171185
-0.0119486
-0.0110872
-0.188963
0.548155
0.546465
0.550459
0.55143
0.552095
-0.000431569
0.00379998
0.00189695
-0.0112429
-0.00818889
-0.0107895
0.515414
0.533267
-0.144543
0.550602
0.552727
0.552549
0.545745
0.551401
0.549634
0.00034734
-0.00432603
-0.0107042
0.24739
0.372091
0.690732
0.783014
0.659552
0.432529
0.194137
0.59121
0.655973
0.559571
0.716095
0.706114
0.724009
0.199512
0.0500969
0.207164
0.148365
0.541709
0.540397
0.532286
0.529331
0.545855
0.543971
0.548519
0.545524
0.548467
0.549862
-0.0188441
-0.0428004
-0.0572438
-0.122971
0.342427
0.6025
0.282318
0.312387
0.173243
-0.0072723
-0.0100143
-0.0121752
-0.016949
0.0306737
0.00413471
0.0713025
0.0714017
0.0422647
0.0173751
0.0219135
0.010002
0.0124178
0.540173
0.538462
0.544845
0.553484
0.491675
0.495445
0.461188
0.481432
0.466941
0.407671
0.441894
0.417403
0.00764709
0.0221582
0.00832948
-0.00442015
0.00222803
-0.00826729
-0.00433177
-0.00505404
0.00303388
-0.00494437
-0.00907965
-0.0151406
-0.148131
-0.261617
1.00708
0.940432
0.149662
0.53735
0.54377
0.540553
0.545366
0.548493
0.549335
0.547078
0.543645
0.533766
0.535448
0.531997
0.532704
-0.0810985
-0.217834
-0.0457844
-0.115716
0.157971
0.640228
0.383928
0.323023
0.317308
0.540909
0.948777
0.741054
0.727141
0.747472
-0.322385
0.0737872
-0.25562
0.364003
0.18611
0.69042
0.738932
0.759202
0.707962
0.660604
-0.0928229
0.570682
-0.0395191
0.00862867
0.204886
0.0909075
0.728315
0.689674
0.693961
0.712941
0.731612
0.695659
0.6782
0.673
0.708576
0.712241
0.517582
0.278585
0.231488
0.193158
0.671473
0.556054
0.611657
0.522905
0.536738
0.539467
0.538067
0.520158
0.527597
0.52324
0.529305
0.53263
0.54157
0.541949
0.537342
0.539502
-0.0241069
-0.027438
-0.00292947
-0.111373
-0.102189
-0.161394
-0.0399836
0.101683
0.0646538
0.258664
0.364606
0.0770357
-0.0383823
-0.00930922
0.0266715
0.203286
0.228451
0.105321
0.192677
0.181589
0.165631
0.266573
0.271759
0.00550993
0.000839391
0.000453775
-0.00224319
0.0499172
0.122303
0.132398
0.0235046
0.0181943
-0.0128808
-0.013127
0.00734206
0.00404471
0.00658368
0.0435421
-0.0341002
-0.00258649
0.0142793
0.0258417
0.0204527
0.016018
0.532752
0.534881
0.534559
0.542325
0.55977
0.575604
0.533349
0.513427
0.504411
0.507388
0.481063
0.491157
0.487051
0.500549
0.520744
0.529809
0.527487
0.53013
0.513059
0.514649
0.501616
0.505292
0.480922
0.46231
0.450809
-0.024161
0.0177564
0.00637566
-0.0217873
0.00925614
-0.00497275
0.0157837
0.0290821
0.0158715
0.0116086
0.00690924
-0.00286966
0.000223538
-0.0534944
0.0292885
-0.162184
-0.195922
-0.264459
0.911521
1.03173
0.834049
0.609668
0.62404
0.86354
0.950533
0.571569
0.757779
0.781486
0.59339
0.86247
0.542147
0.541758
0.53936
0.538838
0.540065
0.00873509
0.110191
0.117722
0.173765
0.289315
0.402654
0.324761
0.202192
0.335087
0.33892
0.634909
0.648661
0.60197
0.62445
0.624908
0.447544
0.524683
0.578053
0.533311
0.582123
0.603611
0.562129
0.592997
0.541721
0.497651
0.494474
0.443098
0.465039
0.441877
0.423439
0.531878
0.509804
0.519993
0.510439
0.529843
0.553683
0.550548
0.582241
0.593413
0.514265
0.471699
0.481672
0.510691
0.471866
0.486249
0.501914
0.239834
0.139094
0.224723
-0.0647485
0.0143174
-0.000545839
-0.0476278
-0.00149053
0.284018
-0.41208
-0.386226
-1.01825
0.510959
0.978935
0.680567
0.653463
0.728351
0.707799
0.712242
0.734154
0.739547
0.662118
0.679534
0.683225
0.644009
0.667839
0.69019
0.687454
0.541495
0.411539
0.405458
0.360682
0.232532
0.268329
0.471083
0.392789
0.317853
0.320079
0.483003
0.369968
0.437634
0.476167
0.407653
0.362032
0.567325
0.632161
0.621759
0.596316
0.514898
0.529679
0.554014
0.589817
0.616421
0.64857
0.529001
0.534816
0.536069
0.533611
0.530807
0.533757
0.533889
0.536423
0.537214
0.540145
0.539152
-0.0111517
-5.11044e-05
-0.0138766
-0.0200941
0.00906639
0.00501695
0.049536
0.0352806
0.019529
0.0264265
0.000124477
-0.00448419
0.00109627
0.0101321
0.126962
0.140258
0.123583
0.0843654
0.272479
0.402968
0.473381
0.351963
0.244731
0.26842
0.291369
0.0164589
0.043501
0.0298902
0.07122
0.063055
-0.00431859
-0.0110002
-0.00637007
-0.000493909
0.0123071
-0.00778622
-0.0123651
-0.00372766
-0.0069167
-0.0101303
-0.014162
0.515616
0.509158
0.510636
0.504648
0.503433
0.517428
0.521665
0.523512
0.528842
0.530908
0.521375
0.526874
0.530499
0.0124559
-0.00921221
-0.015516
-9.63657e-05
-0.00212381
-0.00256066
-0.00252239
0.137306
0.0676944
0.0723625
0.0263954
-0.100988
-0.044065
0.500167
0.497724
0.493111
0.730972
0.581349
0.499855
0.595299
0.701073
0.287452
0.486275
0.319265
0.902648
0.79561
0.942107
0.557263
0.254139
0.411258
0.461569
0.268763
0.341287
0.345099
0.232351
0.264155
0.297498
0.399098
0.275849
0.250632
0.00797834
0.19564
0.31273
0.293555
0.42225
0.484532
0.2724
0.19294
0.148388
0.625949
0.644106
0.661787
0.63363
0.657146
0.591784
0.580218
0.598129
0.607476
0.603553
-0.745704
-0.452993
-1.39735
-0.712306
-0.261297
0.541874
0.50529
0.78331
0.667509
0.728692
0.713021
0.670154
0.636351
0.651853
0.682238
0.375895
0.487895
0.462456
0.467458
0.367743
0.299672
0.602139
0.595986
0.631866
0.655745
0.623122
0.655534
0.526772
0.526419
0.526006
0.52238
0.52068
0.522921
0.0872541
0.0559239
0.0909048
0.0724777
0.050108
0.0381185
0.0192664
0.0103611
0.00226098
0.00263956
0.0141008
0.0180673
0.178531
0.119731
0.0433608
0.0720459
0.0127253
-0.0530594
-0.0718128
0.0296974
0.122431
0.112831
0.419318
0.671512
0.492234
0.661476
0.500347
0.556568
0.483776
0.476966
0.503614
0.390924
0.470397
0.243996
-0.262006
-0.169903
0.799043
0.815905
0.5988
0.41507
0.184894
0.371732
0.566129
0.500514
0.539029
0.608322
0.599052
0.0264689
0.0912903
0.357002
0.584311
0.245729
0.238049
0.232302
0.408484
0.331234
))
(300 (1 10 1 0 0 919 1018)(
0.572828
1.22367
0.00455425
0.572191
1.19067
-0.483223
0.728099
-0.0780189
-0.0125048
0.548881
1.05149
0.817411
-1.10766
0.678362
-0.361882
0.552026
-0.0115156
0.764145
0.553177
0.617496
0.795358
0.932619
0.0200196
1.07431
0.521186
-0.41489
-0.527239
0.721294
-0.165219
0.737874
0.540144
-0.11369
-0.0501502
-0.0139568
-0.0165112
0.471718
0.541592
0.562988
1.09145
1.00203
0.859958
0.789068
-2.50705
-0.258392
0.669229
0.690595
-0.472303
0.550956
0.555136
-0.0131219
-0.0169807
0.750823
0.550732
0.582526
0.300839
0.633954
0.620965
0.788232
0.869979
0.992782
0.509803
0.536249
0.527004
-0.320981
-0.551599
0.710152
-0.238181
-0.0959438
0.532491
0.544369
-0.223487
-0.0312917
-0.0205735
-0.0152045
0.453837
0.491446
0.534456
0.537472
0.956364
0.208845
0.658169
0.540263
0.543774
-0.0164311
0.744682
0.176311
0.378448
0.647303
0.719576
1.02494
0.501879
0.538079
0.532924
0.700101
-0.0268986
0.420782
0.907707
0.463786
0.804413
0.0475006
))
(300 (1 11 1 0 0 919 926)(
0.572828
0.572191
0.552981
0.559561
0.553247
0.554669
0.559333
0.55523
))
(300 (1 12 1 0 0 919 922)(
1.22367
1.19067
1.1481
1.16127
))
(300 (1 13 1 0 0 919 926)(
0
0
0
0
0
0
0
0
))
(300 (1 14 1 0 0 919 952)(
-0.0108562
0.00124807
-0.0280387
0.348237
0.431308
0.0815658
0.0196921
1.10147
-0.00783813
0.12912
0.458765
0.619169
0.618031
0.322788
0.121727
0.0576854
-6.31029
0.017655
0.0284051
1.02255
0.95238
-0.406353
0.507748
0.513282
0.776662
0.245187
-0.982388
0.0264149
1.09237
0.849382
0.53075
0.90374
0.171987
1.03192
))
(300 (1 15 1 0 0 919 2754)(
0.572828
0.572828
1.22367
1.22367
0.00455425
0.00455425
0.572191
0.572191
-0.0108562
-0.0108562
1.19067
1.19067
-0.483223
-0.483223
0.728099
0.728099
0.552981
0.552981
-0.0780189
-0.0780189
-0.0125048
-0.0125048
0.548881
0.548881
1.05149
1.05149
0.817411
0.817411
-1.10766
-1.10766
0.00124807
0.00124807
0.678362
0.678362
-0.361882
-0.361882
0.552026
0.552026
-0.0115156
-0.0115156
0.764145
0.764145
0.559561
0.559561
0.562592
0.562592
0.553177
0.553177
0.617496
0.617496
0.795358
0.795358
0.932619
0.932619
0.0200196
0.0200196
0.0018115
0.0018115
-0.000385911
-0.000385911
-0.0118808
-0.0118808
-0.0380333
-0.0380333
-0.0280387
-0.0280387
1.07431
1.07431
1.1254
1.1254
1.1481
1.1481
0.521186
0.521186
0.348237
0.348237
-0.347504
-0.347504
-0.41489
-0.41489
-0.407593
-0.407593
-0.527239
-0.527239
0.721418
0.721418
0.721294
0.721294
-0.165219
-0.165219
0.730778
0.730778
0.737874
0.737874
0.540144
0.540144
0.552344
0.552344
0.553247
0.553247
0.55432
0.55432
0.553276
0.553276
0.554669
0.554669
0.431308
0.431308
-0.0819814
-0.0819814
-0.11369
-0.11369
-0.0582283
-0.0582283
-0.0501502
-0.0501502
0.0815658
0.0815658
-0.0119693
-0.0119693
-0.0139568
-0.0139568
-0.0128658
-0.0128658
-0.0165112
-0.0165112
0.471718
0.471718
0.544468
0.544468
0.541592
0.541592
0.554038
0.554038
0.562988
0.562988
1.16322
1.16322
1.13513
1.13513
1.16127
1.16127
1.07501
1.07501
1.09145
1.09145
1.02946
1.02946
1.00203
1.00203
0.837914
0.837914
0.859958
0.859958
0.80313
0.80313
0.789068
0.789068
-1.54531
-1.54531
-2.50705
-2.50705
-0.512127
-0.512127
-0.258392
-0.258392
-0.0106425
-0.0106425
0.00448203
0.00448203
0.0196921
0.0196921
0.67051
0.67051
0.669229
0.669229
0.680074
0.680074
0.690595
0.690595
1.10147
1.10147
-0.359632
-0.359632
-0.472303
-0.472303
0.552158
0.552158
0.550956
0.550956
0.559333
0.559333
0.560028
0.560028
0.556043
0.556043
0.555136
0.555136
-0.0129114
-0.0129114
-0.0131219
-0.0131219
-0.0127387
-0.0127387
-0.0118134
-0.0118134
-0.0169807
-0.0169807
0.753239
0.753239
0.750823
0.750823
0.553715
0.553715
0.550732
0.550732
0.56983
0.56983
0.590831
0.590831
0.582526
0.582526
0.300839
0.300839
0.621024
0.621024
0.633954
0.633954
0.620965
0.620965
0.784269
0.784269
0.780047
0.780047
0.788232
0.788232
0.906301
0.906301
0.869979
0.869979
0.969508
0.969508
0.992782
0.992782
0.0148367
0.0148367
0.00328796
0.00328796
-0.00395519
-0.00395519
-0.0105668
-0.0105668
-0.00783813
-0.00783813
0.517106
0.517106
0.509803
0.509803
0.536249
0.536249
0.524553
0.524553
0.527004
0.527004
0.264056
0.264056
0.12912
0.12912
0.433741
0.433741
0.458765
0.458765
-0.261162
-0.261162
-0.320981
-0.320981
-0.414585
-0.414585
-0.437023
-0.437023
-0.551599
-0.551599
0.619169
0.619169
0.711813
0.711813
0.710152
0.710152
-0.183249
-0.183249
-0.108709
-0.108709
-0.238181
-0.238181
-0.0356923
-0.0356923
-0.0959438
-0.0959438
0.530525
0.530525
0.537446
0.537446
0.532491
0.532491
0.547924
0.547924
0.542418
0.542418
0.544369
0.544369
0.556595
0.556595
0.553673
0.553673
0.55523
0.55523
0.494112
0.494112
0.618031
0.618031
0.357534
0.357534
0.322788
0.322788
-0.220846
-0.220846
-0.131786
-0.131786
-0.223487
-0.223487
-0.036313
-0.036313
-0.0312917
-0.0312917
0.0962821
0.0962821
0.121727
0.121727
0.0683875
0.0683875
0.0576854
0.0576854
-0.0254115
-0.0254115
-0.0173039
-0.0173039
-0.0205735
-0.0205735
-0.0149333
-0.0149333
-0.0152045
-0.0152045
0.464669
0.464669
0.453837
0.453837
0.484105
0.484105
0.491446
0.491446
0.534456
0.534456
0.535643
0.535643
0.53901
0.53901
0.537472
0.537472
0.952799
0.952799
0.975277
0.975277
0.982723
0.982723
0.956364
0.956364
-3.5078
-3.5078
-6.31029
-6.31029
0.0703812
0.0703812
0.208845
0.208845
-0.00189553
-0.00189553
-0.00698076
-0.00698076
0.00360909
0.00360909
-0.00306148
-0.00306148
0.00103181
0.00103181
-0.000572929
-0.000572929
0.017655
0.017655
0.0196784
0.0196784
0.0229045
0.0229045
0.0284051
0.0284051
0.658358
0.658358
0.658169
0.658169
1.02099
1.02099
1.02255
1.02255
1.0016
1.0016
0.95238
0.95238
0.540263
0.540263
0.542379
0.542379
0.547913
0.547913
0.543774
0.543774
-0.0158183
-0.0158183
-0.0140851
-0.0140851
-0.0164311
-0.0164311
0.739048
0.739048
0.746695
0.746695
0.744682
0.744682
0.263561
0.263561
0.176311
0.176311
0.350305
0.350305
0.378448
0.378448
0.649112
0.649112
0.637365
0.637365
0.647303
0.647303
0.68324
0.68324
0.719576
0.719576
1.00023
1.00023
1.01843
1.01843
1.01667
1.01667
1.02494
1.02494
1.0689
1.0689
1.08524
1.08524
1.05069
1.05069
0.497074
0.497074
0.506768
0.506768
0.501879
0.501879
0.539434
0.539434
0.537146
0.537146
0.538079
0.538079
0.533634
0.533634
0.535094
0.535094
0.532924
0.532924
-0.0227764
-0.0227764
-0.406353
-0.406353
0.507748
0.507748
0.526254
0.526254
0.507564
0.507564
0.513282
0.513282
0.699036
0.699036
0.776662
0.776662
0.692349
0.692349
0.702267
0.702267
0.700101
0.700101
0.030507
0.030507
-0.0268986
-0.0268986
0.278805
0.278805
0.245187
0.245187
0.405787
0.405787
0.441414
0.441414
0.420782
0.420782
0.924141
0.924141
0.884162
0.884162
0.934337
0.934337
0.907707
0.907707
0.868844
0.868844
0.895331
0.895331
-0.357982
-0.357982
-1.87034
-1.87034
-0.982388
-0.982388
0.563199
0.563199
0.375132
0.375132
0.463786
0.463786
0.0393783
0.0393783
0.0193285
0.0193285
0.0264149
0.0264149
1.01558
1.01558
1.09237
1.09237
0.673597
0.673597
0.842728
0.842728
0.849382
0.849382
0.754699
0.754699
0.784504
0.784504
0.844068
0.844068
0.769114
0.769114
0.804413
0.804413
0.838778
0.838778
0.817055
0.817055
0.575859
0.575859
0.519812
0.519812
0.53075
0.53075
0.846937
0.846937
0.90374
0.90374
0.148904
0.148904
0.0920414
0.0920414
0.0475006
0.0475006
0.140849
0.140849
0.198062
0.198062
0.171987
0.171987
1.05453
1.05453
0.959828
0.959828
1.03192
1.03192
0.550483
0.550483
0.551184
0.551184
0.00880709
0.00880709
0.00691381
0.00691381
0.555357
0.555357
0.555402
0.555402
-0.00463558
-0.00463558
0.00427136
0.00427136
0.445786
0.445786
-0.817372
-0.817372
0.134063
0.134063
0.543842
0.543842
0.53402
0.53402
0.550991
0.550991
-0.0610635
-0.0610635
0.386062
0.386062
-0.0118785
-0.0118785
0.0791506
0.0791506
0.019405
0.019405
0.546914
0.546914
0.482323
0.482323
0.44266
0.44266
0.0171185
0.0171185
-0.0119486
-0.0119486
-0.0110872
-0.0110872
-0.188963
-0.188963
0.548155
0.548155
0.546465
0.546465
0.550459
0.550459
0.55143
0.55143
0.552095
0.552095
-0.000431569
-0.000431569
0.00379998
0.00379998
0.00189695
0.00189695
-0.0112429
-0.0112429
-0.00818889
-0.00818889
-0.0107895
-0.0107895
0.515414
0.515414
0.533267
0.533267
-0.144543
-0.144543
0.550602
0.550602
0.552727
0.552727
0.552549
0.552549
0.545745
0.545745
0.551401
0.551401
0.549634
0.549634
0.00034734
0.00034734
-0.00432603
-0.00432603
-0.0107042
-0.0107042
0.24739
0.24739
0.372091
0.372091
0.690732
0.690732
0.783014
0.783014
0.659552
0.659552
0.432529
0.432529
0.194137
0.194137
0.59121
0.59121
0.655973
0.655973
0.559571
0.559571
0.716095
0.716095
0.706114
0.706114
0.724009
0.724009
0.199512
0.199512
0.0500969
0.0500969
0.207164
0.207164
0.148365
0.148365
0.541709
0.541709
0.540397
0.540397
0.532286
0.532286
0.529331
0.529331
0.545855
0.545855
0.543971
0.543971
0.548519
0.548519
0.545524
0.545524
0.548467
0.548467
0.549862
0.549862
-0.0188441
-0.0188441
-0.0428004
-0.0428004
-0.0572438
-0.0572438
-0.122971
-0.122971
0.342427
0.342427
0.6025
0.6025
0.282318
0.282318
0.312387
0.312387
0.173243
0.173243
-0.0072723
-0.0072723
-0.0100143
-0.0100143
-0.0121752
-0.0121752
-0.016949
-0.016949
0.0306737
0.0306737
0.00413471
0.00413471
0.0713025
0.0713025
0.0714017
0.0714017
0.0422647
0.0422647
0.0173751
0.0173751
0.0219135
0.0219135
0.010002
0.010002
0.0124178
0.0124178
0.540173
0.540173
0.538462
0.538462
0.544845
0.544845
0.553484
0.553484
0.491675
0.491675
0.495445
0.495445
0.461188
0.461188
0.481432
0.481432
0.466941
0.466941
0.407671
0.407671
0.441894
0.441894
0.417403
0.417403
0.00764709
0.00764709
0.0221582
0.0221582
0.00832948
0.00832948
-0.00442015
-0.00442015
0.00222803
0.00222803
-0.00826729
-0.00826729
-0.00433177
-0.00433177
-0.00505404
-0.00505404
0.00303388
0.00303388
-0.00494437
-0.00494437
-0.00907965
-0.00907965
-0.0151406
-0.0151406
-0.148131
-0.148131
-0.261617
-0.261617
1.00708
1.00708
0.940432
0.940432
0.149662
0.149662
0.53735
0.53735
0.54377
0.54377
0.540553
0.540553
0.545366
0.545366
0.548493
0.548493
0.549335
0.549335
0.547078
0.547078
0.543645
0.543645
0.533766
0.533766
0.535448
0.535448
0.531997
0.531997
0.532704
0.532704
-0.0810985
-0.0810985
-0.217834
-0.217834
-0.0457844
-0.0457844
-0.115716
-0.115716
0.157971
0.157971
0.640228
0.640228
0.383928
0.383928
0.323023
0.323023
0.317308
0.317308
0.540909
0.540909
0.948777
0.948777
0.741054
0.741054
0.727141
0.727141
0.747472
0.747472
-0.322385
-0.322385
0.0737872
0.0737872
-0.25562
-0.25562
0.364003
0.364003
0.18611
0.18611
0.69042
0.69042
0.738932
0.738932
0.759202
0.759202
0.707962
0.707962
0.660604
0.660604
-0.0928229
-0.0928229
0.570682
0.570682
-0.0395191
-0.0395191
0.00862867
0.00862867
0.204886
0.204886
0.0909075
0.0909075
0.728315
0.728315
0.689674
0.689674
0.693961
0.693961
0.712941
0.712941
0.731612
0.731612
0.695659
0.695659
0.6782
0.6782
0.673
0.673
0.708576
0.708576
0.712241
0.712241
0.517582
0.517582
0.278585
0.278585
0.231488
0.231488
0.193158
0.193158
0.671473
0.671473
0.556054
0.556054
0.611657
0.611657
0.522905
0.522905
0.536738
0.536738
0.539467
0.539467
0.538067
0.538067
0.520158
0.520158
0.527597
0.527597
0.52324
0.52324
0.529305
0.529305
0.53263
0.53263
0.54157
0.54157
0.541949
0.541949
0.537342
0.537342
0.539502
0.539502
-0.0241069
-0.0241069
-0.027438
-0.027438
-0.00292947
-0.00292947
-0.111373
-0.111373
-0.102189
-0.102189
-0.161394
-0.161394
-0.0399836
-0.0399836
0.101683
0.101683
0.0646538
0.0646538
0.258664
0.258664
0.364606
0.364606
0.0770357
0.0770357
-0.0383823
-0.0383823
-0.00930922
-0.00930922
0.0266715
0.0266715
0.203286
0.203286
0.228451
0.228451
0.105321
0.105321
0.192677
0.192677
0.181589
0.181589
0.165631
0.165631
0.266573
0.266573
0.271759
0.271759
0.00550993
0.00550993
0.000839391
0.000839391
0.000453775
0.000453775
-0.00224319
-0.00224319
0.0499172
0.0499172
0.122303
0.122303
0.132398
0.132398
0.0235046
0.0235046
0.0181943
0.0181943
-0.0128808
-0.0128808
-0.013127
-0.013127
0.00734206
0.00734206
0.00404471
0.00404471
0.00658368
0.00658368
0.0435421
0.0435421
-0.0341002
-0.0341002
-0.00258649
-0.00258649
0.0142793
0.0142793
0.0258417
0.0258417
0.0204527
0.0204527
0.016018
0.016018
0.532752
0.532752
0.534881
0.534881
0.534559
0.534559
0.542325
0.542325
0.55977
0.55977
0.575604
0.575604
0.533349
0.533349
0.513427
0.513427
0.504411
0.504411
0.507388
0.507388
0.481063
0.481063
0.491157
0.491157
0.487051
0.487051
0.500549
0.500549
0.520744
0.520744
0.529809
0.529809
0.527487
0.527487
0.53013
0.53013
0.513059
0.513059
0.514649
0.514649
0.501616
0.501616
0.505292
0.505292
0.480922
0.480922
0.46231
0.46231
0.450809
0.450809
-0.024161
-0.024161
0.0177564
0.0177564
0.00637566
0.00637566
-0.0217873
-0.0217873
0.00925614
0.00925614
-0.00497275
-0.00497275
0.0157837
0.0157837
0.0290821
0.0290821
0.0158715
0.0158715
0.0116086
0.0116086
0.00690924
0.00690924
-0.00286966
-0.00286966
0.000223538
0.000223538
-0.0534944
-0.0534944
0.0292885
0.0292885
-0.162184
-0.162184
-0.195922
-0.195922
-0.264459
-0.264459
0.911521
0.911521
1.03173
1.03173
0.834049
0.834049
0.609668
0.609668
0.62404
0.62404
0.86354
0.86354
0.950533
0.950533
0.571569
0.571569
0.757779
0.757779
0.781486
0.781486
0.59339
0.59339
0.86247
0.86247
0.542147
0.542147
0.541758
0.541758
0.53936
0.53936
0.538838
0.538838
0.540065
0.540065
0.00873509
0.00873509
0.110191
0.110191
0.117722
0.117722
0.173765
0.173765
0.289315
0.289315
0.402654
0.402654
0.324761
0.324761
0.202192
0.202192
0.335087
0.335087
0.33892
0.33892
0.634909
0.634909
0.648661
0.648661
0.60197
0.60197
0.62445
0.62445
0.624908
0.624908
0.447544
0.447544
0.524683
0.524683
0.578053
0.578053
0.533311
0.533311
0.582123
0.582123
0.603611
0.603611
0.562129
0.562129
0.592997
0.592997
0.541721
0.541721
0.497651
0.497651
0.494474
0.494474
0.443098
0.443098
0.465039
0.465039
0.441877
0.441877
0.423439
0.423439
0.531878
0.531878
0.509804
0.509804
0.519993
0.519993
0.510439
0.510439
0.529843
0.529843
0.553683
0.553683
0.550548
0.550548
0.582241
0.582241
0.593413
0.593413
0.514265
0.514265
0.471699
0.471699
0.481672
0.481672
0.510691
0.510691
0.471866
0.471866
0.486249
0.486249
0.501914
0.501914
0.239834
0.239834
0.139094
0.139094
0.224723
0.224723
-0.0647485
-0.0647485
0.0143174
0.0143174
-0.000545839
-0.000545839
-0.0476278
-0.0476278
-0.00149053
-0.00149053
0.284018
0.284018
-0.41208
-0.41208
-0.386226
-0.386226
-1.01825
-1.01825
0.510959
0.510959
0.978935
0.978935
0.680567
0.680567
0.653463
0.653463
0.728351
0.728351
0.707799
0.707799
0.712242
0.712242
0.734154
0.734154
0.739547
0.739547
0.662118
0.662118
0.679534
0.679534
0.683225
0.683225
0.644009
0.644009
0.667839
0.667839
0.69019
0.69019
0.687454
0.687454
0.541495
0.541495
0.411539
0.411539
0.405458
0.405458
0.360682
0.360682
0.232532
0.232532
0.268329
0.268329
0.471083
0.471083
0.392789
0.392789
0.317853
0.317853
0.320079
0.320079
0.483003
0.483003
0.369968
0.369968
0.437634
0.437634
0.476167
0.476167
0.407653
0.407653
0.362032
0.362032
0.567325
0.567325
0.632161
0.632161
0.621759
0.621759
0.596316
0.596316
0.514898
0.514898
0.529679
0.529679
0.554014
0.554014
0.589817
0.589817
0.616421
0.616421
0.64857
0.64857
0.529001
0.529001
0.534816
0.534816
0.536069
0.536069
0.533611
0.533611
0.530807
0.530807
0.533757
0.533757
0.533889
0.533889
0.536423
0.536423
0.537214
0.537214
0.540145
0.540145
0.539152
0.539152
-0.0111517
-0.0111517
-5.11044e-05
-5.11044e-05
-0.0138766
-0.0138766
-0.0200941
-0.0200941
0.00906639
0.00906639
0.00501695
0.00501695
0.049536
0.049536
0.0352806
0.0352806
0.019529
0.019529
0.0264265
0.0264265
0.000124477
0.000124477
-0.00448419
-0.00448419
0.00109627
0.00109627
0.0101321
0.0101321
0.126962
0.126962
0.140258
0.140258
0.123583
0.123583
0.0843654
0.0843654
0.272479
0.272479
0.402968
0.402968
0.473381
0.473381
0.351963
0.351963
0.244731
0.244731
0.26842
0.26842
0.291369
0.291369
0.0164589
0.0164589
0.043501
0.043501
0.0298902
0.0298902
0.07122
0.07122
0.063055
0.063055
-0.00431859
-0.00431859
-0.0110002
-0.0110002
-0.00637007
-0.00637007
-0.000493909
-0.000493909
0.0123071
0.0123071
-0.00778622
-0.00778622
-0.0123651
-0.0123651
-0.00372766
-0.00372766
-0.0069167
-0.0069167
-0.0101303
-0.0101303
-0.014162
-0.014162
0.515616
0.515616
0.509158
0.509158
0.510636
0.510636
0.504648
0.504648
0.503433
0.503433
0.517428
0.517428
0.521665
0.521665
0.523512
0.523512
0.528842
0.528842
0.530908
0.530908
0.521375
0.521375
0.526874
0.526874
0.530499
0.530499
0.0124559
0.0124559
-0.00921221
-0.00921221
-0.015516
-0.015516
-9.63657e-05
-9.63657e-05
-0.00212381
-0.00212381
-0.00256066
-0.00256066
-0.00252239
-0.00252239
0.137306
0.137306
0.0676944
0.0676944
0.0723625
0.0723625
0.0263954
0.0263954
-0.100988
-0.100988
-0.044065
-0.044065
0.500167
0.500167
0.497724
0.497724
0.493111
0.493111
0.730972
0.730972
0.581349
0.581349
0.499855
0.499855
0.595299
0.595299
0.701073
0.701073
0.287452
0.287452
0.486275
0.486275
0.319265
0.319265
0.902648
0.902648
0.79561
0.79561
0.942107
0.942107
0.557263
0.557263
0.254139
0.254139
0.411258
0.411258
0.461569
0.461569
0.268763
0.268763
0.341287
0.341287
0.345099
0.345099
0.232351
0.232351
0.264155
0.264155
0.297498
0.297498
0.399098
0.399098
0.275849
0.275849
0.250632
0.250632
0.00797834
0.00797834
0.19564
0.19564
0.31273
0.31273
0.293555
0.293555
0.42225
0.42225
0.484532
0.484532
0.2724
0.2724
0.19294
0.19294
0.148388
0.148388
0.625949
0.625949
0.644106
0.644106
0.661787
0.661787
0.63363
0.63363
0.657146
0.657146
0.591784
0.591784
0.580218
0.580218
0.598129
0.598129
0.607476
0.607476
0.603553
0.603553
-0.745704
-0.745704
-0.452993
-0.452993
-1.39735
-1.39735
-0.712306
-0.712306
-0.261297
-0.261297
0.541874
0.541874
0.50529
0.50529
0.78331
0.78331
0.667509
0.667509
0.728692
0.728692
0.713021
0.713021
0.670154
0.670154
0.636351
0.636351
0.651853
0.651853
0.682238
0.682238
0.375895
0.375895
0.487895
0.487895
0.462456
0.462456
0.467458
0.467458
0.367743
0.367743
0.299672
0.299672
0.602139
0.602139
0.595986
0.595986
0.631866
0.631866
0.655745
0.655745
0.623122
0.623122
0.655534
0.655534
0.526772
0.526772
0.526419
0.526419
0.526006
0.526006
0.52238
0.52238
0.52068
0.52068
0.522921
0.522921
0.0872541
0.0872541
0.0559239
0.0559239
0.0909048
0.0909048
0.0724777
0.0724777
0.050108
0.050108
0.0381185
0.0381185
0.0192664
0.0192664
0.0103611
0.0103611
0.00226098
0.00226098
0.00263956
0.00263956
0.0141008
0.0141008
0.0180673
0.0180673
0.178531
0.178531
0.119731
0.119731
0.0433608
0.0433608
0.0720459
0.0720459
0.0127253
0.0127253
-0.0530594
-0.0530594
-0.0718128
-0.0718128
0.0296974
0.0296974
0.122431
0.122431
0.112831
0.112831
0.419318
0.419318
0.671512
0.671512
0.492234
0.492234
0.661476
0.661476
0.500347
0.500347
0.556568
0.556568
0.483776
0.483776
0.476966
0.476966
0.503614
0.503614
0.390924
0.390924
0.470397
0.470397
0.243996
0.243996
-0.262006
-0.262006
-0.169903
-0.169903
0.799043
0.799043
0.815905
0.815905
0.5988
0.5988
0.41507
0.41507
0.184894
0.184894
0.371732
0.371732
0.566129
0.566129
0.500514
0.500514
0.539029
0.539029
0.608322
0.608322
0.599052
0.599052
0.0264689
0.0264689
0.0912903
0.0912903
0.357002
0.357002
0.584311
0.584311
0.245729
0.245729
0.238049
0.238049
0.232302
0.232302
0.408484
0.408484
0.331234
0.331234
))
(300 (2 1 3 0 0 1 918)(
0.985163 -0.00050291 0 
0.00500954 2.96625 0 
0.00208135 0.825602 0 
0.979703 0.00214801 0 
-0.0118661 2.03621 3.55548e-20 
-0.00704207 2.94879 -2.55087e-18 
0.822166 1.16109 4.25641e-19 
0.264793 0.126555 -1.61753e-20 
0.999908 -0.00028251 0 
0.0606141 0.807304 0 
0.0164147 0.618245 0 
0.734861 -0.0159538 0 
0.0111204 2.93032 0 
0.00273322 2.79475 0 
-0.0174657 3.1555 7.6234e-19 
-0.0184478 1.88096 -2.67806e-21 
0.329972 0.0334015 1.05968e-18 
0.190016 1.17278 2.96059e-19 
0.96277 0.00502005 0 
-0.0062227 0.58466 0 
0.0555366 0.1698 -7.66525e-19 
1.00198 -0.00498036 0 
1.00022 -0.00979095 0 
0.975727 -0.00643983 0 
0.584881 -0.0380303 0 
0.0156464 2.63932 0 
-0.0148654 2.91 9.44242e-19 
0.0036931 0.901851 0 
0.00680668 1.13424 0 
-0.000656026 0.877876 0 
-0.0135944 2.61037 0 
0.00104369 2.09492 -2.83804e-20 
-0.00937623 1.85664 0 
-0.0206087 2.9876 -9.19363e-23 
-0.0166911 3.0053 1.98257e-18 
0.0021053 3.00019 0 
0.870776 -0.0094594 0 
0.404387 0.938139 1.89518e-19 
0.800665 1.17889 -4.66938e-19 
0.946216 1.01693 5.13017e-19 
0.672005 1.27177 -9.7854e-20 
0.671423 1.25793 5.65436e-19 
0.304157 0.20351 1.57804e-20 
0.279137 0.097829 0 
1.12678 0.5477 0 
0.270161 0.195594 7.21276e-20 
0.235011 0.127234 -7.4847e-20 
0.919786 -0.00745176 0 
1.00027 0.000152761 0 
0.999909 0.00033544 0 
1.00363 -0.00776872 0 
1.00096 -0.000928174 0 
1.00017 3.01027e-05 0 
0.077308 1.81373 -8.25142e-19 
0.0279307 0.987955 0 
0.0957988 0.870827 0 
0.0132575 0.937904 0 
0.0343855 0.747051 0 
0.0184841 1.9986 0 
0.0123661 0.832374 0 
0.010562 0.640622 0 
0.0167402 0.815487 0 
0.0105309 0.592871 0 
0.838637 -0.015757 0 
0.846538 0.0291519 0 
0.767738 -0.00449866 0 
0.816735 0.039033 0 
0.703395 -0.0187729 0 
0.0146941 3.0004 9.46748e-19 
0.0115139 3.008 0 
0.00612154 3.00279 0 
0.0135536 2.99735 1.07613e-23 
0.00797399 2.95846 -1.4071e-18 
0.014487 2.982 0 
0.0108273 2.90362 0 
0.0249025 2.93044 2.17734e-24 
0.00446493 2.82486 0 
0.0310313 2.91605 0 
-0.0056132 2.74566 0 
0.308373 3.55224 0 
-0.131787 3.63375 0 
0.139672 3.24585 -7.09442e-19 
-0.0125952 2.98121 0 
-0.016596 2.01634 0 
-0.00539017 2.15798 2.64138e-21 
-0.00852348 1.89242 -1.94469e-20 
0.430081 0.142685 -3.66671e-19 
0.331621 0.0180151 -3.53743e-19 
0.410396 0.157796 -1.10429e-18 
0.314759 0.0493994 -7.2831e-19 
0.222809 0.96267 0 
0.272027 1.31847 -3.5676e-19 
0.369761 1.25624 5.9687e-19 
0.987471 0.00855148 0 
0.941922 0.00584026 0 
1.0003 0.000578142 0 
1.00286 0.00930565 0 
1.00302 0.00846064 -2.82411e-18 
0.991913 0.00970043 2.13268e-18 
-0.0154965 0.801783 0 
-0.00158228 0.575898 0 
-0.0150811 0.94948 0 
-0.000585153 0.81169 0 
-0.0110445 0.576674 0 
0.0892888 0.172717 2.36903e-19 
0.147076 0.149045 0 
0.99354 -0.00838021 0 
0.954426 -0.00651895 0 
0.764443 0.0462841 0 
0.700124 0.0568526 0 
0.663968 -0.0309073 0 
0.962508 -0.00854636 0 
0.616828 0.0762991 0 
0.444999 -0.0110266 1.56786e-18 
-0.0366336 2.86388 7.12105e-19 
0.0418712 2.90966 0 
0.0543826 2.88503 0 
-0.00423378 2.69936 0 
-0.0133561 2.98505 8.96641e-19 
-0.0180115 2.89504 0 
-0.0154584 2.98807 -2.77503e-18 
-0.0133275 2.92516 9.4927e-19 
0.0245997 1.34533 0 
0.0437567 1.38884 0 
-0.00428276 2.11905 2.17971e-22 
-0.00443778 2.07151 0 
-0.022663 1.86694 0 
0.938059 -0.00762548 0 
0.856502 -0.00972237 0 
0.863366 0.00621204 0 
0.949249 -0.00803451 0 
0.883703 -0.00810493 0 
0.516619 1.13187 -2.38877e-19 
0.566068 1.18345 0 
0.36815 0.882255 3.49883e-20 
0.310312 0.741196 0 
0.906032 1.05603 -1.39798e-19 
1.0154 0.858338 2.77814e-19 
0.363137 1.36799 0 
0.527525 1.33396 0 
0.542988 1.28731 0 
0.116132 0.180517 -3.05539e-19 
0.337296 0.195925 0 
0.303197 0.0907428 2.06093e-19 
0.986601 0.914126 0 
1.05289 0.764483 0 
1.07654 0.704556 -2.09265e-19 
1.10815 0.608203 0 
1.15868 0.3937 5.48954e-20 
0.957555 -0.00883324 0 
0.962404 -0.0100941 0 
0.901535 -0.00797551 0 
0.984175 -0.00917015 0 
0.974655 -0.00937167 0 
0.937068 -0.00636295 0 
1.00019 0.0023368 0 
1.0009 0.00140455 0 
0.99991 0.000853797 0 
0.0350912 2.06566 4.55156e-19 
0.120458 1.75571 0 
0.0162745 2.18145 7.11028e-19 
0.0513703 1.86796 -6.0094e-19 
0.105997 1.18014 -2.41947e-19 
0.0457928 1.06616 0 
0.142481 1.02301 0 
0.0050931 0.895323 0 
0.0178194 0.697272 0 
-0.00437687 2.23572 -1.23093e-21 
0.0262602 2.00567 0 
-0.00408872 2.23905 -5.4909e-20 
0.0174356 2.00567 9.69482e-20 
0.00445057 0.870989 0 
0.00904439 0.849277 0 
0.00788928 0.664698 0 
-0.0045997 0.802173 0 
0.00278656 0.580949 0 
0.935887 0.00904968 0 
0.846329 -0.015275 0 
0.925763 -0.000125521 0 
0.84053 -0.0127882 0 
0.812035 0.00091065 0 
0.901346 0.0200842 0 
0.877373 0.0243664 0 
0.788728 -0.00115248 0 
0.00576527 3.06487 -8.87613e-21 
0.0165365 3.05773 0 
0.0146397 2.96906 0 
0.00866101 2.8763 0 
0.925323 3.96862 0 
1.23996 3.30118 9.29891e-19 
0.0700722 3.07339 0 
-0.028579 2.90478 0 
0.0232327 1.42239 0 
-0.0214094 1.7322 0 
0.0144216 1.58652 0 
-0.0298066 2.56496 -3.40203e-21 
-0.0144957 2.25532 0 
-0.0204499 2.40166 0 
0.0154841 1.93329 -1.58363e-22 
-0.00825311 2.22472 1.63751e-20 
-0.00791117 2.18725 1.96133e-20 
0.00857831 1.90855 0 
0.459981 0.121485 5.52004e-19 
0.362487 0.00631218 -5.42093e-19 
0.259837 1.57612 0 
0.271112 0.737391 -3.20006e-19 
0.177496 1.66169 -1.07331e-18 
0.227562 1.20389 1.07593e-18 
0.902207 0.00648723 0 
0.967487 0.0110606 0 
0.974613 0.0107882 0 
0.923425 0.0064888 0 
-0.00288366 0.787039 0 
-0.0161428 0.790438 0 
-0.00726319 0.575245 0 
0.232486 0.190122 6.64974e-19 
0.194566 0.177415 -7.87747e-19 
0.197792 0.136854 0 
1.08604 0.0824655 2.9533e-20 
1.06887 0.0372883 0 
1.00455 0.0384991 0 
0.900504 -0.0070773 0 
0.493668 0.102562 0 
0.539681 0.085921 -2.50688e-18 
0.398215 0.00354207 9.38653e-19 
0.00903927 2.98132 7.60071e-19 
-0.03253 2.86597 4.6908e-20 
0.00364606 3.05029 -1.87604e-20 
0.0201156 3.04334 6.66327e-19 
-0.0149853 2.99656 3.11417e-20 
-0.0129578 2.94943 -1.25217e-22 
-0.0172882 3.01196 -5.74846e-19 
0.0148796 3.02381 4.1653e-19 
0.00739333 3.03691 -6.60892e-19 
0.932809 -0.00173141 0 
0.938667 -0.00357326 0 
0.844557 -0.00926857 0 
0.956698 0.0117728 0 
0.942979 0.0130242 0 
0.881746 0.00603812 0 
0.917911 0.0165191 0 
0.926427 0.0147495 0 
0.838579 0.00351349 0 
0.720099 1.41063 3.07351e-20 
0.753654 1.51976 0 
0.186799 0.324926 7.29744e-20 
0.219422 0.659104 5.90017e-19 
0.259982 0.719661 -3.43427e-19 
0.265304 0.533701 6.82829e-19 
0.337484 0.791138 1.60659e-18 
0.134658 0.221776 3.77871e-19 
0.384327 0.177151 7.72762e-19 
0.364228 0.189726 2.01397e-19 
0.31151 0.0703108 3.84395e-19 
1.14948 0.451894 2.92544e-20 
1.16882 0.249009 2.40669e-20 
0.00755101 2.23025 2.7961e-19 
0.0469552 1.9365 0 
0.965191 0.0283953 0 
0.939354 0.0131959 0 
0.863904 -0.018571 0 
0.0113496 3.07448 0 
0.0198958 2.94422 1.22696e-18 
0.0164321 2.95642 0 
0.00628344 2.85052 -1.2171e-18 
0.00630689 3.09184 2.98482e-19 
0.00701324 3.08212 0 
0.786771 1.82237 -1.57768e-19 
1.24774 2.50035 4.00901e-19 
0.768917 1.9621 -1.23187e-18 
0.0200434 2.9819 -6.58718e-19 
0.0355555 3.00135 0 
-0.0341379 2.87823 0 
-0.00483313 2.21534 -1.33634e-20 
-0.00698039 2.23598 -3.61968e-20 
0.0139778 1.9648 -8.65139e-21 
0.276212 1.38398 1.04102e-18 
0.229886 0.525378 -7.13998e-19 
0.0636866 1.98983 7.90703e-19 
0.136012 1.87739 -9.37037e-19 
0.180172 1.49659 9.20263e-20 
0.00547512 3.11853 -1.66906e-18 
0.0114358 3.11927 1.82601e-18 
-0.00914984 2.98061 8.29719e-19 
-0.00422405 2.97735 -7.86522e-19 
-0.0214611 2.88082 -8.45058e-19 
0.00846327 3.09932 -2.22099e-18 
0.0015792 3.10537 2.23748e-18 
0.27387 0.6825 0 
0.23873 0.672862 -1.21523e-18 
0.0957823 0.222996 5.38828e-19 
0.351828 0.917108 1.12237e-18 
0.190054 0.266748 -1.73045e-18 
1.16715 0.169394 7.49049e-20 
1.17013 0.302706 0 
1.15558 0.118422 -2.10862e-20 
-0.00244581 2.24817 -1.90111e-21 
0.00180159 2.23927 0 
0.0329364 1.97154 0 
0.339932 1.29211 -3.74669e-19 
0.369882 1.12947 -8.09526e-19 
0.203688 0.365928 1.4417e-18 
1.00587 -0.0108585 0 
1.00766 -0.00765197 5.21244e-19 
0.0228827 1.31959 0 
-0.00109919 1.28702 0 
1.00222 0.00350261 1.80128e-21 
1.00366 0.00944907 1.06378e-18 
-0.0210983 2.54865 4.30749e-21 
-0.0282334 2.59077 0 
0.0354832 3.1785 4.42289e-19 
0.395215 3.49098 0 
1.15668 0.646972 -7.25898e-20 
1.01293 0.0130599 -2.15373e-21 
1.02126 -0.0103965 0 
1.0017 0.000112323 7.59933e-23 
0.102061 1.35868 0 
0.146144 2.57415 0 
0.0191792 1.29586 0 
0.00159523 2.62908 5.5575e-20 
-0.021301 2.58879 2.45184e-20 
1.0013 0.028777 2.44444e-21 
1.06167 0.00347658 0 
1.09457 0.023027 0 
-0.0194185 1.75983 0 
-0.0242627 2.59422 0 
-0.00303509 1.28552 0 
0.294501 1.47119 -1.47688e-19 
1.01127 -0.00965109 0 
1.00939 -0.0149345 0 
1.00237 0.000731997 6.66118e-19 
1.00547 -0.0048231 -7.82857e-19 
1.00118 -0.000997345 0 
-0.00155387 1.47733 0 
0.0175837 1.37538 0 
0.0208128 1.44268 0 
-0.00225105 1.27289 0 
0.00568013 1.24737 0 
0.00113094 1.222 0 
1.03461 -0.00638874 0 
1.02043 0.0157062 -9.14737e-22 
0.79948 1.26533 2.3722e-19 
1.00223 0.000293171 -6.63275e-19 
1.00406 0.00524671 7.76602e-19 
1.00117 0.00206482 0 
1.01279 0.0102865 6.60388e-19 
1.00802 0.00829626 -7.99805e-19 
1.00858 0.0146904 0 
-0.02832 2.62094 0 
-0.0297619 2.59916 -7.36384e-21 
-0.0285241 2.61324 6.12707e-21 
1.22778 0.257889 6.38972e-19 
1.15643 0.0839698 0 
0.0431039 3.07758 -9.69903e-19 
0.0653176 2.85409 -7.05577e-20 
0.141755 3.19288 1.48171e-18 
0.136545 3.22164 -2.20022e-19 
0.13532 3.23397 0 
0.0192537 3.13758 2.51611e-19 
0.0760251 3.16024 9.57158e-19 
0.0686305 3.18622 -4.7392e-19 
0.0223815 3.12941 0 
0.636231 0.287121 0 
0.563436 0.338349 0 
1.12237 0.683509 1.77931e-19 
1.11743 0.809929 -1.76649e-19 
1.18412 0.568632 0 
1.21494 0.504347 0 
1.01614 0.0132873 -1.23123e-18 
1.01498 0.014245 1.5455e-18 
1.02523 -0.00991293 0 
1.0233 -0.0118942 0 
1.00644 0.00255975 0 
1.01042 0.00369292 0 
1.0046 0.00181816 0 
1.00978 0.00617914 0 
1.00786 0.00597478 0 
1.0045 0.00466444 0 
0.0901623 1.35528 0 
0.0845803 1.3268 0 
0.122722 1.39278 0 
0.136448 1.40327 0 
0.14623 2.59842 0 
0.186233 2.66576 -4.45877e-19 
0.101788 2.65508 0 
0.0874797 2.65875 2.20196e-19 
0.0412798 2.68183 -1.89043e-19 
0.0277796 1.30788 0 
0.0213592 1.24199 0 
0.0242649 1.32396 0 
0.0287115 1.26432 0 
0.00471815 1.98146 -2.03168e-20 
-0.0198838 2.6165 6.75823e-21 
-0.00711755 2.67178 4.40272e-20 
-0.0177018 2.6913 0 
-0.0242512 2.62303 -5.57977e-20 
-0.0238275 2.61785 -2.06835e-20 
0.0144839 1.98083 1.79804e-20 
-0.006449 2.4042 -9.06938e-21 
-0.0119336 2.42457 -4.99285e-20 
1.01122 0.0365427 1.25496e-18 
1.00685 0.0161643 -1.54986e-18 
1.00249 0.0433178 -1.25553e-18 
0.980599 0.0224775 1.60005e-18 
1.06298 0.00734282 0 
1.04847 -0.00866518 0 
1.0921 0.0328801 0 
1.07264 0.0116147 0 
1.07045 -0.00039301 0 
1.13713 0.0796438 0 
1.10875 0.0421546 0 
1.11179 0.0302506 0 
-0.0213406 2.4444 -1.42939e-21 
-0.0220787 2.01101 0 
-0.0142808 2.22522 0 
-0.0246927 2.61464 -2.05238e-21 
-0.02334 2.62261 -2.94006e-22 
0.0023232 1.57105 -7.22223e-21 
0.00584712 1.50384 7.27906e-21 
-0.00621608 1.38386 0 
-0.00265461 1.39323 0 
-0.000385353 1.38982 0 
-0.00277657 1.28754 0 
0.00744205 1.22713 0 
0.37799 1.48644 2.35949e-19 
0.417557 1.4905 1.3205e-19 
0.596773 2.44709 -2.43196e-19 
0.40143 2.54138 7.17857e-19 
0.350287 2.0659 7.8011e-20 
1.02097 -0.00819612 0 
1.01545 -0.0097939 0 
1.01489 -0.0155303 0 
1.00745 -0.00117962 0 
1.00494 -0.000949292 0 
1.00776 -0.00475869 0 
1.00924 -0.00370879 0 
1.01417 -0.00447752 0 
1.02115 0.0161014 1.20559e-18 
1.01799 0.0157235 -1.54502e-18 
1.02159 0.0180499 -1.21411e-18 
1.01946 0.0167209 1.51962e-18 
0.765686 1.31451 0 
0.701556 1.36652 2.19342e-19 
0.875512 1.21143 7.3677e-20 
0.918502 1.16282 -9.79875e-20 
1.15745 2.60857 3.09348e-19 
0.802411 0.112791 6.11854e-19 
1.1596 0.104491 0 
1.20541 0.188042 -5.13426e-19 
1.18929 0.150607 -2.16986e-20 
1.00416 0.147841 0 
0.135598 2.96062 5.69649e-19 
0.112731 2.86645 -1.2301e-18 
0.0228539 2.3734 8.29209e-19 
0.0907558 -0.0325104 -3.70604e-19 
0.340267 3.42013 -1.99533e-19 
0.194645 3.31266 0 
0.237596 3.35463 2.59859e-19 
0.245281 3.03389 -1.8732e-18 
0.339699 3.1931 0 
0.00704258 3.1207 4.88107e-20 
0.017811 3.12944 -5.71595e-19 
0.0156879 3.12554 8.413e-19 
0.0354708 3.13954 0 
0.0335957 3.15068 0 
1.21616 2.6076 0 
0.542379 0.83358 -5.4435e-19 
1.04116 0.986625 1.39317e-20 
0.976978 1.06528 0 
0.830615 0.968822 -1.21058e-19 
1.06642 0.878875 2.85992e-20 
0.362868 0.386524 -9.5419e-19 
0.683152 0.314927 -2.12354e-20 
0.642818 0.226835 4.3784e-19 
0.584061 0.370792 3.23704e-20 
0.497165 0.337021 -1.30352e-18 
0.655429 0.330448 0 
0.703405 0.417816 7.43896e-19 
0.711025 0.419147 0 
0.619268 0.358657 0 
0.581615 0.281775 0 
0.805443 0.613822 4.40194e-19 
1.22782 0.279898 -5.39433e-19 
1.22571 0.41471 0 
1.23482 0.355805 0 
0.733174 0.186072 6.49378e-19 
0.852702 0.535417 -4.04438e-19 
0.748407 0.506703 7.16851e-19 
0.951977 0.425114 -7.88101e-19 
1.01965 0.0147493 8.28694e-19 
1.01781 0.014224 -8.33532e-19 
1.01594 0.0155293 0 
1.03603 -0.00593323 0 
1.02965 -0.00858605 -7.81119e-19 
1.02764 -0.0121212 7.7339e-19 
1.02501 0.0099501 0 
1.02364 0.0135553 0 
1.01142 0.0040707 0 
1.01427 0.00901692 0 
1.01513 0.00396942 0 
1.01424 0.00277136 0 
0.0602225 1.34002 0 
0.0622193 1.29716 0 
0.144086 1.36718 -1.80949e-20 
0.269833 1.46806 7.49662e-20 
0.163572 1.43991 1.55366e-19 
0.194836 1.44692 -2.54874e-19 
0.165078 1.39043 0 
0.130424 1.59393 -9.91774e-20 
0.115261 1.56649 0 
0.348054 2.01824 -1.13397e-19 
0.344967 2.34982 6.45726e-19 
0.186337 1.45106 8.6487e-20 
0.26206 1.38136 1.3189e-20 
0.196714 1.37065 -1.06791e-20 
0.272069 1.32314 -1.24596e-19 
0.23978 1.57696 0 
0.260544 1.6165 1.29574e-19 
0.0340587 2.26464 -4.23468e-20 
0.04418 2.67046 0 
0.0669471 2.40177 1.6394e-19 
0.0625123 2.42269 0 
0.0710281 2.67177 -2.43846e-19 
0.0513093 2.70061 0 
0.0310236 1.40722 -1.42055e-21 
0.0379657 1.46048 0 
0.0310218 1.37831 0 
0.0264516 1.37944 1.60272e-21 
0.00177292 2.65667 -1.76117e-20 
0.0308403 2.69982 2.16786e-19 
0.0125479 2.72608 1.51574e-21 
0.00643975 1.8284 1.8495e-20 
-0.00107258 1.67501 7.64869e-21 
0.0196109 1.29393 0 
0.0247836 1.22474 0 
0.0489381 1.5717 1.33192e-20 
0.0298668 1.44491 8.38056e-21 
0.0390111 1.51007 -1.02016e-20 
0.0408955 1.59651 0 
-0.0305744 2.27882 5.09765e-20 
-0.03096 2.56174 -1.97625e-20 
-0.019148 2.45766 -1.54311e-21 
-0.00255852 1.84589 -2.24112e-20 
-0.0265926 2.50797 -6.93119e-21 
-0.0214629 2.44924 3.80117e-20 
1.01955 0.0208165 -8.23711e-19 
1.0157 0.0264382 8.27446e-19 
1.01485 0.0162917 0 
1.01189 0.0692675 1.16239e-18 
0.990502 0.0581116 -1.30484e-18 
0.949997 0.0426019 1.46111e-18 
1.01382 0.106271 -1.55016e-19 
1.0423 -0.00598832 0 
1.05041 -0.00180726 7.46429e-19 
1.03862 -0.0100442 -7.479e-19 
1.06956 0.0411926 -4.45001e-20 
1.06338 0.0224237 3.82846e-19 
1.06247 0.0540074 0 
1.05257 0.0482254 -1.37736e-19 
1.03255 0.0410927 0 
1.02601 0.0371702 0 
1.02783 0.0128997 0 
1.02423 0.0157049 0 
1.03989 0.0311361 2.83465e-19 
1.0392 0.0260849 -6.25863e-19 
1.05043 0.0324937 -3.00609e-19 
1.04859 0.0322957 -3.30859e-19 
1.07013 0.0629486 6.47788e-19 
1.09461 0.0503707 0 
1.10263 0.0940822 0 
-0.0248347 2.28567 3.12106e-20 
-0.017679 2.03166 -2.12976e-21 
-0.0192077 2.03348 0 
-0.02989 2.45394 -3.10936e-20 
-0.0258057 2.41062 3.5132e-21 
-0.0327263 2.48321 1.43333e-21 
-0.0229626 2.63072 1.80616e-20 
-0.025697 2.57348 -1.67345e-21 
-0.0224946 2.52441 5.55131e-21 
-0.0195048 2.62573 -4.87137e-21 
-0.0241582 2.62656 7.10992e-21 
-0.00859336 1.48333 -5.84484e-22 
0.0057798 1.61943 -3.67243e-21 
0.365076 1.42911 -9.56332e-20 
0.36427 1.36877 5.57399e-20 
0.646661 1.41497 -2.12096e-19 
0.515334 1.48104 -1.28899e-19 
0.569649 1.45044 0 
0.592448 2.42321 2.14906e-19 
0.660367 2.41624 3.42881e-19 
0.410232 2.51548 8.43845e-20 
0.40304 2.54345 -6.45209e-19 
0.511174 2.48856 6.3126e-19 
0.55179 2.46089 0 
0.488544 2.51575 -5.72278e-19 
0.248278 2.59027 1.19493e-18 
0.353417 2.56377 -8.15801e-20 
0.284137 2.65181 -1.6401e-18 
0.944352 2.38071 7.36584e-19 
0.836523 2.38308 0 
1.011 0.000432209 2.70266e-20 
1.01525 -0.00549226 -2.19408e-20 
1.01764 -0.00362963 -4.00835e-19 
1.01493 -0.000955957 4.02688e-19 
1.01235 0.00105399 0 
0.634699 1.28334 0 
0.65524 1.18122 0 
0.761763 1.0914 0 
0.64815 1.14424 0 
1.18682 2.62304 5.84336e-20 
1.075 2.36827 0 
0.839062 2.18781 3.93133e-21 
0.825568 2.44838 0 
0.92274 2.53969 -4.36296e-19 
0.958148 2.49556 2.90406e-19 
0.815263 0.168191 0 
0.777825 0.139552 1.6683e-19 
0.922833 0.142212 9.70795e-19 
0.838719 0.144672 -3.62681e-19 
0.808373 0.0828947 -1.11824e-18 
1.07735 0.230057 -9.39473e-19 
0.992981 0.287777 -1.56903e-20 
0.92568 0.28787 8.98872e-19 
1.0017 0.218966 7.51566e-19 
0.952963 0.185744 -1.29143e-18 
0.917358 0.18772 1.61447e-19 
0.95325 0.25085 -3.45456e-19 
0.9313 0.213573 0 
0.99199 0.18152 6.37487e-19 
1.04278 0.183406 0 
1.03995 0.209322 0 
1.10596 0.116659 3.01882e-19 
1.06635 0.172429 -1.41829e-20 
1.07211 0.231173 -1.65081e-19 
1.10417 0.199481 0 
1.02269 0.0448573 6.3922e-19 
1.04088 0.0573961 7.97562e-19 
1.03412 0.0436977 -6.34038e-19 
1.04305 0.0639657 -5.34406e-19 
1.01931 0.0718343 -8.1758e-19 
0.987776 0.154663 0 
0.998855 0.102587 0 
0.966719 0.0650207 -5.20467e-19 
0.915564 0.0880971 2.04424e-19 
1.03821 0.102117 7.38979e-19 
1.0677 0.119811 -8.71608e-19 
1.07211 0.152022 7.78486e-19 
1.02927 0.140766 0 
1.07378 0.106675 0 
1.05465 0.0889712 -3.5587e-19 
1.0446 0.0936925 -6.0494e-19 
0.580515 1.07617 1.44673e-19 
0.613114 1.40907 -4.62894e-20 
1.15747 2.74014 -2.34474e-19 
1.22407 3.08104 2.92094e-21 
1.24952 2.72214 -1.48541e-19 
1.27957 2.70587 -2.26706e-20 
1.2076 2.34602 -1.01839e-20 
1.21133 2.9851 -9.88801e-20 
1.23065 2.95038 2.43385e-19 
1.21502 3.2345 -1.41414e-19 
1.37575 2.96636 1.95566e-19 
1.36615 2.88448 0 
0.548228 0.841585 -5.09323e-20 
0.134799 1.25155 5.84969e-19 
0.534582 0.43936 6.16522e-19 
0.37321 0.190321 6.7996e-19 
0.52384 0.371068 7.3632e-19 
0.54682 0.470041 -1.1836e-18 
0.548247 0.470992 9.66448e-19 
0.494782 0.389212 -3.72291e-19 
0.413182 0.32099 8.43701e-19 
0.737841 0.248307 -3.7174e-19 
0.701941 0.276325 0 
0.679368 0.198527 8.99097e-21 
0.732224 0.50703 3.91451e-19 
0.70446 0.477215 -1.42731e-18 
0.616089 0.468024 1.49598e-20 
0.625513 0.455803 0 
0.679353 0.729542 4.12023e-19 
0.833252 0.773213 4.21704e-19 
0.756428 0.85534 -4.92643e-19 
0.876933 0.808428 -1.68281e-19 
0.906601 0.851755 -4.23718e-20 
0.914347 0.852193 4.33919e-20 
0.849238 0.644764 -7.30635e-19 
0.928786 0.702747 1.56352e-19 
0.983792 0.716529 0 
0.975175 0.692165 -2.14353e-19 
1.02239 0.324601 2.27446e-19 
1.14248 0.294442 3.13869e-19 
1.06438 0.26465 3.84274e-19 
1.01092 0.356969 -4.57051e-19 
1.05777 0.421009 0 
1.11085 0.406161 0 
0.915878 0.356697 6.32554e-21 
0.840791 0.288816 0 
0.877306 0.284396 4.22922e-19 
0.907382 0.293841 -4.54641e-21 
0.945459 0.427623 2.19779e-18 
0.903528 0.487102 5.68811e-19 
0.906756 0.450783 -6.03434e-19 
0.823573 0.434368 6.46405e-19 
0.806765 0.428853 3.87716e-19 
0.776791 0.412119 -3.81032e-19 
1.0272 -0.000520758 6.67764e-19 
1.02 -0.000134082 0 
1.01849 0.000793059 4.35184e-19 
1.02155 -0.00180229 -9.8588e-19 
1.0223 0.00424598 4.78993e-19 
1.02041 0.0111374 -1.00309e-18 
1.02138 0.0105355 0 
1.02067 0.0108195 -2.08994e-19 
1.01599 0.00764816 5.24281e-19 
1.01672 0.010412 -2.61584e-19 
1.01743 0.00975894 1.92663e-19 
0.0287628 1.31447 0 
0.0336834 1.35155 0 
0.042788 1.31787 0 
0.0407747 1.2749 0 
0.0704377 1.37848 1.20913e-20 
0.0769353 1.35067 3.45257e-21 
0.111705 1.50922 -2.90042e-20 
0.0942538 1.36017 8.41868e-21 
0.0341741 1.44991 -3.19342e-20 
0.0378814 1.44281 2.4962e-20 
0.0615719 1.3625 -7.93324e-21 
0.0540711 1.36422 3.45045e-21 
0.0458367 1.33988 3.2663e-22 
0.0381825 1.36182 -2.78116e-21 
0.107924 2.37212 -1.81365e-19 
0.0969774 2.41929 0 
0.171463 2.04779 1.19156e-19 
0.11019 1.71043 5.249e-20 
0.229993 2.0443 -9.77452e-20 
0.205058 2.43704 0 
0.265294 2.38848 -6.28036e-19 
0.303124 2.38653 4.45545e-19 
0.230581 2.0042 -2.71763e-19 
0.154405 2.16502 1.79338e-19 
0.144484 2.27664 0 
0.0204413 1.87286 -3.94779e-20 
-0.000198735 2.39873 -8.92891e-20 
0.00610199 2.15115 0 
0.0131717 2.45991 -1.4036e-20 
0.0287481 2.30395 3.15192e-20 
0.0247266 1.3914 -1.37946e-21 
0.0207243 1.37871 2.73579e-20 
0.0197772 1.38184 -1.29219e-20 
0.0253096 1.38045 -3.14826e-21 
0.0301387 1.41144 0 
0.0170944 1.36208 0 
0.0021952 1.28468 -1.30943e-20 
0.0130994 1.3525 2.82163e-21 
0.0134874 1.35378 0 
0.016367 1.28184 -1.00577e-20 
0.0182161 1.21402 2.11651e-20 
1.04036 0.0112254 0 
1.0464 0.00750364 -7.00257e-20 
1.03855 0.0208119 -5.04633e-19 
1.04802 0.0197111 0 
1.05177 0.0195327 0 
1.03629 0.0112536 -6.65759e-21 
1.03093 0.0111237 8.10084e-19 
1.0318 0.016075 9.82525e-19 
1.02583 0.0200164 0 
1.02304 0.0204104 0 
1.03516 0.0244866 5.03428e-19 
1.02618 0.0258746 0 
1.02441 0.0259673 0 
-0.0206004 2.02525 0 
0.00617625 1.6518 -5.35689e-21 
-0.00694135 1.76015 -2.117e-20 
0.00428726 1.36334 0 
-0.0122217 1.54809 6.1778e-23 
0.0050343 1.4499 1.18137e-21 
0.00206959 1.37172 0 
0.38952 1.66783 0 
0.366293 1.29735 -1.0343e-19 
0.301077 1.3416 0 
0.419865 1.29567 4.87403e-20 
0.46632 1.45653 0 
0.447029 1.40133 5.42468e-21 
1.03582 2.68729 -1.56897e-20 
0.965639 2.41125 -9.25918e-19 
0.915927 2.19247 1.0556e-18 
0.850046 2.37548 2.45773e-19 
0.847516 2.49797 0 
0.917413 2.49432 0 
0.927687 2.37406 0 
0.906561 2.36059 -9.54963e-19 
0.688849 2.46581 -4.0887e-19 
0.801185 2.45597 -1.00442e-19 
0.811781 2.42983 7.65496e-20 
0.694746 2.39127 0 
0.799645 2.3873 0 
0.758272 2.39952 -3.73011e-19 
0.769153 2.48754 0 
0.615657 1.0991 0 
0.485577 0.92684 -5.14254e-19 
0.555215 0.96132 -3.27003e-20 
0.522115 1.0556 0 
0.523235 1.00515 7.72162e-19 
0.779286 0.880205 -1.38826e-19 
0.786906 1.01699 0 
0.76145 0.977756 2.02469e-19 
0.647556 1.03529 0 
0.652362 0.943031 0 
1.16522 2.76209 -2.39729e-19 
1.143 2.82553 -1.02823e-19 
0.932628 2.34553 1.0917e-19 
0.900239 2.32359 -8.62327e-20 
1.13011 2.73533 0 
1.0834 2.70546 1.0381e-19 
1.09004 2.48777 -3.24508e-19 
0.98396 2.23621 -3.06085e-20 
0.496636 1.35288 0 
0.510503 1.07538 -1.27591e-19 
0.564785 1.16682 0 
0.858252 0.225783 0 
0.785892 0.178536 0 
0.726455 0.140654 0 
0.85444 0.230823 -6.65679e-19 
0.757455 0.214956 3.90162e-19 
0.931066 0.0747303 -4.22217e-19 
0.946533 0.120836 0 
0.926001 0.134316 1.80974e-19 
0.865373 0.109667 7.26435e-19 
0.835382 0.0672435 -4.54511e-19 
1.16179 3.35979 -7.16623e-19 
1.20978 3.27909 0 
1.15993 3.38789 -1.47816e-18 
0.647543 3.54866 1.25564e-18 
0.872195 3.11605 6.48602e-20 
0.519083 0.847269 6.14317e-19 
0.433982 0.843078 0 
0.335649 0.476169 -1.55635e-19 
0.455872 0.6768 8.83085e-19 
0.537676 0.444084 -2.13202e-19 
0.51019 0.502496 2.44152e-19 
0.66376 0.526642 5.27932e-19 
0.694327 0.550437 0 
0.64778 0.606771 0 
0.60471 0.54723 0 
0.991558 0.600791 1.04773e-19 
0.907569 0.536347 -5.53424e-19 
0.933441 0.571109 4.2212e-19 
0.9679 0.506452 -4.27786e-19 
1.07195 0.478877 0 
1.07943 0.569183 -1.07452e-19 
0.846815 0.386787 -8.84096e-19 
0.849812 0.374895 -1.09257e-18 
0.795651 0.378166 6.89417e-19 
0.792753 0.348752 -7.05011e-19 
0.84244 0.308627 -5.50915e-19 
0.793942 0.306527 6.76192e-19 
1.02669 0.00568717 -5.12133e-19 
1.02641 0.00591521 1.04411e-18 
1.02933 -0.000121159 6.47481e-19 
1.03337 0.000756561 -7.79909e-19 
1.03356 0.00859039 0 
1.03007 0.00917919 -1.26798e-18 
0.0650738 1.64433 2.86192e-20 
0.045654 1.57441 0 
0.0877333 1.6963 1.76959e-19 
0.0974446 1.67727 -1.57259e-19 
0.0890236 1.52707 5.44135e-20 
0.0867775 1.50898 0 
0.0153318 1.67652 0 
0.00285687 1.47874 -2.15389e-21 
0.00327071 1.42159 1.93919e-21 
-0.00471785 1.54069 4.69589e-21 
0.00286295 1.88314 -4.86247e-21 
-0.0119866 1.93613 5.6112e-21 
0.49574 1.37128 -2.93644e-19 
0.489536 1.37451 3.21941e-19 
0.444492 1.29267 -5.03237e-20 
0.433663 1.29184 8.9537e-21 
0.626419 1.29902 0 
0.543994 1.38702 8.18102e-20 
0.559457 1.39539 -7.96343e-20 
0.455246 1.27858 4.8927e-20 
0.50968 1.23362 0 
0.562174 1.20028 0 
0.655231 2.42449 6.0079e-19 
0.669624 2.46133 1.2963e-18 
0.715715 2.47333 -8.93032e-19 
0.614799 2.44837 -2.09536e-19 
0.560014 2.541 2.92253e-19 
0.509672 2.51436 -7.79067e-19 
0.97639 2.38068 -5.90869e-19 
1.01255 2.39428 0 
0.922477 2.17064 -6.84368e-19 
1.05356 2.68473 0 
1.05576 2.6715 0 
0.612094 2.27303 -1.21972e-19 
1.04275 3.16268 1.30654e-19 
0.913699 3.03266 -3.42441e-20 
0.280103 0.905405 0 
0.318983 0.763865 -3.24452e-19 
0.480407 0.720974 -3.27025e-19 
0.389523 2.01958 0 
0.466969 2.78474 -4.5151e-20 
0.423174 2.54846 0 
0.695188 0.677152 -8.73767e-19 
0.77778 0.678389 1.19129e-18 
0.798354 0.621151 -1.1796e-18 
0.675721 0.63997 -1.13046e-19 
0.731087 0.592899 -4.68214e-19 
1.00522 2.76558 -9.93501e-20 
1.04268 2.82282 -1.72485e-19 
0.640486 2.14876 6.76535e-19 
0.597209 1.71447 -4.81606e-19 
0.700519 1.90742 -4.14164e-19 
0.990881 2.449 -1.14738e-19 
0.995775 2.44257 3.06016e-19 
0.661428 1.84609 2.86678e-20 
0.452927 1.33475 1.49063e-19 
))
(300 (2 10 3 0 0 919 1018)(
0 0 0 
0 0 0 
0 0 0 
0 0 0 
0 0 0 
0 0 0 
0 0 0 
0 0 0 
0 0 0 
0 0 0 
0 0 0 
0 0 0 
0 0 0 
0 0 0 
0 0 0 
0 0 0 
0 0 0 
0 0 0 
0 0 0 
0 0 0 
0 0 0 
0 0 0 
0 0 0 
0 0 0 
0 0 0 
0 0 0 
0 0 0 
0 0 0 
0 0 0 
0 0 0 
0 0 0 
0 0 0 
0 0 0 
0 0 0 
0 0 0 
0 0 0 
0 0 0 
0 0 0 
0 0 0 
0 0 0 
0 0 0 
0 0 0 
0 0 0 
0 0 0 
0 0 0 
0 0 0 
0 0 0 
0 0 0 
0 0 0 
0 0 0 
0 0 0 
0 0 0 
0 0 0 
0 0 0 
0 0 0 
0 0 0 
0 0 0 
0 0 0 
0 0 0 
0 0 0 
0 0 0 
0 0 0 
0 0 0 
0 0 0 
0 0 0 
0 0 0 
0 0 0 
0 0 0 
0 0 0 
0 0 0 
0 0 0 
0 0 0 
0 0 0 
0 0 0 
0 0 0 
0 0 0 
0 0 0 
0 0 0 
0 0 0 
0 0 0 
0 0 0 
0 0 0 
0 0 0 
0 0 0 
0 0 0 
0 0 0 
0 0 0 
0 0 0 
0 0 0 
0 0 0 
0 0 0 
0 0 0 
0 0 0 
0 0 0 
0 0 0 
0 0 0 
0 0 0 
0 0 0 
0 0 0 
0 0 0 
))
(300 (2 11 3 0 0 1019 1026)(
1 0 0 
1 0 0 
1 0 0 
1 0 0 
1 0 0 
1 0 0 
1 0 0 
1 0 0 
))
(300 (2 12 3 0 0 1027 1030)(
0 3 0 
0 3 0 
0 3 0 
0 3 0 
))
(300 (2 13 3 0 0 1031 1038)(
0.00208135 0.825602 0 
-0.0118661 2.03621 3.55548e-20 
0.00680668 1.13424 0 
-0.0135944 2.61037 0 
-0.016596 2.01634 0 
0.0437567 1.38884 0 
0.0144216 1.58652 0 
-0.0204499 2.40166 0 
))
(300 (2 14 3 0 0 1039 1072)(
0 0 0 
0 0 0 
0 0 0 
0 0 0 
0 0 0 
0 0 0 
0 0 0 
0 0 0 
0 0 0 
0 0 0 
0 0 0 
0 0 0 
0 0 0 
0 0 0 
0 0 0 
0 0 0 
0 0 0 
0 0 0 
0 0 0 
0 0 0 
0 0 0 
0 0 0 
0 0 0 
0 0 0 
0 0 0 
0 0 0 
0 0 0 
0 0 0 
0 0 0 
0 0 0 
0 0 0 
0 0 0 
0 0 0 
0 0 0 
))
(300 (2 15 3 0 0 1073 1072)(
))
