(0 "FOAM to Fluent data File")

(33 (918 3444 1074))
(300 (1 1 1 0 0 1 918)(
0.556536
1.18665
0.00113319
0.555963
-0.0126259
1.15363
-0.508415
0.677956
0.536726
-0.109894
-0.0440598
0.536315
1.01446
0.780398
-1.12506
-0.00980658
0.651704
-0.383741
0.53582
-0.0545351
0.703345
0.543274
0.5463
0.53688
0.600663
0.754747
0.895729
0.0215645
0.00915786
0.00479253
-0.0123245
-0.0397945
-0.0334629
1.03727
1.08837
1.11107
0.504571
0.331751
-0.373834
-0.44522
-0.435607
-0.54701
0.673363
0.671387
-0.205206
0.681145
0.684452
0.523779
0.536094
0.537002
0.538035
0.537013
0.538396
0.404125
-0.112502
-0.144504
-0.0902936
-0.0814989
0.0555117
-0.0444277
-0.0471392
-0.0427579
-0.0422416
0.453892
0.530614
0.527547
0.541572
0.552274
1.1262
1.09811
1.12425
1.03798
1.05443
0.992437
0.965062
0.800908
0.823031
0.766104
0.75182
-1.55802
-2.51119
-0.534228
-0.283141
-0.0104749
-0.00689018
-0.000759273
0.648188
0.64891
0.651361
0.654927
1.07997
-0.380682
-0.481209
0.535959
0.534765
0.5431
0.5438
0.539818
0.538909
-0.0446487
-0.0405452
-0.0469635
-0.050321
-0.049838
0.692299
0.692521
0.53741
0.534416
0.559372
0.580012
0.571321
0.278611
0.60886
0.623687
0.586459
0.746581
0.741173
0.749748
0.869377
0.833474
0.932569
0.955751
0.0167301
0.000160763
-0.0145529
-0.0193067
-0.0177568
0.500416
0.492979
0.520223
0.507995
0.510494
0.248195
0.114422
0.416933
0.442009
-0.291648
-0.356154
-0.431054
-0.460093
-0.567691
0.610909
0.666832
0.663904
-0.217517
-0.145055
-0.277137
-0.0714371
-0.133853
0.514062
0.521062
0.516068
0.531601
0.526072
0.528034
0.540358
0.53743
0.53899
0.466515
0.590285
0.330272
0.295111
-0.246752
-0.16127
-0.247497
-0.0690887
-0.064164
0.0692527
0.0945985
0.0425781
0.0309835
-0.0580968
-0.0498558
-0.0537127
-0.0412984
-0.0405246
0.446675
0.43552
0.466563
0.474097
0.518745
0.520131
0.524345
0.522423
0.915817
0.93826
0.945782
0.919451
-3.50288
-6.28828
0.0421185
0.178828
-0.0066472
-0.00890618
0.00227954
-0.00579295
0.00073923
-0.00187148
-0.00485844
-0.00630625
-0.00141041
0.000211296
0.641756
0.642622
1.00145
1.00739
0.978062
0.930519
0.524147
0.526227
0.531738
0.527614
-0.0402985
-0.0406814
-0.0405709
0.686978
0.691075
0.689625
0.240418
0.15125
0.329341
0.358257
0.635243
0.62341
0.633573
0.647704
0.684326
0.963197
0.981406
0.979604
0.987899
1.03186
1.0482
1.01367
0.479908
0.489866
0.48483
0.523335
0.521104
0.522009
0.517805
0.519138
0.517079
-0.0363442
-0.417093
0.490073
0.507478
0.491655
0.49491
0.69096
0.769351
0.655203
0.659957
0.658635
-0.00292986
-0.0612761
0.250767
0.217107
0.386452
0.422742
0.40177
0.887188
0.847241
0.897448
0.870707
0.831879
0.85813
-0.368766
-1.87065
-0.988492
0.529283
0.343315
0.430946
0.012845
-0.00417264
0.000421794
1.00048
1.07365
0.646132
0.820415
0.823598
0.718566
0.747253
0.807772
0.733995
0.768527
0.801805
0.779351
0.567221
0.503338
0.51916
0.838526
0.894232
0.121817
0.061363
0.0173674
0.113164
0.170106
0.144385
1.03425
0.948254
1.01864
0.534176
0.534893
-0.00399459
-0.0180196
0.53912
0.539173
-0.011784
-0.000739801
0.413366
-0.833521
0.103377
0.527681
0.517642
0.534742
-0.0926369
0.355713
-0.0450559
0.0501076
-0.00561372
0.531765
0.464967
0.424232
0.00268585
-0.0179968
-0.0448773
-0.216205
0.531846
0.530151
0.534209
0.535156
0.535833
-0.0167555
-0.0124445
-0.0093191
-0.0429673
-0.0382734
-0.0479398
0.498742
0.517624
-0.170424
0.534353
0.536485
0.536305
0.52955
0.535188
0.533434
-0.00849315
-0.0142571
-0.0167904
0.221696
0.351695
0.653109
0.74098
0.624733
0.400513
0.164987
0.556427
0.619479
0.525356
0.678795
0.662891
0.678078
0.168871
0.0186041
0.177213
0.118484
0.52554
0.524244
0.515896
0.51287
0.529605
0.527715
0.532277
0.529289
0.532241
0.533627
-0.0501741
-0.0754603
-0.0872467
-0.156533
0.310355
0.572133
0.253361
0.283802
0.143035
-0.0395944
-0.0405836
-0.0441944
-0.0498991
0.00336843
-0.0204738
0.0451026
0.0457802
0.0179489
-0.0083347
-0.00435089
-0.015262
-0.0115195
0.52495
0.523863
0.529205
0.538078
0.474583
0.47836
0.443314
0.464003
0.449298
0.388208
0.423396
0.398618
-0.00365274
0.00567945
-0.000830679
-0.0153031
-0.0121133
-0.0305174
-0.0272326
-0.0234639
-0.0190859
-0.0257881
-0.0401871
-0.0418454
-0.173552
-0.288299
0.988245
0.910579
0.134674
0.521001
0.527451
0.524216
0.529117
0.532246
0.533054
0.530771
0.527323
0.517973
0.519515
0.516322
0.517194
-0.102419
-0.242787
-0.0709028
-0.143735
0.143111
0.626964
0.36362
0.300036
0.295016
0.522674
0.918093
0.703113
0.678031
0.688439
-0.343384
0.0471001
-0.279005
0.33681
0.163553
0.654112
0.701799
0.721639
0.671016
0.624625
-0.104549
0.554456
-0.0695405
-0.0185061
0.182065
0.0608011
0.673668
0.648473
0.652435
0.669095
0.685162
0.654645
0.639977
0.635032
0.664741
0.66685
0.488323
0.25253
0.203997
0.165455
0.641884
0.523592
0.576798
0.493685
0.520724
0.523337
0.521969
0.503561
0.51113
0.506665
0.513179
0.516658
0.525318
0.52577
0.521067
0.523199
-0.0551826
-0.0591145
-0.030532
-0.139039
-0.132401
-0.195161
-0.0643892
0.0740132
0.0345228
0.235684
0.340658
0.0515465
-0.0595021
-0.0322891
0.00950357
0.178972
0.205863
0.0747722
0.16306
0.152642
0.135293
0.237166
0.241272
-0.0243843
-0.0282347
-0.0313664
-0.0336644
0.021126
0.0913438
0.101162
-0.00197661
-0.00795048
-0.0375337
-0.0370453
-0.0209664
-0.025669
-0.0218429
0.010836
-0.0504095
-0.0175874
-0.00334434
0.00104473
-0.00134267
-0.00695677
0.517389
0.519887
0.519434
0.525221
0.542103
0.556825
0.517843
0.496746
0.487553
0.490564
0.463473
0.473803
0.469459
0.483203
0.50437
0.514049
0.511314
0.514132
0.496496
0.498208
0.484701
0.488419
0.463152
0.444097
0.432241
-0.0397021
-0.000758073
-0.00898227
-0.0350222
-0.00513117
-0.0173219
-0.00774554
0.011361
-0.00468857
-0.00683523
-0.0175167
-0.0229761
-0.0223824
-0.0751989
0.0110312
-0.184281
-0.220348
-0.292551
0.890044
1.01408
0.81008
0.583187
0.602594
0.845832
0.930584
0.543408
0.73525
0.758668
0.58591
0.85299
0.525835
0.525438
0.523037
0.522516
0.523733
-0.00770792
0.0979192
0.0977793
0.159726
0.274996
0.386996
0.317212
0.192727
0.32312
0.325659
0.619304
0.631445
0.586931
0.611097
0.610555
0.425589
0.501353
0.553505
0.511947
0.564329
0.585468
0.540319
0.572857
0.523062
0.477926
0.473793
0.424475
0.444127
0.420234
0.403221
0.515209
0.492745
0.503239
0.493569
0.512546
0.53993
0.535296
0.561577
0.5754
0.497306
0.45266
0.462031
0.492363
0.453286
0.468431
0.484944
0.23016
0.131732
0.214579
-0.0721918
0.000748041
-0.0125372
-0.0607298
-0.0106703
0.273988
-0.418545
-0.394785
-1.02302
0.500563
0.95351
0.614855
0.58773
0.682709
0.664967
0.669793
0.686193
0.689557
0.630444
0.642633
0.646272
0.608338
0.630319
0.649317
0.646368
0.524345
0.386001
0.38362
0.333571
0.203708
0.24264
0.441203
0.364348
0.289056
0.289724
0.458219
0.345041
0.414413
0.449243
0.380719
0.335063
0.538071
0.602971
0.595727
0.570119
0.484042
0.497425
0.52129
0.555525
0.581017
0.611625
0.512625
0.518537
0.519773
0.517255
0.514521
0.51757
0.517804
0.520349
0.521011
0.523997
0.52304
-0.0445323
-0.0325984
-0.0460059
-0.0540995
-0.0203592
-0.0232823
0.0197671
0.0052842
-0.0118124
-0.00610413
-0.0310086
-0.0353174
-0.0307611
-0.022009
0.0989449
0.111531
0.0947543
0.0551226
0.249104
0.378905
0.453364
0.328524
0.221255
0.244356
0.264572
-0.0117214
0.0150995
0.0020091
0.041279
0.0329389
-0.031874
-0.0361034
-0.0333441
-0.0263452
-0.0168756
-0.0332648
-0.0365325
-0.0277198
-0.0323819
-0.034392
-0.0383775
0.499006
0.492479
0.4942
0.488009
0.486718
0.501125
0.505371
0.507359
0.512873
0.515258
0.505195
0.511047
0.514941
-0.00812491
-0.0309362
-0.0349893
-0.02372
-0.0265017
-0.0245512
-0.0261367
0.122377
0.0518459
0.0566103
0.00858015
-0.122602
-0.0649705
0.490072
0.489182
0.479046
0.719811
0.569126
0.489645
0.586772
0.692414
0.274756
0.471819
0.306571
0.887509
0.783589
0.930023
0.541302
0.24322
0.404911
0.449682
0.261569
0.336457
0.325682
0.214344
0.24541
0.282192
0.381461
0.263614
0.239993
-0.00278018
0.187449
0.299921
0.28176
0.406788
0.46789
0.26431
0.184043
0.13909
0.604621
0.623887
0.638142
0.610373
0.631418
0.577847
0.568697
0.585233
0.593908
0.589296
-0.750926
-0.457464
-1.40369
-0.7245
-0.270593
0.530819
0.500568
0.76713
0.646893
0.68926
0.674708
0.633965
0.602785
0.624025
0.64891
0.345596
0.456791
0.431967
0.437093
0.338926
0.269922
0.568034
0.564013
0.597051
0.620339
0.591966
0.621568
0.510446
0.510161
0.509632
0.505888
0.504161
0.506517
0.0578144
0.0262442
0.0630448
0.043585
0.0203603
0.00842979
-0.00443078
-0.0142169
-0.0214545
-0.0214927
-0.00805594
-0.00393882
0.169735
0.108097
0.0278743
0.0578383
-0.00316389
-0.0721077
-0.0905189
0.013504
0.10985
0.100116
0.404209
0.654124
0.474096
0.641564
0.483736
0.53949
0.467687
0.459183
0.48462
0.378205
0.458657
0.242161
-0.264826
-0.173893
0.789958
0.802515
0.579761
0.402238
0.171045
0.352054
0.543645
0.475274
0.511502
0.580497
0.568752
0.0230105
0.0829316
0.363174
0.590229
0.237455
0.228564
0.222357
0.404197
0.323939
))
(300 (1 10 1 0 0 919 1018)(
0.556536
1.18665
0.00113319
0.555963
1.15363
-0.508415
0.677956
-0.109894
-0.0440598
0.536315
1.01446
0.780398
-1.12506
0.651704
-0.383741
0.53582
-0.0545351
0.703345
0.53688
0.600663
0.754747
0.895729
0.0215645
1.03727
0.504571
-0.44522
-0.54701
0.671387
-0.205206
0.684452
0.523779
-0.144504
-0.0814989
-0.0471392
-0.0422416
0.453892
0.527547
0.552274
1.05443
0.965062
0.823031
0.75182
-2.51119
-0.283141
0.64891
0.654927
-0.481209
0.534765
0.538909
-0.0405452
-0.049838
0.692521
0.534416
0.571321
0.278611
0.623687
0.586459
0.749748
0.833474
0.955751
0.492979
0.520223
0.510494
-0.356154
-0.567691
0.663904
-0.277137
-0.133853
0.516068
0.528034
-0.247497
-0.064164
-0.0537127
-0.0405246
0.43552
0.474097
0.518745
0.522423
0.919451
0.178828
0.642622
0.524147
0.527614
-0.0405709
0.689625
0.15125
0.358257
0.633573
0.684326
0.987899
0.48483
0.522009
0.517079
0.658635
-0.0612761
0.40177
0.870707
0.430946
0.768527
0.0173674
))
(300 (1 11 1 0 0 919 926)(
0.556536
0.555963
0.536726
0.543274
0.537002
0.538396
0.5431
0.53899
))
(300 (1 12 1 0 0 919 922)(
1.18665
1.15363
1.11107
1.12425
))
(300 (1 13 1 0 0 919 926)(
0
0
0
0
0
0
0
0
))
(300 (1 14 1 0 0 919 952)(
-0.0126259
-0.00980658
-0.0334629
0.331751
0.404125
0.0555117
-0.000759273
1.07997
-0.0177568
0.114422
0.442009
0.610909
0.590285
0.295111
0.0945985
0.0309835
-6.28828
-0.00485844
0.000211296
1.00739
0.930519
-0.417093
0.490073
0.49491
0.769351
0.217107
-0.988492
0.000421794
1.07365
0.823598
0.51916
0.894232
0.144385
1.01864
))
(300 (1 15 1 0 0 919 2754)(
0.556536
0.556536
1.18665
1.18665
0.00113319
0.00113319
0.555963
0.555963
-0.0126259
-0.0126259
1.15363
1.15363
-0.508415
-0.508415
0.677956
0.677956
0.536726
0.536726
-0.109894
-0.109894
-0.0440598
-0.0440598
0.536315
0.536315
1.01446
1.01446
0.780398
0.780398
-1.12506
-1.12506
-0.00980658
-0.00980658
0.651704
0.651704
-0.383741
-0.383741
0.53582
0.53582
-0.0545351
-0.0545351
0.703345
0.703345
0.543274
0.543274
0.5463
0.5463
0.53688
0.53688
0.600663
0.600663
0.754747
0.754747
0.895729
0.895729
0.0215645
0.0215645
0.00915786
0.00915786
0.00479253
0.00479253
-0.0123245
-0.0123245
-0.0397945
-0.0397945
-0.0334629
-0.0334629
1.03727
1.03727
1.08837
1.08837
1.11107
1.11107
0.504571
0.504571
0.331751
0.331751
-0.373834
-0.373834
-0.44522
-0.44522
-0.435607
-0.435607
-0.54701
-0.54701
0.673363
0.673363
0.671387
0.671387
-0.205206
-0.205206
0.681145
0.681145
0.684452
0.684452
0.523779
0.523779
0.536094
0.536094
0.537002
0.537002
0.538035
0.538035
0.537013
0.537013
0.538396
0.538396
0.404125
0.404125
-0.112502
-0.112502
-0.144504
-0.144504
-0.0902936
-0.0902936
-0.0814989
-0.0814989
0.0555117
0.0555117
-0.0444277
-0.0444277
-0.0471392
-0.0471392
-0.0427579
-0.0427579
-0.0422416
-0.0422416
0.453892
0.453892
0.530614
0.530614
0.527547
0.527547
0.541572
0.541572
0.552274
0.552274
1.1262
1.1262
1.09811
1.09811
1.12425
1.12425
1.03798
1.03798
1.05443
1.05443
0.992437
0.992437
0.965062
0.965062
0.800908
0.800908
0.823031
0.823031
0.766104
0.766104
0.75182
0.75182
-1.55802
-1.55802
-2.51119
-2.51119
-0.534228
-0.534228
-0.283141
-0.283141
-0.0104749
-0.0104749
-0.00689018
-0.00689018
-0.000759273
-0.000759273
0.648188
0.648188
0.64891
0.64891
0.651361
0.651361
0.654927
0.654927
1.07997
1.07997
-0.380682
-0.380682
-0.481209
-0.481209
0.535959
0.535959
0.534765
0.534765
0.5431
0.5431
0.5438
0.5438
0.539818
0.539818
0.538909
0.538909
-0.0446487
-0.0446487
-0.0405452
-0.0405452
-0.0469635
-0.0469635
-0.050321
-0.050321
-0.049838
-0.049838
0.692299
0.692299
0.692521
0.692521
0.53741
0.53741
0.534416
0.534416
0.559372
0.559372
0.580012
0.580012
0.571321
0.571321
0.278611
0.278611
0.60886
0.60886
0.623687
0.623687
0.586459
0.586459
0.746581
0.746581
0.741173
0.741173
0.749748
0.749748
0.869377
0.869377
0.833474
0.833474
0.932569
0.932569
0.955751
0.955751
0.0167301
0.0167301
0.000160763
0.000160763
-0.0145529
-0.0145529
-0.0193067
-0.0193067
-0.0177568
-0.0177568
0.500416
0.500416
0.492979
0.492979
0.520223
0.520223
0.507995
0.507995
0.510494
0.510494
0.248195
0.248195
0.114422
0.114422
0.416933
0.416933
0.442009
0.442009
-0.291648
-0.291648
-0.356154
-0.356154
-0.431054
-0.431054
-0.460093
-0.460093
-0.567691
-0.567691
0.610909
0.610909
0.666832
0.666832
0.663904
0.663904
-0.217517
-0.217517
-0.145055
-0.145055
-0.277137
-0.277137
-0.0714371
-0.0714371
-0.133853
-0.133853
0.514062
0.514062
0.521062
0.521062
0.516068
0.516068
0.531601
0.531601
0.526072
0.526072
0.528034
0.528034
0.540358
0.540358
0.53743
0.53743
0.53899
0.53899
0.466515
0.466515
0.590285
0.590285
0.330272
0.330272
0.295111
0.295111
-0.246752
-0.246752
-0.16127
-0.16127
-0.247497
-0.247497
-0.0690887
-0.0690887
-0.064164
-0.064164
0.0692527
0.0692527
0.0945985
0.0945985
0.0425781
0.0425781
0.0309835
0.0309835
-0.0580968
-0.0580968
-0.0498558
-0.0498558
-0.0537127
-0.0537127
-0.0412984
-0.0412984
-0.0405246
-0.0405246
0.446675
0.446675
0.43552
0.43552
0.466563
0.466563
0.474097
0.474097
0.518745
0.518745
0.520131
0.520131
0.524345
0.524345
0.522423
0.522423
0.915817
0.915817
0.93826
0.93826
0.945782
0.945782
0.919451
0.919451
-3.50288
-3.50288
-6.28828
-6.28828
0.0421185
0.0421185
0.178828
0.178828
-0.0066472
-0.0066472
-0.00890618
-0.00890618
0.00227954
0.00227954
-0.00579295
-0.00579295
0.00073923
0.00073923
-0.00187148
-0.00187148
-0.00485844
-0.00485844
-0.00630625
-0.00630625
-0.00141041
-0.00141041
0.000211296
0.000211296
0.641756
0.641756
0.642622
0.642622
1.00145
1.00145
1.00739
1.00739
0.978062
0.978062
0.930519
0.930519
0.524147
0.524147
0.526227
0.526227
0.531738
0.531738
0.527614
0.527614
-0.0402985
-0.0402985
-0.0406814
-0.0406814
-0.0405709
-0.0405709
0.686978
0.686978
0.691075
0.691075
0.689625
0.689625
0.240418
0.240418
0.15125
0.15125
0.329341
0.329341
0.358257
0.358257
0.635243
0.635243
0.62341
0.62341
0.633573
0.633573
0.647704
0.647704
0.684326
0.684326
0.963197
0.963197
0.981406
0.981406
0.979604
0.979604
0.987899
0.987899
1.03186
1.03186
1.0482
1.0482
1.01367
1.01367
0.479908
0.479908
0.489866
0.489866
0.48483
0.48483
0.523335
0.523335
0.521104
0.521104
0.522009
0.522009
0.517805
0.517805
0.519138
0.519138
0.517079
0.517079
-0.0363442
-0.0363442
-0.417093
-0.417093
0.490073
0.490073
0.507478
0.507478
0.491655
0.491655
0.49491
0.49491
0.69096
0.69096
0.769351
0.769351
0.655203
0.655203
0.659957
0.659957
0.658635
0.658635
-0.00292986
-0.00292986
-0.0612761
-0.0612761
0.250767
0.250767
0.217107
0.217107
0.386452
0.386452
0.422742
0.422742
0.40177
0.40177
0.887188
0.887188
0.847241
0.847241
0.897448
0.897448
0.870707
0.870707
0.831879
0.831879
0.85813
0.85813
-0.368766
-0.368766
-1.87065
-1.87065
-0.988492
-0.988492
0.529283
0.529283
0.343315
0.343315
0.430946
0.430946
0.012845
0.012845
-0.00417264
-0.00417264
0.000421794
0.000421794
1.00048
1.00048
1.07365
1.07365
0.646132
0.646132
0.820415
0.820415
0.823598
0.823598
0.718566
0.718566
0.747253
0.747253
0.807772
0.807772
0.733995
0.733995
0.768527
0.768527
0.801805
0.801805
0.779351
0.779351
0.567221
0.567221
0.503338
0.503338
0.51916
0.51916
0.838526
0.838526
0.894232
0.894232
0.121817
0.121817
0.061363
0.061363
0.0173674
0.0173674
0.113164
0.113164
0.170106
0.170106
0.144385
0.144385
1.03425
1.03425
0.948254
0.948254
1.01864
1.01864
0.534176
0.534176
0.534893
0.534893
-0.00399459
-0.00399459
-0.0180196
-0.0180196
0.53912
0.53912
0.539173
0.539173
-0.011784
-0.011784
-0.000739801
-0.000739801
0.413366
0.413366
-0.833521
-0.833521
0.103377
0.103377
0.527681
0.527681
0.517642
0.517642
0.534742
0.534742
-0.0926369
-0.0926369
0.355713
0.355713
-0.0450559
-0.0450559
0.0501076
0.0501076
-0.00561372
-0.00561372
0.531765
0.531765
0.464967
0.464967
0.424232
0.424232
0.00268585
0.00268585
-0.0179968
-0.0179968
-0.0448773
-0.0448773
-0.216205
-0.216205
0.531846
0.531846
0.530151
0.530151
0.534209
0.534209
0.535156
0.535156
0.535833
0.535833
-0.0167555
-0.0167555
-0.0124445
-0.0124445
-0.0093191
-0.0093191
-0.0429673
-0.0429673
-0.0382734
-0.0382734
-0.0479398
-0.0479398
0.498742
0.498742
0.517624
0.517624
-0.170424
-0.170424
0.534353
0.534353
0.536485
0.536485
0.536305
0.536305
0.52955
0.52955
0.535188
0.535188
0.533434
0.533434
-0.00849315
-0.00849315
-0.0142571
-0.0142571
-0.0167904
-0.0167904
0.221696
0.221696
0.351695
0.351695
0.653109
0.653109
0.74098
0.74098
0.624733
0.624733
0.400513
0.400513
0.164987
0.164987
0.556427
0.556427
0.619479
0.619479
0.525356
0.525356
0.678795
0.678795
0.662891
0.662891
0.678078
0.678078
0.168871
0.168871
0.0186041
0.0186041
0.177213
0.177213
0.118484
0.118484
0.52554
0.52554
0.524244
0.524244
0.515896
0.515896
0.51287
0.51287
0.529605
0.529605
0.527715
0.527715
0.532277
0.532277
0.529289
0.529289
0.532241
0.532241
0.533627
0.533627
-0.0501741
-0.0501741
-0.0754603
-0.0754603
-0.0872467
-0.0872467
-0.156533
-0.156533
0.310355
0.310355
0.572133
0.572133
0.253361
0.253361
0.283802
0.283802
0.143035
0.143035
-0.0395944
-0.0395944
-0.0405836
-0.0405836
-0.0441944
-0.0441944
-0.0498991
-0.0498991
0.00336843
0.00336843
-0.0204738
-0.0204738
0.0451026
0.0451026
0.0457802
0.0457802
0.0179489
0.0179489
-0.0083347
-0.0083347
-0.00435089
-0.00435089
-0.015262
-0.015262
-0.0115195
-0.0115195
0.52495
0.52495
0.523863
0.523863
0.529205
0.529205
0.538078
0.538078
0.474583
0.474583
0.47836
0.47836
0.443314
0.443314
0.464003
0.464003
0.449298
0.449298
0.388208
0.388208
0.423396
0.423396
0.398618
0.398618
-0.00365274
-0.00365274
0.00567945
0.00567945
-0.000830679
-0.000830679
-0.0153031
-0.0153031
-0.0121133
-0.0121133
-0.0305174
-0.0305174
-0.0272326
-0.0272326
-0.0234639
-0.0234639
-0.0190859
-0.0190859
-0.0257881
-0.0257881
-0.0401871
-0.0401871
-0.0418454
-0.0418454
-0.173552
-0.173552
-0.288299
-0.288299
0.988245
0.988245
0.910579
0.910579
0.134674
0.134674
0.521001
0.521001
0.527451
0.527451
0.524216
0.524216
0.529117
0.529117
0.532246
0.532246
0.533054
0.533054
0.530771
0.530771
0.527323
0.527323
0.517973
0.517973
0.519515
0.519515
0.516322
0.516322
0.517194
0.517194
-0.102419
-0.102419
-0.242787
-0.242787
-0.0709028
-0.0709028
-0.143735
-0.143735
0.143111
0.143111
0.626964
0.626964
0.36362
0.36362
0.300036
0.300036
0.295016
0.295016
0.522674
0.522674
0.918093
0.918093
0.703113
0.703113
0.678031
0.678031
0.688439
0.688439
-0.343384
-0.343384
0.0471001
0.0471001
-0.279005
-0.279005
0.33681
0.33681
0.163553
0.163553
0.654112
0.654112
0.701799
0.701799
0.721639
0.721639
0.671016
0.671016
0.624625
0.624625
-0.104549
-0.104549
0.554456
0.554456
-0.0695405
-0.0695405
-0.0185061
-0.0185061
0.182065
0.182065
0.0608011
0.0608011
0.673668
0.673668
0.648473
0.648473
0.652435
0.652435
0.669095
0.669095
0.685162
0.685162
0.654645
0.654645
0.639977
0.639977
0.635032
0.635032
0.664741
0.664741
0.66685
0.66685
0.488323
0.488323
0.25253
0.25253
0.203997
0.203997
0.165455
0.165455
0.641884
0.641884
0.523592
0.523592
0.576798
0.576798
0.493685
0.493685
0.520724
0.520724
0.523337
0.523337
0.521969
0.521969
0.503561
0.503561
0.51113
0.51113
0.506665
0.506665
0.513179
0.513179
0.516658
0.516658
0.525318
0.525318
0.52577
0.52577
0.521067
0.521067
0.523199
0.523199
-0.0551826
-0.0551826
-0.0591145
-0.0591145
-0.030532
-0.030532
-0.139039
-0.139039
-0.132401
-0.132401
-0.195161
-0.195161
-0.0643892
-0.0643892
0.0740132
0.0740132
0.0345228
0.0345228
0.235684
0.235684
0.340658
0.340658
0.0515465
0.0515465
-0.0595021
-0.0595021
-0.0322891
-0.0322891
0.00950357
0.00950357
0.178972
0.178972
0.205863
0.205863
0.0747722
0.0747722
0.16306
0.16306
0.152642
0.152642
0.135293
0.135293
0.237166
0.237166
0.241272
0.241272
-0.0243843
-0.0243843
-0.0282347
-0.0282347
-0.0313664
-0.0313664
-0.0336644
-0.0336644
0.021126
0.021126
0.0913438
0.0913438
0.101162
0.101162
-0.00197661
-0.00197661
-0.00795048
-0.00795048
-0.0375337
-0.0375337
-0.0370453
-0.0370453
-0.0209664
-0.0209664
-0.025669
-0.025669
-0.0218429
-0.0218429
0.010836
0.010836
-0.0504095
-0.0504095
-0.0175874
-0.0175874
-0.00334434
-0.00334434
0.00104473
0.00104473
-0.00134267
-0.00134267
-0.00695677
-0.00695677
0.517389
0.517389
0.519887
0.519887
0.519434
0.519434
0.525221
0.525221
0.542103
0.542103
0.556825
0.556825
0.517843
0.517843
0.496746
0.496746
0.487553
0.487553
0.490564
0.490564
0.463473
0.463473
0.473803
0.473803
0.469459
0.469459
0.483203
0.483203
0.50437
0.50437
0.514049
0.514049
0.511314
0.511314
0.514132
0.514132
0.496496
0.496496
0.498208
0.498208
0.484701
0.484701
0.488419
0.488419
0.463152
0.463152
0.444097
0.444097
0.432241
0.432241
-0.0397021
-0.0397021
-0.000758073
-0.000758073
-0.00898227
-0.00898227
-0.0350222
-0.0350222
-0.00513117
-0.00513117
-0.0173219
-0.0173219
-0.00774554
-0.00774554
0.011361
0.011361
-0.00468857
-0.00468857
-0.00683523
-0.00683523
-0.0175167
-0.0175167
-0.0229761
-0.0229761
-0.0223824
-0.0223824
-0.0751989
-0.0751989
0.0110312
0.0110312
-0.184281
-0.184281
-0.220348
-0.220348
-0.292551
-0.292551
0.890044
0.890044
1.01408
1.01408
0.81008
0.81008
0.583187
0.583187
0.602594
0.602594
0.845832
0.845832
0.930584
0.930584
0.543408
0.543408
0.73525
0.73525
0.758668
0.758668
0.58591
0.58591
0.85299
0.85299
0.525835
0.525835
0.525438
0.525438
0.523037
0.523037
0.522516
0.522516
0.523733
0.523733
-0.00770792
-0.00770792
0.0979192
0.0979192
0.0977793
0.0977793
0.159726
0.159726
0.274996
0.274996
0.386996
0.386996
0.317212
0.317212
0.192727
0.192727
0.32312
0.32312
0.325659
0.325659
0.619304
0.619304
0.631445
0.631445
0.586931
0.586931
0.611097
0.611097
0.610555
0.610555
0.425589
0.425589
0.501353
0.501353
0.553505
0.553505
0.511947
0.511947
0.564329
0.564329
0.585468
0.585468
0.540319
0.540319
0.572857
0.572857
0.523062
0.523062
0.477926
0.477926
0.473793
0.473793
0.424475
0.424475
0.444127
0.444127
0.420234
0.420234
0.403221
0.403221
0.515209
0.515209
0.492745
0.492745
0.503239
0.503239
0.493569
0.493569
0.512546
0.512546
0.53993
0.53993
0.535296
0.535296
0.561577
0.561577
0.5754
0.5754
0.497306
0.497306
0.45266
0.45266
0.462031
0.462031
0.492363
0.492363
0.453286
0.453286
0.468431
0.468431
0.484944
0.484944
0.23016
0.23016
0.131732
0.131732
0.214579
0.214579
-0.0721918
-0.0721918
0.000748041
0.000748041
-0.0125372
-0.0125372
-0.0607298
-0.0607298
-0.0106703
-0.0106703
0.273988
0.273988
-0.418545
-0.418545
-0.394785
-0.394785
-1.02302
-1.02302
0.500563
0.500563
0.95351
0.95351
0.614855
0.614855
0.58773
0.58773
0.682709
0.682709
0.664967
0.664967
0.669793
0.669793
0.686193
0.686193
0.689557
0.689557
0.630444
0.630444
0.642633
0.642633
0.646272
0.646272
0.608338
0.608338
0.630319
0.630319
0.649317
0.649317
0.646368
0.646368
0.524345
0.524345
0.386001
0.386001
0.38362
0.38362
0.333571
0.333571
0.203708
0.203708
0.24264
0.24264
0.441203
0.441203
0.364348
0.364348
0.289056
0.289056
0.289724
0.289724
0.458219
0.458219
0.345041
0.345041
0.414413
0.414413
0.449243
0.449243
0.380719
0.380719
0.335063
0.335063
0.538071
0.538071
0.602971
0.602971
0.595727
0.595727
0.570119
0.570119
0.484042
0.484042
0.497425
0.497425
0.52129
0.52129
0.555525
0.555525
0.581017
0.581017
0.611625
0.611625
0.512625
0.512625
0.518537
0.518537
0.519773
0.519773
0.517255
0.517255
0.514521
0.514521
0.51757
0.51757
0.517804
0.517804
0.520349
0.520349
0.521011
0.521011
0.523997
0.523997
0.52304
0.52304
-0.0445323
-0.0445323
-0.0325984
-0.0325984
-0.0460059
-0.0460059
-0.0540995
-0.0540995
-0.0203592
-0.0203592
-0.0232823
-0.0232823
0.0197671
0.0197671
0.0052842
0.0052842
-0.0118124
-0.0118124
-0.00610413
-0.00610413
-0.0310086
-0.0310086
-0.0353174
-0.0353174
-0.0307611
-0.0307611
-0.022009
-0.022009
0.0989449
0.0989449
0.111531
0.111531
0.0947543
0.0947543
0.0551226
0.0551226
0.249104
0.249104
0.378905
0.378905
0.453364
0.453364
0.328524
0.328524
0.221255
0.221255
0.244356
0.244356
0.264572
0.264572
-0.0117214
-0.0117214
0.0150995
0.0150995
0.0020091
0.0020091
0.041279
0.041279
0.0329389
0.0329389
-0.031874
-0.031874
-0.0361034
-0.0361034
-0.0333441
-0.0333441
-0.0263452
-0.0263452
-0.0168756
-0.0168756
-0.0332648
-0.0332648
-0.0365325
-0.0365325
-0.0277198
-0.0277198
-0.0323819
-0.0323819
-0.034392
-0.034392
-0.0383775
-0.0383775
0.499006
0.499006
0.492479
0.492479
0.4942
0.4942
0.488009
0.488009
0.486718
0.486718
0.501125
0.501125
0.505371
0.505371
0.507359
0.507359
0.512873
0.512873
0.515258
0.515258
0.505195
0.505195
0.511047
0.511047
0.514941
0.514941
-0.00812491
-0.00812491
-0.0309362
-0.0309362
-0.0349893
-0.0349893
-0.02372
-0.02372
-0.0265017
-0.0265017
-0.0245512
-0.0245512
-0.0261367
-0.0261367
0.122377
0.122377
0.0518459
0.0518459
0.0566103
0.0566103
0.00858015
0.00858015
-0.122602
-0.122602
-0.0649705
-0.0649705
0.490072
0.490072
0.489182
0.489182
0.479046
0.479046
0.719811
0.719811
0.569126
0.569126
0.489645
0.489645
0.586772
0.586772
0.692414
0.692414
0.274756
0.274756
0.471819
0.471819
0.306571
0.306571
0.887509
0.887509
0.783589
0.783589
0.930023
0.930023
0.541302
0.541302
0.24322
0.24322
0.404911
0.404911
0.449682
0.449682
0.261569
0.261569
0.336457
0.336457
0.325682
0.325682
0.214344
0.214344
0.24541
0.24541
0.282192
0.282192
0.381461
0.381461
0.263614
0.263614
0.239993
0.239993
-0.00278018
-0.00278018
0.187449
0.187449
0.299921
0.299921
0.28176
0.28176
0.406788
0.406788
0.46789
0.46789
0.26431
0.26431
0.184043
0.184043
0.13909
0.13909
0.604621
0.604621
0.623887
0.623887
0.638142
0.638142
0.610373
0.610373
0.631418
0.631418
0.577847
0.577847
0.568697
0.568697
0.585233
0.585233
0.593908
0.593908
0.589296
0.589296
-0.750926
-0.750926
-0.457464
-0.457464
-1.40369
-1.40369
-0.7245
-0.7245
-0.270593
-0.270593
0.530819
0.530819
0.500568
0.500568
0.76713
0.76713
0.646893
0.646893
0.68926
0.68926
0.674708
0.674708
0.633965
0.633965
0.602785
0.602785
0.624025
0.624025
0.64891
0.64891
0.345596
0.345596
0.456791
0.456791
0.431967
0.431967
0.437093
0.437093
0.338926
0.338926
0.269922
0.269922
0.568034
0.568034
0.564013
0.564013
0.597051
0.597051
0.620339
0.620339
0.591966
0.591966
0.621568
0.621568
0.510446
0.510446
0.510161
0.510161
0.509632
0.509632
0.505888
0.505888
0.504161
0.504161
0.506517
0.506517
0.0578144
0.0578144
0.0262442
0.0262442
0.0630448
0.0630448
0.043585
0.043585
0.0203603
0.0203603
0.00842979
0.00842979
-0.00443078
-0.00443078
-0.0142169
-0.0142169
-0.0214545
-0.0214545
-0.0214927
-0.0214927
-0.00805594
-0.00805594
-0.00393882
-0.00393882
0.169735
0.169735
0.108097
0.108097
0.0278743
0.0278743
0.0578383
0.0578383
-0.00316389
-0.00316389
-0.0721077
-0.0721077
-0.0905189
-0.0905189
0.013504
0.013504
0.10985
0.10985
0.100116
0.100116
0.404209
0.404209
0.654124
0.654124
0.474096
0.474096
0.641564
0.641564
0.483736
0.483736
0.53949
0.53949
0.467687
0.467687
0.459183
0.459183
0.48462
0.48462
0.378205
0.378205
0.458657
0.458657
0.242161
0.242161
-0.264826
-0.264826
-0.173893
-0.173893
0.789958
0.789958
0.802515
0.802515
0.579761
0.579761
0.402238
0.402238
0.171045
0.171045
0.352054
0.352054
0.543645
0.543645
0.475274
0.475274
0.511502
0.511502
0.580497
0.580497
0.568752
0.568752
0.0230105
0.0230105
0.0829316
0.0829316
0.363174
0.363174
0.590229
0.590229
0.237455
0.237455
0.228564
0.228564
0.222357
0.222357
0.404197
0.404197
0.323939
0.323939
))
(300 (2 1 3 0 0 1 918)(
0.985161 -0.000506004 0 
0.00501304 2.96625 0 
0.00934036 0.887468 0 
0.979704 0.00214641 0 
-0.0105496 2.06259 3.83053e-20 
-0.00704551 2.94879 -2.46953e-18 
0.816853 1.15915 4.47366e-19 
0.162016 0.086567 -1.50759e-20 
0.999909 -0.000277689 0 
0.0599807 0.746581 0 
0.0122087 0.541428 0 
0.735603 -0.018504 0 
0.0111067 2.93034 0 
0.00294195 2.79471 0 
-0.0176522 3.1504 7.80753e-19 
-0.0218116 1.90943 7.85494e-21 
0.280027 0.0408182 1.01805e-18 
0.186274 1.13554 3.1956e-19 
0.962737 0.00501862 0 
0.0091958 0.50257 0 
-0.0012908 0.115612 -7.08095e-19 
1.00197 -0.00497654 0 
1.00022 -0.00978623 0 
0.975735 -0.00643908 0 
0.596874 0.0093194 0 
0.0150422 2.64118 0 
-0.0148084 2.90996 9.08819e-19 
0.0115299 0.939379 0 
-0.0140099 1.18149 0 
0.0137656 0.921194 0 
-0.0118384 2.59648 0 
0.000640043 2.11572 -3.05926e-20 
-0.0101982 1.89142 0 
-0.0206088 2.9876 -8.87667e-23 
-0.0166871 3.0053 1.91929e-18 
0.00210336 3.00018 0 
0.871223 -0.00963508 0 
0.403369 0.934474 1.79115e-19 
0.80174 1.17369 -5.10547e-19 
0.953047 1.01903 5.52808e-19 
0.670735 1.26511 -1.03675e-19 
0.672017 1.23914 5.97107e-19 
0.198929 0.144124 1.47078e-20 
0.176604 0.0623446 0 
1.15338 0.560002 0 
0.172475 0.132378 6.70496e-20 
0.137861 0.0831441 -6.95732e-20 
0.919877 -0.00745496 0 
1.00027 0.00015935 0 
0.999909 0.00033747 0 
1.00363 -0.00776209 0 
1.00096 -0.000921857 0 
1.00017 3.52045e-05 0 
0.0736846 1.82417 -7.72609e-19 
0.0264695 0.954278 0 
0.0952783 0.816367 0 
0.00962371 0.910833 0 
0.0354559 0.677589 0 
0.00644031 2.00874 0 
0.000659104 0.817409 0 
0.0111258 0.561421 0 
-0.00378736 0.813253 0 
0.00989535 0.526634 0 
0.841059 -0.0157867 0 
0.840476 0.0322553 0 
0.767578 -0.0084014 0 
0.805001 0.0414496 0 
0.703593 -0.0142238 0 
0.0146895 3.0004 9.15446e-19 
0.0115049 3.00802 0 
0.00611718 3.00277 0 
0.0135461 2.99735 1.03877e-23 
0.00797025 2.95847 -1.36058e-18 
0.0144862 2.98201 0 
0.0108376 2.90361 0 
0.0247959 2.93065 2.08012e-24 
0.00459142 2.82472 0 
0.030569 2.91627 0 
-0.00525532 2.74581 0 
0.305859 3.54411 0 
-0.13159 3.62499 0 
0.138249 3.24042 -7.26566e-19 
-0.013282 2.97795 0 
-0.0238247 1.9841 0 
-0.00649925 2.16449 -7.7473e-21 
-0.016075 1.91688 9.89326e-22 
0.362832 0.145954 -3.53416e-19 
0.307064 0.0253612 -3.43008e-19 
0.323457 0.153471 -1.05837e-18 
0.246032 0.0489176 -6.89927e-19 
0.228348 0.979875 0 
0.270549 1.28396 -3.69345e-19 
0.364732 1.22112 6.15937e-19 
0.987444 0.00856819 0 
0.941876 0.005832 0 
1.0003 0.000580277 0 
1.00286 0.00930848 0 
1.00301 0.00846931 -2.74165e-18 
0.991909 0.00969634 2.0704e-18 
-0.00456061 0.800819 0 
0.0094117 0.513685 0 
-0.0405865 1.00866 0 
-0.0196562 0.839381 0 
0.00487834 0.498514 0 
0.00768133 0.125761 2.1859e-19 
0.0864566 0.0959745 0 
0.99355 -0.00837297 0 
0.954455 -0.00652802 0 
0.748323 0.0420195 0 
0.683146 0.0336285 0 
0.663326 -0.00825683 0 
0.969035 -0.00771358 0 
0.596651 0.0708383 0 
0.444638 -0.0143241 1.53783e-18 
-0.0371019 2.86274 6.70953e-19 
0.0414502 2.90996 0 
0.0535552 2.88588 0 
-0.00397919 2.70016 0 
-0.0134256 2.98506 8.60684e-19 
-0.0178933 2.89496 0 
-0.0154413 2.98807 -2.66852e-18 
-0.0133174 2.92516 9.13478e-19 
-0.0238483 1.34566 0 
-0.000132932 1.37485 0 
-0.00631749 2.12983 4.68114e-22 
-0.00511269 2.0925 0 
-0.023394 1.89723 0 
0.93848 -0.00743597 0 
0.857282 -0.00994874 0 
0.86329 0.00578441 0 
0.94952 -0.00785629 0 
0.883979 -0.00817791 0 
0.514938 1.12756 -2.26262e-19 
0.564092 1.17863 0 
0.367956 0.879429 3.35025e-20 
0.310475 0.738167 0 
0.913662 1.05681 -1.5232e-19 
1.03035 0.866346 3.08154e-19 
0.358153 1.34731 0 
0.523419 1.32046 0 
0.546306 1.25793 0 
0.120479 0.184994 -3.01742e-19 
0.223292 0.140163 0 
0.201022 0.072233 1.93146e-19 
1.00147 0.92085 0 
1.07448 0.774999 0 
1.09957 0.716454 -2.43351e-19 
1.13278 0.619505 0 
1.18364 0.403608 5.67979e-20 
0.957714 -0.00872966 0 
0.962488 -0.0100487 0 
0.901707 -0.00797497 0 
0.984198 -0.00915142 0 
0.974699 -0.00934252 0 
0.937121 -0.00637017 0 
1.00019 0.00233922 0 
1.0009 0.00141157 0 
0.99991 0.000854715 0 
0.0352338 2.07368 4.2824e-19 
0.119096 1.76723 0 
0.017628 2.18784 6.58082e-19 
0.0464342 1.87782 -5.49116e-19 
0.102616 1.14403 -2.61812e-19 
0.0443005 1.0294 0 
0.140882 0.973797 0 
0.00358676 0.871962 0 
0.0169918 0.625227 0 
-0.00138064 2.24042 -8.53222e-22 
0.0158334 2.01374 0 
-0.0021664 2.24206 -3.20407e-20 
0.00776223 2.01719 5.10034e-20 
0.00133926 0.848387 0 
0.00196919 0.828558 0 
0.0110734 0.588601 0 
-0.00529819 0.808282 0 
0.00102642 0.518415 0 
0.937882 0.00966036 0 
0.84944 -0.0148053 0 
0.927211 0.000316432 0 
0.842114 -0.0129383 0 
0.812115 -0.00109069 0 
0.899536 0.0214766 0 
0.873642 0.0266663 0 
0.788717 -0.0042926 0 
0.00576691 3.06493 -8.53564e-21 
0.0166268 3.05765 0 
0.0146625 2.96903 0 
0.00871376 2.87626 0 
0.921565 3.95735 0 
1.2352 3.29069 9.28257e-19 
0.0693656 3.07019 0 
-0.0291219 2.90263 0 
-0.00745406 1.39484 0 
-0.0303786 1.69356 0 
-0.016127 1.52866 0 
-0.0287613 2.55435 -7.918e-21 
-0.0121769 2.24176 0 
-0.0175515 2.39119 0 
-0.00169441 1.9428 9.35358e-22 
-0.00321523 2.2374 -4.79021e-21 
-0.00508134 2.19916 -1.16219e-21 
-0.00986669 1.92845 0 
0.412396 0.126619 5.38781e-19 
0.3554 0.0141501 -5.28716e-19 
0.259166 1.58504 0 
0.276488 0.753061 -3.15269e-19 
0.177053 1.67206 -1.04855e-18 
0.226131 1.21733 1.05089e-18 
0.902055 0.00639421 0 
0.967415 0.0111119 0 
0.974555 0.0108044 0 
0.923325 0.00642365 0 
-0.00302035 0.801451 0 
-0.00827459 0.800673 0 
0.00262913 0.51238 0 
0.150952 0.121932 6.20181e-19 
0.127692 0.11099 -7.31583e-19 
0.114199 0.0846735 0 
1.09626 0.0854695 2.71691e-20 
1.07845 0.0389983 0 
1.01137 0.0396472 0 
0.905823 -0.00584046 0 
0.460942 0.106131 0 
0.519637 0.0873033 -2.45682e-18 
0.399409 0.00949061 9.18492e-19 
0.00876346 2.98123 7.21824e-19 
-0.0323649 2.86562 4.71308e-20 
0.00359012 3.05031 -1.80725e-20 
0.020177 3.0433 6.42122e-19 
-0.0149865 2.99657 2.99995e-20 
-0.0129374 2.94944 -1.20692e-22 
-0.0172745 3.01195 -5.55056e-19 
0.0148797 3.02379 4.02217e-19 
0.0074026 3.0369 -6.36961e-19 
0.933748 -0.00130336 0 
0.939299 -0.00326436 0 
0.845687 -0.00945884 0 
0.95656 0.0118814 0 
0.942716 0.0132102 0 
0.881611 0.00589405 0 
0.917006 0.0172408 0 
0.925948 0.0150208 0 
0.838516 0.00243838 0 
0.717478 1.40492 4.22336e-20 
0.750774 1.51363 0 
0.182705 0.317006 7.05474e-20 
0.227259 0.668272 5.68348e-19 
0.262335 0.721031 -3.31777e-19 
0.264052 0.52413 6.59865e-19 
0.344948 0.809406 1.58811e-18 
0.139644 0.229607 3.74916e-19 
0.28521 0.155633 7.31058e-19 
0.252543 0.151591 1.89839e-19 
0.220416 0.0614938 3.60539e-19 
1.17282 0.461727 5.9388e-20 
1.18902 0.255459 5.47942e-20 
0.009814 2.23599 2.53731e-19 
0.040587 1.94505 0 
0.969562 0.0291139 0 
0.942544 0.0137438 0 
0.86803 -0.0180035 0 
0.0113641 3.0743 0 
0.0197887 2.94421 1.17644e-18 
0.01641 2.95634 0 
0.00639079 2.85048 -1.16687e-18 
0.00640085 3.09186 2.85577e-19 
0.00700795 3.08225 0 
0.783633 1.81528 -1.59793e-19 
1.24304 2.49125 4.06786e-19 
0.765613 1.95465 -1.23338e-18 
0.0196156 2.9809 -6.21178e-19 
0.0350799 2.99943 0 
-0.0347388 2.87665 0 
-0.00420761 2.22099 -1.31422e-20 
-0.00305829 2.24211 5.6156e-21 
0.00105333 1.97829 -7.3393e-21 
0.27794 1.39368 1.02417e-18 
0.237007 0.546348 -7.0232e-19 
0.0635928 1.9984 7.63032e-19 
0.135359 1.88472 -9.10412e-19 
0.180285 1.50948 9.46794e-20 
0.00585845 3.11822 -1.5895e-18 
0.0122498 3.11904 1.74042e-18 
-0.00931461 2.98047 7.93276e-19 
-0.00415607 2.97718 -7.49294e-19 
-0.0214343 2.88069 -8.0794e-19 
0.00842801 3.09892 -2.12114e-18 
0.00150551 3.10597 2.13846e-18 
0.281241 0.694681 0 
0.248122 0.684072 -1.18024e-18 
0.0959236 0.225512 5.24113e-19 
0.356719 0.93594 1.11081e-18 
0.194714 0.275205 -1.71259e-18 
1.18176 0.174017 6.38109e-20 
1.18958 0.309949 0 
1.17015 0.122016 -7.70642e-21 
0.00107928 2.25293 -1.49426e-21 
0.00447774 2.24508 0 
0.0247718 1.9801 0 
0.34009 1.30258 -3.6791e-19 
0.37389 1.14772 -7.99109e-19 
0.209204 0.376428 1.4244e-18 
1.00588 -0.0108369 0 
1.00767 -0.00763841 5.05803e-19 
-0.0197148 1.32575 0 
-0.0339366 1.32299 0 
1.00221 0.00351089 1.80928e-21 
1.00366 0.00946299 1.03267e-18 
-0.0167229 2.53861 1.00338e-20 
-0.0225753 2.58159 0 
0.0343304 3.17721 4.10033e-19 
0.391567 3.48531 0 
1.17092 0.660155 -5.9234e-20 
1.01286 0.0131262 -2.13957e-21 
1.02131 -0.010317 0 
1.0017 0.000123552 7.7412e-23 
0.104783 1.36289 0 
0.14411 2.57336 0 
0.0261979 1.30554 0 
-0.00119493 2.62446 2.98566e-20 
-0.0223543 2.58114 5.68612e-21 
0.99926 0.0285581 2.23132e-21 
1.06284 0.00449043 0 
1.09698 0.0247152 0 
-0.0285035 1.73611 0 
-0.0188392 2.582 0 
-0.00405832 1.30745 0 
0.311008 1.47738 -1.70561e-19 
1.01129 -0.0096244 0 
1.0094 -0.0149206 0 
1.00237 0.000745611 6.46376e-19 
1.00547 -0.00480579 -7.59724e-19 
1.00118 -0.000973861 0 
-0.0135854 1.46016 0 
-0.00634272 1.37218 0 
-0.00658703 1.41811 0 
-0.0078743 1.29576 0 
-0.0146757 1.28415 0 
-0.00665724 1.26533 0 
1.03494 -0.00612257 0 
1.01987 0.015627 -8.53596e-22 
0.820335 1.27192 2.59354e-19 
1.00223 0.000310164 -6.43915e-19 
1.00406 0.00525639 7.53835e-19 
1.00118 0.00207203 0 
1.01275 0.010345 6.40779e-19 
1.00799 0.00830716 -7.76409e-19 
1.00856 0.0146927 0 
-0.0233446 2.60985 0 
-0.0245893 2.58914 -1.7237e-20 
-0.0223949 2.6034 1.24075e-20 
1.23525 0.265761 5.84357e-19 
1.16104 0.0864163 0 
0.040872 3.07817 -9.15781e-19 
0.0645524 2.85622 -6.66859e-20 
0.13893 3.19234 1.40117e-18 
0.134307 3.22005 -1.9864e-19 
0.13361 3.23122 0 
0.0187269 3.13729 2.36505e-19 
0.0743579 3.1601 9.03225e-19 
0.0672233 3.18522 -4.45841e-19 
0.0217046 3.12979 0 
0.602517 0.277761 0 
0.526721 0.30638 0 
1.14164 0.696308 1.36279e-19 
1.13637 0.817747 -1.21875e-19 
1.19881 0.582943 0 
1.22729 0.51796 0 
1.01607 0.0133597 -1.19442e-18 
1.01498 0.014276 1.49931e-18 
1.02534 -0.00983742 0 
1.02341 -0.0118721 0 
1.00642 0.00260563 0 
1.01042 0.00372613 0 
1.00459 0.00185429 0 
1.0098 0.00623482 0 
1.00782 0.00596107 0 
1.00451 0.00470544 0 
0.0938751 1.3607 0 
0.0887786 1.32739 0 
0.127194 1.39949 0 
0.14329 1.40437 0 
0.145581 2.59827 0 
0.185596 2.66782 -4.23648e-19 
0.101184 2.65402 0 
0.0848604 2.65661 1.97916e-19 
0.0379756 2.67908 -1.49988e-19 
0.0189045 1.31812 0 
0.0209676 1.24577 0 
0.0194389 1.32929 0 
0.0342158 1.26709 0 
0.0022961 1.98381 1.03399e-21 
-0.0210477 2.60898 -1.60356e-20 
-0.00935861 2.66596 1.57496e-20 
-0.0193011 2.68442 0 
-0.0238401 2.61472 -1.00974e-20 
-0.0241059 2.60951 1.00546e-20 
0.0112183 1.98235 1.84119e-21 
-0.00782804 2.39705 2.1515e-20 
-0.0140509 2.41897 -1.78616e-20 
1.00932 0.0381043 1.21622e-18 
1.00509 0.0160477 -1.50865e-18 
1.00168 0.0457962 -1.22797e-18 
0.976401 0.0277149 1.55545e-18 
1.06406 0.00828512 0 
1.04923 -0.00832964 0 
1.09408 0.0347965 0 
1.0741 0.012757 0 
1.07188 0.000441562 0 
1.13998 0.082564 0 
1.11138 0.0442219 0 
1.11497 0.0321046 0 
-0.0244772 2.43054 7.41847e-22 
-0.0142586 2.00986 0 
-0.0153855 2.21402 0 
-0.0205247 2.60278 -9.73382e-21 
-0.0179388 2.61278 1.45652e-22 
0.0030966 1.56998 -3.31281e-20 
-0.00489013 1.49894 3.37342e-20 
-0.013926 1.38803 0 
-0.0175024 1.39485 0 
-0.0220976 1.3898 0 
-0.00333645 1.30816 0 
0.00734709 1.23607 0 
0.387307 1.49461 2.78087e-19 
0.43032 1.49501 1.45574e-19 
0.597851 2.44692 -2.39964e-19 
0.399337 2.54419 7.06344e-19 
0.351272 2.05737 7.08264e-20 
1.02105 -0.0081327 0 
1.0155 -0.00975727 0 
1.01491 -0.0155055 0 
1.0074 -0.00109641 0 
1.00493 -0.000918481 0 
1.00778 -0.00470198 0 
1.00927 -0.00362874 0 
1.01421 -0.00439579 0 
1.02063 0.0162774 1.16995e-18 
1.01774 0.0155769 -1.49678e-18 
1.02094 0.0182807 -1.17895e-18 
1.01862 0.0165994 1.47635e-18 
0.78383 1.32275 0 
0.720982 1.37213 2.46353e-19 
0.894613 1.22284 9.66882e-20 
0.940156 1.16746 -1.2863e-19 
1.1553 2.60129 2.74061e-19 
0.774307 0.120929 5.9905e-19 
1.163 0.108121 0 
1.21123 0.193304 -4.70037e-19 
1.19801 0.15469 -1.99679e-20 
1.00609 0.155497 0 
0.130472 2.95912 5.33192e-19 
0.107103 2.86532 -1.16154e-18 
0.0162684 2.37482 7.7777e-19 
0.092676 -0.123514 -3.36856e-19 
0.336703 3.41519 -2.15198e-19 
0.191971 3.30936 0 
0.235438 3.35016 2.80264e-19 
0.240934 3.03164 -1.77982e-18 
0.334186 3.18988 0 
0.00629609 3.12088 4.62583e-20 
0.0172275 3.12947 -5.43136e-19 
0.0150306 3.12558 7.99399e-19 
0.0345247 3.13966 0 
0.0326377 3.15034 0 
1.21157 2.59914 0 
0.542844 0.811259 -5.27981e-19 
1.06307 0.991242 -6.20516e-21 
0.997167 1.07686 0 
0.850758 0.973421 -1.10313e-19 
1.08732 0.892438 2.81675e-20 
0.326226 0.348714 -8.70048e-19 
0.665917 0.319076 -1.78368e-20 
0.588702 0.221232 4.11765e-19 
0.553073 0.34287 3.03987e-20 
0.447842 0.290279 -1.22164e-18 
0.628803 0.322756 0 
0.704319 0.419781 7.02028e-19 
0.710569 0.422003 0 
0.590204 0.340232 0 
0.531227 0.249897 0 
0.818129 0.620372 4.14118e-19 
1.23629 0.288113 -4.923e-19 
1.23578 0.42649 0 
1.24436 0.366918 0 
0.702023 0.194758 6.19911e-19 
0.866974 0.549151 -3.80627e-19 
0.764559 0.51885 6.75926e-19 
0.959851 0.440895 -7.41981e-19 
1.01932 0.0149054 8.02613e-19 
1.01763 0.0143239 -8.07775e-19 
1.01591 0.0154153 0 
1.0364 -0.00565868 0 
1.02985 -0.00841283 -7.56543e-19 
1.02789 -0.0119894 7.49021e-19 
1.02488 0.0103792 0 
1.02342 0.0140962 0 
1.01142 0.00413571 0 
1.01422 0.00912352 0 
1.01515 0.00413157 0 
1.01426 0.00286963 0 
0.062526 1.34438 0 
0.0674215 1.29605 0 
0.144171 1.38168 1.30971e-20 
0.28126 1.47529 9.16239e-20 
0.173461 1.44644 1.93318e-19 
0.206651 1.45152 -3.14686e-19 
0.169058 1.40677 0 
0.135808 1.60027 -6.98587e-20 
0.118264 1.57705 0 
0.34856 2.00808 -1.0298e-19 
0.343586 2.34278 6.14231e-19 
0.193189 1.46168 6.08879e-20 
0.266506 1.39472 2.45366e-20 
0.202096 1.38483 -1.98822e-20 
0.278542 1.33851 -1.0019e-19 
0.244184 1.58173 0 
0.267594 1.61931 1.10082e-19 
0.0305766 2.26397 -2.88497e-20 
0.0430849 2.66854 0 
0.0660872 2.40064 1.3358e-19 
0.0625261 2.42149 0 
0.0690975 2.6703 -2.1932e-19 
0.048567 2.69851 0 
0.0265159 1.42558 2.95614e-20 
0.0337288 1.47762 0 
0.0287863 1.39382 0 
0.0238583 1.3974 -3.33554e-20 
-0.000416345 2.65225 -1.72633e-20 
0.0290013 2.69766 1.68509e-19 
0.00956941 2.72228 1.19147e-21 
0.00237028 1.83346 -2.42842e-22 
-0.00345757 1.68572 -2.11524e-21 
0.0145399 1.29875 0 
0.0205829 1.22146 0 
0.0461805 1.58598 -2.61551e-20 
0.0291958 1.45943 -3.18173e-20 
0.0360143 1.52428 4.00034e-20 
0.0391615 1.61014 0 
-0.0292719 2.27032 9.12446e-20 
-0.03041 2.54966 -3.82122e-20 
-0.0163736 2.44709 3.29718e-21 
-0.00388684 1.85 2.94256e-22 
-0.0256884 2.49938 8.95827e-22 
-0.0210602 2.44278 4.55591e-21 
1.01877 0.021169 -8.01463e-19 
1.01445 0.0273158 8.02742e-19 
1.01363 0.0169062 0 
1.01146 0.0717326 1.12474e-18 
0.990831 0.0590885 -1.26572e-18 
0.948795 0.0519587 1.4137e-18 
1.01433 0.112241 -1.50117e-19 
1.0428 -0.00566425 0 
1.05114 -0.0013233 7.21514e-19 
1.03908 -0.00982089 -7.23033e-19 
1.07149 0.0425964 -4.29063e-20 
1.06471 0.023874 3.6999e-19 
1.06331 0.0564413 0 
1.05364 0.0501243 -1.33064e-19 
1.0326 0.0431519 0 
1.02534 0.0395446 0 
1.02782 0.0134527 0 
1.02389 0.0161092 0 
1.03996 0.032513 2.74146e-19 
1.03918 0.0276134 -6.06166e-19 
1.05107 0.0343393 -2.90469e-19 
1.04821 0.0343278 -3.20021e-19 
1.07138 0.0649312 6.23943e-19 
1.09667 0.052512 0 
1.10539 0.0965532 0 
-0.0249687 2.27539 5.07856e-20 
-0.023483 2.01727 4.55454e-22 
-0.0199428 2.02418 0 
-0.0265271 2.4446 -5.05612e-20 
-0.020746 2.40012 -1.16074e-21 
-0.0321436 2.47206 4.84794e-21 
-0.0211941 2.62209 -9.28053e-21 
-0.02302 2.56356 -1.37767e-22 
-0.0215553 2.51512 -2.19012e-21 
-0.016112 2.61583 9.04238e-21 
-0.0213307 2.61788 -9.43164e-21 
-0.00500937 1.49006 -4.57888e-22 
0.00408908 1.61835 -3.04945e-20 
0.371986 1.4443 -1.17803e-19 
0.371623 1.38196 3.34956e-20 
0.661543 1.42236 -2.38276e-19 
0.529209 1.48812 -1.43078e-19 
0.587828 1.45443 0 
0.593679 2.42376 2.06748e-19 
0.661833 2.41861 3.37351e-19 
0.411592 2.51395 8.75355e-20 
0.403107 2.53845 -6.08691e-19 
0.51103 2.47995 6.12057e-19 
0.553506 2.46069 0 
0.488634 2.51835 -5.59079e-19 
0.248781 2.59138 1.14378e-18 
0.355062 2.56327 -7.79324e-20 
0.284368 2.65304 -1.58602e-18 
0.947888 2.37609 7.257e-19 
0.838267 2.38138 0 
1.01106 0.000505019 2.62203e-20 
1.01533 -0.00540173 -2.12727e-20 
1.01766 -0.00351867 -3.88535e-19 
1.01501 -0.000874958 3.90566e-19 
1.01243 0.00121458 0 
0.647276 1.28769 0 
0.669223 1.18315 0 
0.782212 1.102 0 
0.661923 1.14625 0 
1.18524 2.61493 5.97734e-20 
1.07344 2.36205 0 
0.835228 2.1686 3.80694e-21 
0.82456 2.4337 0 
0.922278 2.5269 -4.2041e-19 
0.957545 2.48302 2.79677e-19 
0.802015 0.179414 0 
0.750417 0.1541 1.62497e-19 
0.912169 0.150302 9.45842e-19 
0.826919 0.153438 -3.55225e-19 
0.784429 0.0890117 -1.09187e-18 
1.08139 0.239087 -8.92726e-19 
0.998786 0.300476 -1.68424e-20 
0.929331 0.303625 8.61568e-19 
1.00776 0.231451 7.20979e-19 
0.95002 0.196282 -1.25207e-18 
0.913307 0.200539 1.56542e-19 
0.952692 0.265419 -3.3229e-19 
0.928527 0.227076 0 
0.994898 0.192562 6.17403e-19 
1.04696 0.192503 0 
1.04451 0.2205 0 
1.10695 0.120234 2.89772e-19 
1.07091 0.179517 -1.48725e-20 
1.07516 0.239269 -1.57695e-19 
1.10156 0.205546 0 
1.02326 0.0471787 6.18037e-19 
1.03959 0.0599884 7.70907e-19 
1.03414 0.0458181 -6.12757e-19 
1.04318 0.0671234 -5.166e-19 
1.02078 0.0753175 -7.91736e-19 
0.986958 0.160699 0 
0.994735 0.1061 0 
0.96455 0.0702339 -5.02304e-19 
0.907737 0.0969388 1.98802e-19 
1.03959 0.106934 7.1469e-19 
1.06927 0.123699 -8.35776e-19 
1.07529 0.156124 7.46242e-19 
1.03033 0.147766 0 
1.07502 0.11142 0 
1.05491 0.0923859 -3.424e-19 
1.04355 0.0965678 -5.84134e-19 
0.579364 1.05917 1.3858e-19 
0.606113 1.38685 -4.006e-20 
1.15513 2.73082 -2.25005e-19 
1.22101 3.07292 1.3005e-21 
1.24704 2.71379 -1.1977e-19 
1.27585 2.69716 -3.40994e-20 
1.20345 2.33759 -1.09092e-20 
1.20861 2.97682 -9.10758e-20 
1.2286 2.94224 2.30872e-19 
1.21129 3.22594 -1.44194e-19 
1.37119 2.95706 1.99279e-19 
1.36019 2.8752 0 
0.557934 0.819595 -5.00404e-20 
0.116201 1.23229 5.69395e-19 
0.549643 0.379358 5.66734e-19 
0.388098 0.126365 6.18607e-19 
0.487901 0.330205 6.91265e-19 
0.541806 0.443102 -1.11352e-18 
0.544127 0.440266 9.10747e-19 
0.471948 0.337274 -3.46043e-19 
0.360708 0.267123 7.85793e-19 
0.720295 0.265644 -3.57595e-19 
0.681756 0.288886 0 
0.636042 0.20735 7.34844e-21 
0.738659 0.50583 3.69598e-19 
0.713386 0.476824 -1.34535e-18 
0.617514 0.450715 1.23433e-20 
0.619332 0.440517 0 
0.686996 0.720246 3.97301e-19 
0.847626 0.777419 3.96908e-19 
0.772233 0.860486 -4.64411e-19 
0.895112 0.815665 -1.55834e-19 
0.927071 0.86018 -3.77352e-20 
0.934172 0.86042 3.86407e-20 
0.860501 0.655984 -6.85962e-19 
0.941269 0.710066 1.44736e-19 
1.0017 0.72624 0 
0.992477 0.702719 -1.95949e-19 
1.02812 0.340144 2.13445e-19 
1.14766 0.303988 2.89405e-19 
1.06895 0.276201 3.64986e-19 
1.01681 0.372451 -4.32453e-19 
1.0649 0.435217 0 
1.12069 0.418857 0 
0.92316 0.37486 2.62851e-21 
0.841531 0.310179 0 
0.88482 0.307201 4.0649e-19 
0.911314 0.311437 -7.14759e-21 
0.953383 0.443822 2.0671e-18 
0.912842 0.49943 5.33076e-19 
0.918573 0.466321 -5.67819e-19 
0.837038 0.451311 6.08701e-19 
0.819726 0.44379 3.65237e-19 
0.788955 0.426069 -3.59244e-19 
1.02735 -0.000272326 6.47167e-19 
1.01999 3.42409e-05 0 
1.01852 0.000961029 4.21981e-19 
1.02171 -0.00158579 -9.55902e-19 
1.02235 0.00444836 4.64378e-19 
1.02033 0.01145 -9.72442e-19 
1.02124 0.0108188 0 
1.0205 0.0110389 -2.02678e-19 
1.01595 0.0078081 5.08464e-19 
1.01663 0.0105852 -2.53711e-19 
1.01733 0.00993382 1.86847e-19 
0.0281325 1.31981 0 
0.0342139 1.36661 0 
0.0428386 1.32112 0 
0.0471586 1.2741 0 
0.0701343 1.39095 -5.14927e-20 
0.0769273 1.35974 2.24991e-20 
0.115647 1.53465 -1.17187e-20 
0.0980281 1.38051 -8.11377e-21 
0.034145 1.46464 1.36775e-20 
0.0380412 1.458 -1.03917e-20 
0.061905 1.3757 -8.67973e-21 
0.0538588 1.37672 4.40876e-20 
0.0475577 1.35188 6.42305e-21 
0.0384689 1.37492 3.1423e-21 
0.107568 2.37024 -1.4742e-19 
0.0964625 2.41769 0 
0.171633 2.04523 1.06646e-19 
0.112894 1.71052 3.77352e-20 
0.234292 2.03944 -8.89117e-20 
0.202135 2.43055 0 
0.263859 2.3804 -6.02467e-19 
0.304109 2.37801 4.25964e-19 
0.231236 2.00063 -2.46227e-19 
0.155945 2.15964 1.68309e-19 
0.142508 2.26725 0 
0.0175538 1.87893 5.18369e-21 
-0.000944624 2.39459 -3.66777e-20 
0.00522819 2.15057 0 
0.0107645 2.45719 -1.35614e-20 
0.027484 2.30113 9.06968e-21 
0.0158638 1.40674 -6.16805e-21 
0.0143456 1.39152 1.04873e-19 
0.0136074 1.39679 -3.46823e-20 
0.0206661 1.39829 -2.91716e-20 
0.0252722 1.4294 0 
0.00972508 1.37834 0 
0.000667289 1.29265 -4.04147e-20 
0.00696102 1.36989 1.13174e-20 
0.00942816 1.37006 0 
0.0083679 1.28641 -3.01309e-20 
0.0164852 1.21201 6.1451e-20 
1.04072 0.0119215 0 
1.04687 0.00817243 -6.76964e-20 
1.0386 0.0219869 -4.88605e-19 
1.04828 0.0208496 0 
1.05233 0.0207429 0 
1.03629 0.0121167 -6.8062e-21 
1.03096 0.0119382 7.85326e-19 
1.0317 0.0168722 9.52109e-19 
1.02549 0.0207569 0 
1.0223 0.0211203 0 
1.03507 0.0257698 4.87424e-19 
1.02554 0.0271971 0 
1.02361 0.0273198 0 
-0.0186227 2.02216 0 
0.000980555 1.64864 -4.35808e-21 
-0.00494163 1.75755 -2.94431e-20 
0.000665463 1.38077 0 
-0.0071518 1.5485 -1.58584e-20 
-0.00789982 1.45824 1.03096e-20 
-0.00249068 1.3941 0 
0.390929 1.65044 0 
0.374882 1.30969 -6.69477e-20 
0.303387 1.34476 0 
0.428342 1.30781 1.95895e-21 
0.476988 1.46626 0 
0.457781 1.4128 2.69581e-20 
1.03667 2.67726 -1.53395e-20 
0.968481 2.40492 -9.12139e-19 
0.921428 2.19271 1.02405e-18 
0.852231 2.37324 2.4178e-19 
0.848066 2.48731 0 
0.917937 2.48339 0 
0.931221 2.36969 0 
0.910136 2.35878 -9.43007e-19 
0.687975 2.45194 -3.93162e-19 
0.800808 2.44151 -9.73927e-20 
0.811182 2.41554 7.40318e-20 
0.695872 2.3917 0 
0.800905 2.38681 0 
0.759169 2.40027 -3.68252e-19 
0.768248 2.47739 0 
0.627315 1.09361 0 
0.480812 0.904759 -5.06656e-19 
0.56318 0.946308 -3.21095e-20 
0.519732 1.03767 0 
0.519952 0.982187 7.59312e-19 
0.792908 0.883383 -1.30307e-19 
0.805195 1.02001 0 
0.78006 0.986651 1.86308e-19 
0.662261 1.03301 0 
0.663928 0.935979 0 
1.16404 2.75365 -2.28527e-19 
1.14151 2.81698 -9.60528e-20 
0.929823 2.33238 9.85685e-20 
0.897709 2.3117 -8.28006e-20 
1.12957 2.72667 0 
1.08337 2.69619 9.96209e-20 
1.08958 2.4801 -3.13182e-19 
0.984159 2.23264 -3.04544e-20 
0.494131 1.33518 0 
0.509152 1.06354 -1.2216e-19 
0.575965 1.16775 0 
0.854894 0.245758 0 
0.767616 0.195196 0 
0.689728 0.155519 0 
0.846471 0.247314 -6.39818e-19 
0.740602 0.23811 3.73026e-19 
0.924032 0.0859434 -4.10464e-19 
0.933033 0.130207 0 
0.918059 0.139161 1.76959e-19 
0.853643 0.1175 7.08457e-19 
0.81809 0.0777373 -4.44235e-19 
1.15679 3.35102 -7.21017e-19 
1.20561 3.27045 0 
1.15443 3.37982 -1.49165e-18 
0.642721 3.54114 1.2661e-18 
0.865128 3.10974 7.45005e-20 
0.519998 0.810852 6.02713e-19 
0.425406 0.807395 0 
0.314778 0.412515 -1.4942e-19 
0.467054 0.656681 8.56868e-19 
0.552472 0.382023 -1.98876e-19 
0.512551 0.473504 2.32573e-19 
0.67042 0.515716 4.98607e-19 
0.707394 0.550095 0 
0.658121 0.583528 0 
0.620727 0.531912 0 
1.00309 0.612398 9.01984e-20 
0.917728 0.549447 -5.18923e-19 
0.943034 0.581835 3.91429e-19 
0.975251 0.520815 -4.01142e-19 
1.08247 0.492351 0 
1.09086 0.582027 -9.81284e-20 
0.858003 0.404472 -8.35293e-19 
0.858065 0.393643 -1.03504e-18 
0.795802 0.3888 6.51083e-19 
0.802583 0.364825 -6.62638e-19 
0.846367 0.328402 -5.22248e-19 
0.795162 0.328874 6.39367e-19 
1.02667 0.00599826 -4.93533e-19 
1.02637 0.00622056 1.00367e-18 
1.02942 0.000163531 6.27154e-19 
1.03362 0.00106995 -7.55312e-19 
1.03376 0.00916131 0 
1.03004 0.00985497 -1.2297e-18 
0.0631605 1.64431 1.96852e-20 
0.0467265 1.58544 0 
0.0873805 1.69511 1.16544e-19 
0.0978969 1.67725 -1.02044e-19 
0.0899133 1.54323 2.19649e-20 
0.0889807 1.53551 0 
0.010441 1.68183 0 
-0.00344731 1.48739 5.81982e-21 
-0.0026289 1.43352 -5.23423e-21 
-0.00757701 1.54532 5.32558e-21 
0.00112942 1.88258 8.67008e-21 
-0.0107056 1.93551 -7.25164e-22 
0.498151 1.36128 -2.73133e-19 
0.49157 1.36291 3.00019e-19 
0.455029 1.30242 -2.88047e-20 
0.438154 1.28841 7.66798e-21 
0.639192 1.30635 0 
0.555565 1.39567 1.06624e-19 
0.570737 1.4023 -1.03801e-19 
0.468675 1.29024 2.80273e-20 
0.522177 1.24138 0 
0.573992 1.20362 0 
0.655088 2.41163 5.77556e-19 
0.670289 2.45282 1.25849e-18 
0.714774 2.46357 -8.67013e-19 
0.611065 2.4379 -2.0167e-19 
0.560971 2.52805 2.82961e-19 
0.50998 2.50266 -7.54664e-19 
0.978374 2.37618 -5.72992e-19 
1.0129 2.38844 0 
0.925926 2.17057 -6.59525e-19 
1.05422 2.67526 0 
1.0565 2.66188 0 
0.601687 2.26111 -1.20983e-19 
1.03799 3.15554 1.33484e-19 
0.908997 3.02598 -3.7686e-20 
0.268286 0.862421 0 
0.297526 0.709647 -3.16424e-19 
0.465585 0.668158 -3.17457e-19 
0.381288 2.00598 0 
0.462929 2.7801 -5.18596e-20 
0.417287 2.54282 0 
0.708353 0.670496 -8.40095e-19 
0.790625 0.681968 1.13058e-18 
0.812784 0.625113 -1.11733e-18 
0.687893 0.63409 -1.08049e-19 
0.742654 0.590326 -4.43992e-19 
1.00145 2.75562 -1.01515e-19 
1.04157 2.81576 -1.61343e-19 
0.633811 2.12792 6.84452e-19 
0.586893 1.69536 -4.87923e-19 
0.695112 1.89274 -4.02935e-19 
0.987518 2.43919 -1.12956e-19 
0.994137 2.43232 2.93174e-19 
0.652373 1.82795 2.79794e-20 
0.443172 1.31529 1.43047e-19 
))
(300 (2 10 3 0 0 919 1018)(
0 0 0 
0 0 0 
0 0 0 
0 0 0 
0 0 0 
0 0 0 
0 0 0 
0 0 0 
0 0 0 
0 0 0 
0 0 0 
0 0 0 
0 0 0 
0 0 0 
0 0 0 
0 0 0 
0 0 0 
0 0 0 
0 0 0 
0 0 0 
0 0 0 
0 0 0 
0 0 0 
0 0 0 
0 0 0 
0 0 0 
0 0 0 
0 0 0 
0 0 0 
0 0 0 
0 0 0 
0 0 0 
0 0 0 
0 0 0 
0 0 0 
0 0 0 
0 0 0 
0 0 0 
0 0 0 
0 0 0 
0 0 0 
0 0 0 
0 0 0 
0 0 0 
0 0 0 
0 0 0 
0 0 0 
0 0 0 
0 0 0 
0 0 0 
0 0 0 
0 0 0 
0 0 0 
0 0 0 
0 0 0 
0 0 0 
0 0 0 
0 0 0 
0 0 0 
0 0 0 
0 0 0 
0 0 0 
0 0 0 
0 0 0 
0 0 0 
0 0 0 
0 0 0 
0 0 0 
0 0 0 
0 0 0 
0 0 0 
0 0 0 
0 0 0 
0 0 0 
0 0 0 
0 0 0 
0 0 0 
0 0 0 
0 0 0 
0 0 0 
0 0 0 
0 0 0 
0 0 0 
0 0 0 
0 0 0 
0 0 0 
0 0 0 
0 0 0 
0 0 0 
0 0 0 
0 0 0 
0 0 0 
0 0 0 
0 0 0 
0 0 0 
0 0 0 
0 0 0 
0 0 0 
0 0 0 
0 0 0 
))
(300 (2 11 3 0 0 1019 1026)(
1 0 0 
1 0 0 
1 0 0 
1 0 0 
1 0 0 
1 0 0 
1 0 0 
1 0 0 
))
(300 (2 12 3 0 0 1027 1030)(
0 3 0 
0 3 0 
0 3 0 
0 3 0 
))
(300 (2 13 3 0 0 1031 1038)(
0.00934036 0.887468 0 
-0.0105496 2.06259 3.83053e-20 
-0.0140099 1.18149 0 
-0.0118384 2.59648 0 
-0.0238247 1.9841 0 
-0.000132932 1.37485 0 
-0.016127 1.52866 0 
-0.0175515 2.39119 0 
))
(300 (2 14 3 0 0 1039 1072)(
0 0 0 
0 0 0 
0 0 0 
0 0 0 
0 0 0 
0 0 0 
0 0 0 
0 0 0 
0 0 0 
0 0 0 
0 0 0 
0 0 0 
0 0 0 
0 0 0 
0 0 0 
0 0 0 
0 0 0 
0 0 0 
0 0 0 
0 0 0 
0 0 0 
0 0 0 
0 0 0 
0 0 0 
0 0 0 
0 0 0 
0 0 0 
0 0 0 
0 0 0 
0 0 0 
0 0 0 
0 0 0 
0 0 0 
0 0 0 
))
(300 (2 15 3 0 0 1073 1072)(
))
