(0 "FOAM to Fluent data File")

(33 (918 3444 1074))
(300 (1 1 1 0 0 1 918)(
0.229739
0.909855
0.00853215
0.229056
-0.000640003
0.876962
-0.840945
0.412826
0.209797
-0.295722
0.0174284
0.201106
0.737604
0.505317
-1.46691
0.010337
0.36735
-0.730828
0.20851
0.0056506
0.484726
0.216512
0.219499
0.210044
0.26793
0.496681
0.618414
0.00304012
-0.00270835
-0.00215996
0.0034645
-0.00409593
0.00177671
0.760579
0.811695
0.83436
0.180262
0.0114283
-0.690866
-0.769303
-0.757117
-0.902472
0.402219
0.405785
-0.486759
0.415341
0.430901
0.197263
0.209118
0.210087
0.211268
0.210124
0.211538
0.19784
-0.348268
-0.399686
-0.212583
-0.155324
0.0607318
0.0177252
0.00981711
0.0247998
0.0212014
0.138698
0.197562
0.196044
0.207044
0.215274
0.849404
0.821285
0.847423
0.761257
0.777689
0.71552
0.688011
0.524792
0.546363
0.491829
0.479608
-1.90902
-2.87903
-0.866164
-0.606594
0.00122365
0.0165762
0.0215598
0.351813
0.359461
0.360262
0.373185
0.786291
-0.718668
-0.839619
0.208475
0.207388
0.216258
0.216907
0.21292
0.212036
0.0120977
0.017187
-0.00454878
0.00322789
0.0025037
0.464842
0.462023
0.210527
0.207436
0.223296
0.245371
0.235329
-0.0182484
0.281144
0.304613
0.298783
0.475899
0.475547
0.482219
0.591927
0.555501
0.655496
0.678735
0.00934701
0.00254085
0.00786891
0.00604478
0.00817136
0.175016
0.168789
0.191551
0.182743
0.184699
-0.0693777
-0.205009
0.0926497
0.110972
-0.59156
-0.661992
-0.786347
-0.789099
-0.911374
0.207409
0.38744
0.392028
-0.500266
-0.417226
-0.567123
-0.343081
-0.41593
0.188585
0.195074
0.190235
0.204628
0.199144
0.201084
0.213466
0.210507
0.212043
0.231762
0.32499
0.116703
0.130429
-0.601688
-0.462505
-0.563469
-0.0959708
-0.0691585
0.0645234
0.0714766
0.0507809
0.0477289
-0.0350473
0.000953876
-0.0190446
0.0227242
0.0217983
0.132358
0.123505
0.147475
0.153917
0.189049
0.190186
0.19337
0.192616
0.638603
0.661055
0.668607
0.642207
-3.88704
-6.70538
-0.273615
-0.129459
0.00233766
0.00265518
0.00107915
0.00305733
0.00317751
0.00139055
0.027625
0.0259011
0.024033
0.0268055
0.336283
0.342083
0.73685
0.724607
0.702689
0.676577
0.196739
0.19882
0.204215
0.199991
0.0220897
0.0191238
0.0224009
0.429662
0.44845
0.448093
-0.0522804
-0.141171
0.0295189
0.0564984
0.3231
0.30839
0.325852
0.363915
0.402198
0.686145
0.704527
0.702766
0.711228
0.75518
0.771507
0.736952
0.158581
0.166001
0.162144
0.196174
0.192863
0.193859
0.189088
0.191038
0.188246
-0.359307
-0.747418
0.159163
0.168462
0.147047
0.149756
0.291811
0.378601
0.367912
0.37721
0.380719
-0.277725
-0.345313
0.111876
0.110371
0.0810389
0.111739
0.0955358
0.609904
0.570166
0.620166
0.593529
0.554882
0.58093
-0.701025
-2.22867
-1.33237
0.238419
0.0417692
0.134507
0.0439685
0.0281187
0.0358059
0.68226
0.759502
0.39552
0.572674
0.53308
0.441304
0.472034
0.529489
0.453998
0.48925
0.52477
0.503584
0.164302
0.158925
0.139691
0.463015
0.521942
-0.167149
-0.214741
-0.27332
0.0745376
0.0901046
0.0937449
0.72695
0.590254
0.68179
0.207448
0.208107
0.0122945
0.0227354
0.212215
0.212359
0.0064657
0.00694627
0.112971
-1.18124
-0.171672
0.200691
0.190994
0.207685
-0.365967
0.240985
0.0109422
0.0775957
0.0494369
0.199939
0.148769
0.114625
0.00642537
0.0164257
0.0118325
-0.547879
0.20512
0.203431
0.207303
0.208266
0.208995
0.00770942
0.0101352
0.00698536
0.00990611
0.0101411
0.0072542
0.174551
0.187969
-0.48875
0.207318
0.209518
0.209346
0.202695
0.208044
0.206047
0.0142185
0.0088049
0.00833077
-0.0666093
0.0483413
0.372288
0.486685
0.318777
0.0924973
-0.152448
0.268185
0.337441
0.233219
0.403262
0.370253
0.399738
-0.11302
-0.26018
-0.105543
-0.161729
0.198134
0.197053
0.189461
0.187767
0.202895
0.201085
0.205376
0.202479
0.20507
0.206374
-0.287872
-0.210864
-0.419755
-0.466555
0.162626
0.354358
0.114294
0.102527
0.119659
0.0159874
0.0208428
0.00790026
0.00529108
0.0356732
0.049282
0.0721869
0.0536973
0.0494168
0.0312773
0.0327043
0.0419852
0.0425775
0.19466
0.19198
0.199151
0.206041
0.155937
0.15932
0.130805
0.146148
0.136436
0.0807335
0.112432
0.0916523
0.00729532
0.00742606
0.00518755
0.0195575
0.0234305
0.0119048
0.00936506
0.0127483
0.0102189
0.00912445
0.0144306
0.0172159
-0.518836
-0.60817
0.665813
0.550279
-0.274413
0.194032
0.200483
0.197049
0.202263
0.205386
0.206011
0.203755
0.200664
0.188639
0.190954
0.186722
0.186457
-0.430382
-0.566538
-0.384643
-0.450257
-0.180574
0.313
0.059608
0.00104433
-0.00325496
0.205208
0.572023
0.386249
0.439233
0.465797
-0.680512
-0.280304
-0.61007
0.000424662
-0.175632
0.37323
0.425849
0.448499
0.394618
0.342558
-0.437171
0.201062
-0.359453
-0.32256
-0.131231
-0.230819
0.417073
0.354134
0.362313
0.387551
0.410561
0.363554
0.343998
0.343103
0.378144
0.383105
0.176619
-0.0325792
-0.0800881
-0.114834
0.339533
0.218258
0.273548
0.192288
0.192922
0.196284
0.195083
0.179063
0.18525
0.180291
0.186309
0.188732
0.198631
0.19818
0.194137
0.196637
-0.128057
-0.0865314
-0.379272
-0.527431
-0.509305
-0.545789
-0.479363
-0.577143
-0.451733
-0.298994
-0.00736095
-0.663847
-0.544719
-0.573316
-0.540748
-0.479864
-0.441588
0.0581553
0.132113
0.0631497
0.105862
0.131632
0.142143
0.022712
0.0185525
-0.00597169
0.0122864
0.068147
0.0765369
0.0906219
0.0342506
0.031065
0.0210898
0.0205608
-0.0109772
-0.0189828
-0.00797859
-0.00311224
0.0196868
0.0210933
0.0249732
0.0324438
0.0322655
0.0376803
0.186854
0.188174
0.18761
0.201356
0.211878
0.226361
0.196068
0.173783
0.166699
0.167474
0.146012
0.152627
0.150932
0.160977
0.179082
0.186533
0.184223
0.186961
0.173395
0.174572
0.161355
0.165285
0.147028
0.129735
0.119179
0.0157489
0.010033
0.0123167
0.0130262
0.0093415
0.0106215
0.0357515
0.0291657
0.0332363
0.0270569
0.0285941
0.0159943
0.0157219
-0.452588
-0.398713
-0.519868
-0.546579
-0.618795
0.566711
0.688148
0.489556
0.291503
0.298494
0.520637
0.650114
0.308596
0.366273
0.483841
0.181598
0.486617
0.19908
0.199202
0.196852
0.196073
0.196799
-0.338968
-0.23929
-0.228004
-0.174207
-0.0559535
0.0575353
-0.0626766
-0.133284
-0.0021192
0.0131558
0.308276
0.323646
0.26727
0.293215
0.292039
0.120224
0.195655
0.24713
0.204663
0.245861
0.267031
0.232481
0.259556
0.208108
0.168797
0.168161
0.116971
0.133382
0.111607
0.0966553
0.189336
0.169266
0.178723
0.170741
0.190452
0.218077
0.212915
0.236227
0.250403
0.178582
0.140033
0.14949
0.176776
0.138779
0.150962
0.163885
-0.136213
-0.229494
-0.146421
-0.424833
-0.329316
-0.3467
-0.390185
-0.361183
-0.0740085
-0.773679
-0.738284
-1.37478
0.13859
0.605272
0.368075
0.335812
0.406109
0.380792
0.380829
0.415915
0.42512
0.330262
0.347541
0.349878
0.306637
0.331716
0.357079
0.357127
0.180964
0.0678211
0.0542824
0.0251284
-0.0971065
-0.0658958
0.140827
0.0628137
-0.010289
-0.00455835
0.156437
0.0529381
0.112624
0.149481
0.0837035
0.0414537
0.229754
0.299991
0.289762
0.263391
0.184257
0.197648
0.220413
0.25246
0.28
0.31741
0.187876
0.190925
0.192899
0.191304
0.18687
0.190211
0.190313
0.192489
0.193502
0.196108
0.195194
-0.00681859
-0.0155192
-0.0586874
-0.0279235
-0.256234
-0.295513
-0.372737
-0.32704
-0.0260308
-0.0564815
-0.178705
-0.0941041
-0.0593603
-0.0386409
-0.0523135
-0.0670986
-0.20409
-0.261166
-0.261199
-0.0631245
0.0727572
-0.0258409
-0.326477
-0.216938
-0.163743
0.0155347
0.0530634
0.0465595
0.0408825
0.0408666
0.0255598
0.0221879
0.0197529
0.0233738
0.0237153
0.01997
0.0198014
0.0205282
0.0213372
0.0206953
0.020444
0.174496
0.168964
0.170215
0.165436
0.16496
0.17574
0.179592
0.181116
0.18571
0.187642
0.179235
0.18349
0.186236
0.0242488
0.0197694
0.0220955
0.0202187
0.0202381
0.0177096
0.0176636
-0.119561
-0.29757
-0.239508
-0.353777
-0.451705
-0.407881
0.144287
0.105541
0.131165
0.34899
0.213631
0.104512
0.179728
0.303062
0.00404712
0.17668
0.0206079
0.551741
0.420169
0.568145
0.223057
-0.10346
0.0455607
0.0917502
-0.0993206
-0.0158357
-0.00531346
-0.116458
-0.0820451
-0.0530796
0.0410038
-0.0819633
-0.119619
-0.369571
-0.199092
-0.0413566
-0.0619697
0.0691605
0.124565
-0.10689
-0.175761
-0.210186
0.294955
0.316714
0.333945
0.304006
0.326919
0.254352
0.244959
0.262367
0.272806
0.267571
-1.10853
-0.819159
-1.76634
-1.0862
-0.635938
0.170292
0.131147
0.400963
0.302747
0.380748
0.364412
0.330514
0.296454
0.302016
0.337656
0.0514285
0.15877
0.135752
0.137519
0.0447987
-0.0178371
0.265376
0.257476
0.29833
0.321646
0.288827
0.322354
0.183193
0.182923
0.185729
0.182396
0.180003
0.181832
-0.0560138
-0.0369977
-0.158265
-0.206085
-0.216982
-0.160845
0.0313148
0.0257303
0.0220267
0.0232462
0.0286038
0.0306773
-0.16115
-0.200042
-0.313122
-0.218839
-0.333009
-0.397365
-0.418474
-0.337713
-0.239626
-0.240895
0.103377
0.356103
0.195899
0.331606
0.165267
0.205394
0.132653
0.123538
0.151784
0.0355847
0.115598
-0.134928
-0.6329
-0.544258
0.410724
0.436737
0.227272
0.0359827
-0.190318
0.000495429
0.213969
0.155605
0.196572
0.261765
0.257055
-0.341846
-0.267468
-0.029403
0.193674
-0.105734
-0.117528
-0.127435
0.0455195
-0.013073
))
(300 (1 10 1 0 0 919 1018)(
0.229739
0.909855
0.00853215
0.229056
0.876962
-0.840945
0.412826
-0.295722
0.0174284
0.201106
0.737604
0.505317
-1.46691
0.36735
-0.730828
0.20851
0.0056506
0.484726
0.210044
0.26793
0.496681
0.618414
0.00304012
0.760579
0.180262
-0.769303
-0.902472
0.405785
-0.486759
0.430901
0.197263
-0.399686
-0.155324
0.00981711
0.0212014
0.138698
0.196044
0.215274
0.777689
0.688011
0.546363
0.479608
-2.87903
-0.606594
0.359461
0.373185
-0.839619
0.207388
0.212036
0.017187
0.0025037
0.462023
0.207436
0.235329
-0.0182484
0.304613
0.298783
0.482219
0.555501
0.678735
0.168789
0.191551
0.184699
-0.661992
-0.911374
0.392028
-0.567123
-0.41593
0.190235
0.201084
-0.563469
-0.0691585
-0.0190446
0.0217983
0.123505
0.153917
0.189049
0.192616
0.642207
-0.129459
0.342083
0.196739
0.199991
0.0224009
0.448093
-0.141171
0.0564984
0.325852
0.402198
0.711228
0.162144
0.193859
0.188246
0.380719
-0.345313
0.0955358
0.593529
0.134507
0.48925
-0.27332
))
(300 (1 11 1 0 0 919 926)(
0.229739
0.229056
0.209797
0.216512
0.210087
0.211538
0.216258
0.212043
))
(300 (1 12 1 0 0 919 922)(
0.909855
0.876962
0.83436
0.847423
))
(300 (1 13 1 0 0 919 926)(
0
0
0
0
0
0
0
0
))
(300 (1 14 1 0 0 919 952)(
-0.000640003
0.010337
0.00177671
0.0114283
0.19784
0.0607318
0.0215598
0.786291
0.00817136
-0.205009
0.110972
0.207409
0.32499
0.130429
0.0714766
0.0477289
-6.70538
0.027625
0.0268055
0.724607
0.676577
-0.747418
0.159163
0.149756
0.378601
0.110371
-1.33237
0.0358059
0.759502
0.53308
0.139691
0.521942
0.0937449
0.68179
))
(300 (1 15 1 0 0 919 2754)(
0.229739
0.229739
0.909855
0.909855
0.00853215
0.00853215
0.229056
0.229056
-0.000640003
-0.000640003
0.876962
0.876962
-0.840945
-0.840945
0.412826
0.412826
0.209797
0.209797
-0.295722
-0.295722
0.0174284
0.0174284
0.201106
0.201106
0.737604
0.737604
0.505317
0.505317
-1.46691
-1.46691
0.010337
0.010337
0.36735
0.36735
-0.730828
-0.730828
0.20851
0.20851
0.0056506
0.0056506
0.484726
0.484726
0.216512
0.216512
0.219499
0.219499
0.210044
0.210044
0.26793
0.26793
0.496681
0.496681
0.618414
0.618414
0.00304012
0.00304012
-0.00270835
-0.00270835
-0.00215996
-0.00215996
0.0034645
0.0034645
-0.00409593
-0.00409593
0.00177671
0.00177671
0.760579
0.760579
0.811695
0.811695
0.83436
0.83436
0.180262
0.180262
0.0114283
0.0114283
-0.690866
-0.690866
-0.769303
-0.769303
-0.757117
-0.757117
-0.902472
-0.902472
0.402219
0.402219
0.405785
0.405785
-0.486759
-0.486759
0.415341
0.415341
0.430901
0.430901
0.197263
0.197263
0.209118
0.209118
0.210087
0.210087
0.211268
0.211268
0.210124
0.210124
0.211538
0.211538
0.19784
0.19784
-0.348268
-0.348268
-0.399686
-0.399686
-0.212583
-0.212583
-0.155324
-0.155324
0.0607318
0.0607318
0.0177252
0.0177252
0.00981711
0.00981711
0.0247998
0.0247998
0.0212014
0.0212014
0.138698
0.138698
0.197562
0.197562
0.196044
0.196044
0.207044
0.207044
0.215274
0.215274
0.849404
0.849404
0.821285
0.821285
0.847423
0.847423
0.761257
0.761257
0.777689
0.777689
0.71552
0.71552
0.688011
0.688011
0.524792
0.524792
0.546363
0.546363
0.491829
0.491829
0.479608
0.479608
-1.90902
-1.90902
-2.87903
-2.87903
-0.866164
-0.866164
-0.606594
-0.606594
0.00122365
0.00122365
0.0165762
0.0165762
0.0215598
0.0215598
0.351813
0.351813
0.359461
0.359461
0.360262
0.360262
0.373185
0.373185
0.786291
0.786291
-0.718668
-0.718668
-0.839619
-0.839619
0.208475
0.208475
0.207388
0.207388
0.216258
0.216258
0.216907
0.216907
0.21292
0.21292
0.212036
0.212036
0.0120977
0.0120977
0.017187
0.017187
-0.00454878
-0.00454878
0.00322789
0.00322789
0.0025037
0.0025037
0.464842
0.464842
0.462023
0.462023
0.210527
0.210527
0.207436
0.207436
0.223296
0.223296
0.245371
0.245371
0.235329
0.235329
-0.0182484
-0.0182484
0.281144
0.281144
0.304613
0.304613
0.298783
0.298783
0.475899
0.475899
0.475547
0.475547
0.482219
0.482219
0.591927
0.591927
0.555501
0.555501
0.655496
0.655496
0.678735
0.678735
0.00934701
0.00934701
0.00254085
0.00254085
0.00786891
0.00786891
0.00604478
0.00604478
0.00817136
0.00817136
0.175016
0.175016
0.168789
0.168789
0.191551
0.191551
0.182743
0.182743
0.184699
0.184699
-0.0693777
-0.0693777
-0.205009
-0.205009
0.0926497
0.0926497
0.110972
0.110972
-0.59156
-0.59156
-0.661992
-0.661992
-0.786347
-0.786347
-0.789099
-0.789099
-0.911374
-0.911374
0.207409
0.207409
0.38744
0.38744
0.392028
0.392028
-0.500266
-0.500266
-0.417226
-0.417226
-0.567123
-0.567123
-0.343081
-0.343081
-0.41593
-0.41593
0.188585
0.188585
0.195074
0.195074
0.190235
0.190235
0.204628
0.204628
0.199144
0.199144
0.201084
0.201084
0.213466
0.213466
0.210507
0.210507
0.212043
0.212043
0.231762
0.231762
0.32499
0.32499
0.116703
0.116703
0.130429
0.130429
-0.601688
-0.601688
-0.462505
-0.462505
-0.563469
-0.563469
-0.0959708
-0.0959708
-0.0691585
-0.0691585
0.0645234
0.0645234
0.0714766
0.0714766
0.0507809
0.0507809
0.0477289
0.0477289
-0.0350473
-0.0350473
0.000953876
0.000953876
-0.0190446
-0.0190446
0.0227242
0.0227242
0.0217983
0.0217983
0.132358
0.132358
0.123505
0.123505
0.147475
0.147475
0.153917
0.153917
0.189049
0.189049
0.190186
0.190186
0.19337
0.19337
0.192616
0.192616
0.638603
0.638603
0.661055
0.661055
0.668607
0.668607
0.642207
0.642207
-3.88704
-3.88704
-6.70538
-6.70538
-0.273615
-0.273615
-0.129459
-0.129459
0.00233766
0.00233766
0.00265518
0.00265518
0.00107915
0.00107915
0.00305733
0.00305733
0.00317751
0.00317751
0.00139055
0.00139055
0.027625
0.027625
0.0259011
0.0259011
0.024033
0.024033
0.0268055
0.0268055
0.336283
0.336283
0.342083
0.342083
0.73685
0.73685
0.724607
0.724607
0.702689
0.702689
0.676577
0.676577
0.196739
0.196739
0.19882
0.19882
0.204215
0.204215
0.199991
0.199991
0.0220897
0.0220897
0.0191238
0.0191238
0.0224009
0.0224009
0.429662
0.429662
0.44845
0.44845
0.448093
0.448093
-0.0522804
-0.0522804
-0.141171
-0.141171
0.0295189
0.0295189
0.0564984
0.0564984
0.3231
0.3231
0.30839
0.30839
0.325852
0.325852
0.363915
0.363915
0.402198
0.402198
0.686145
0.686145
0.704527
0.704527
0.702766
0.702766
0.711228
0.711228
0.75518
0.75518
0.771507
0.771507
0.736952
0.736952
0.158581
0.158581
0.166001
0.166001
0.162144
0.162144
0.196174
0.196174
0.192863
0.192863
0.193859
0.193859
0.189088
0.189088
0.191038
0.191038
0.188246
0.188246
-0.359307
-0.359307
-0.747418
-0.747418
0.159163
0.159163
0.168462
0.168462
0.147047
0.147047
0.149756
0.149756
0.291811
0.291811
0.378601
0.378601
0.367912
0.367912
0.37721
0.37721
0.380719
0.380719
-0.277725
-0.277725
-0.345313
-0.345313
0.111876
0.111876
0.110371
0.110371
0.0810389
0.0810389
0.111739
0.111739
0.0955358
0.0955358
0.609904
0.609904
0.570166
0.570166
0.620166
0.620166
0.593529
0.593529
0.554882
0.554882
0.58093
0.58093
-0.701025
-0.701025
-2.22867
-2.22867
-1.33237
-1.33237
0.238419
0.238419
0.0417692
0.0417692
0.134507
0.134507
0.0439685
0.0439685
0.0281187
0.0281187
0.0358059
0.0358059
0.68226
0.68226
0.759502
0.759502
0.39552
0.39552
0.572674
0.572674
0.53308
0.53308
0.441304
0.441304
0.472034
0.472034
0.529489
0.529489
0.453998
0.453998
0.48925
0.48925
0.52477
0.52477
0.503584
0.503584
0.164302
0.164302
0.158925
0.158925
0.139691
0.139691
0.463015
0.463015
0.521942
0.521942
-0.167149
-0.167149
-0.214741
-0.214741
-0.27332
-0.27332
0.0745376
0.0745376
0.0901046
0.0901046
0.0937449
0.0937449
0.72695
0.72695
0.590254
0.590254
0.68179
0.68179
0.207448
0.207448
0.208107
0.208107
0.0122945
0.0122945
0.0227354
0.0227354
0.212215
0.212215
0.212359
0.212359
0.0064657
0.0064657
0.00694627
0.00694627
0.112971
0.112971
-1.18124
-1.18124
-0.171672
-0.171672
0.200691
0.200691
0.190994
0.190994
0.207685
0.207685
-0.365967
-0.365967
0.240985
0.240985
0.0109422
0.0109422
0.0775957
0.0775957
0.0494369
0.0494369
0.199939
0.199939
0.148769
0.148769
0.114625
0.114625
0.00642537
0.00642537
0.0164257
0.0164257
0.0118325
0.0118325
-0.547879
-0.547879
0.20512
0.20512
0.203431
0.203431
0.207303
0.207303
0.208266
0.208266
0.208995
0.208995
0.00770942
0.00770942
0.0101352
0.0101352
0.00698536
0.00698536
0.00990611
0.00990611
0.0101411
0.0101411
0.0072542
0.0072542
0.174551
0.174551
0.187969
0.187969
-0.48875
-0.48875
0.207318
0.207318
0.209518
0.209518
0.209346
0.209346
0.202695
0.202695
0.208044
0.208044
0.206047
0.206047
0.0142185
0.0142185
0.0088049
0.0088049
0.00833077
0.00833077
-0.0666093
-0.0666093
0.0483413
0.0483413
0.372288
0.372288
0.486685
0.486685
0.318777
0.318777
0.0924973
0.0924973
-0.152448
-0.152448
0.268185
0.268185
0.337441
0.337441
0.233219
0.233219
0.403262
0.403262
0.370253
0.370253
0.399738
0.399738
-0.11302
-0.11302
-0.26018
-0.26018
-0.105543
-0.105543
-0.161729
-0.161729
0.198134
0.198134
0.197053
0.197053
0.189461
0.189461
0.187767
0.187767
0.202895
0.202895
0.201085
0.201085
0.205376
0.205376
0.202479
0.202479
0.20507
0.20507
0.206374
0.206374
-0.287872
-0.287872
-0.210864
-0.210864
-0.419755
-0.419755
-0.466555
-0.466555
0.162626
0.162626
0.354358
0.354358
0.114294
0.114294
0.102527
0.102527
0.119659
0.119659
0.0159874
0.0159874
0.0208428
0.0208428
0.00790026
0.00790026
0.00529108
0.00529108
0.0356732
0.0356732
0.049282
0.049282
0.0721869
0.0721869
0.0536973
0.0536973
0.0494168
0.0494168
0.0312773
0.0312773
0.0327043
0.0327043
0.0419852
0.0419852
0.0425775
0.0425775
0.19466
0.19466
0.19198
0.19198
0.199151
0.199151
0.206041
0.206041
0.155937
0.155937
0.15932
0.15932
0.130805
0.130805
0.146148
0.146148
0.136436
0.136436
0.0807335
0.0807335
0.112432
0.112432
0.0916523
0.0916523
0.00729532
0.00729532
0.00742606
0.00742606
0.00518755
0.00518755
0.0195575
0.0195575
0.0234305
0.0234305
0.0119048
0.0119048
0.00936506
0.00936506
0.0127483
0.0127483
0.0102189
0.0102189
0.00912445
0.00912445
0.0144306
0.0144306
0.0172159
0.0172159
-0.518836
-0.518836
-0.60817
-0.60817
0.665813
0.665813
0.550279
0.550279
-0.274413
-0.274413
0.194032
0.194032
0.200483
0.200483
0.197049
0.197049
0.202263
0.202263
0.205386
0.205386
0.206011
0.206011
0.203755
0.203755
0.200664
0.200664
0.188639
0.188639
0.190954
0.190954
0.186722
0.186722
0.186457
0.186457
-0.430382
-0.430382
-0.566538
-0.566538
-0.384643
-0.384643
-0.450257
-0.450257
-0.180574
-0.180574
0.313
0.313
0.059608
0.059608
0.00104433
0.00104433
-0.00325496
-0.00325496
0.205208
0.205208
0.572023
0.572023
0.386249
0.386249
0.439233
0.439233
0.465797
0.465797
-0.680512
-0.680512
-0.280304
-0.280304
-0.61007
-0.61007
0.000424662
0.000424662
-0.175632
-0.175632
0.37323
0.37323
0.425849
0.425849
0.448499
0.448499
0.394618
0.394618
0.342558
0.342558
-0.437171
-0.437171
0.201062
0.201062
-0.359453
-0.359453
-0.32256
-0.32256
-0.131231
-0.131231
-0.230819
-0.230819
0.417073
0.417073
0.354134
0.354134
0.362313
0.362313
0.387551
0.387551
0.410561
0.410561
0.363554
0.363554
0.343998
0.343998
0.343103
0.343103
0.378144
0.378144
0.383105
0.383105
0.176619
0.176619
-0.0325792
-0.0325792
-0.0800881
-0.0800881
-0.114834
-0.114834
0.339533
0.339533
0.218258
0.218258
0.273548
0.273548
0.192288
0.192288
0.192922
0.192922
0.196284
0.196284
0.195083
0.195083
0.179063
0.179063
0.18525
0.18525
0.180291
0.180291
0.186309
0.186309
0.188732
0.188732
0.198631
0.198631
0.19818
0.19818
0.194137
0.194137
0.196637
0.196637
-0.128057
-0.128057
-0.0865314
-0.0865314
-0.379272
-0.379272
-0.527431
-0.527431
-0.509305
-0.509305
-0.545789
-0.545789
-0.479363
-0.479363
-0.577143
-0.577143
-0.451733
-0.451733
-0.298994
-0.298994
-0.00736095
-0.00736095
-0.663847
-0.663847
-0.544719
-0.544719
-0.573316
-0.573316
-0.540748
-0.540748
-0.479864
-0.479864
-0.441588
-0.441588
0.0581553
0.0581553
0.132113
0.132113
0.0631497
0.0631497
0.105862
0.105862
0.131632
0.131632
0.142143
0.142143
0.022712
0.022712
0.0185525
0.0185525
-0.00597169
-0.00597169
0.0122864
0.0122864
0.068147
0.068147
0.0765369
0.0765369
0.0906219
0.0906219
0.0342506
0.0342506
0.031065
0.031065
0.0210898
0.0210898
0.0205608
0.0205608
-0.0109772
-0.0109772
-0.0189828
-0.0189828
-0.00797859
-0.00797859
-0.00311224
-0.00311224
0.0196868
0.0196868
0.0210933
0.0210933
0.0249732
0.0249732
0.0324438
0.0324438
0.0322655
0.0322655
0.0376803
0.0376803
0.186854
0.186854
0.188174
0.188174
0.18761
0.18761
0.201356
0.201356
0.211878
0.211878
0.226361
0.226361
0.196068
0.196068
0.173783
0.173783
0.166699
0.166699
0.167474
0.167474
0.146012
0.146012
0.152627
0.152627
0.150932
0.150932
0.160977
0.160977
0.179082
0.179082
0.186533
0.186533
0.184223
0.184223
0.186961
0.186961
0.173395
0.173395
0.174572
0.174572
0.161355
0.161355
0.165285
0.165285
0.147028
0.147028
0.129735
0.129735
0.119179
0.119179
0.0157489
0.0157489
0.010033
0.010033
0.0123167
0.0123167
0.0130262
0.0130262
0.0093415
0.0093415
0.0106215
0.0106215
0.0357515
0.0357515
0.0291657
0.0291657
0.0332363
0.0332363
0.0270569
0.0270569
0.0285941
0.0285941
0.0159943
0.0159943
0.0157219
0.0157219
-0.452588
-0.452588
-0.398713
-0.398713
-0.519868
-0.519868
-0.546579
-0.546579
-0.618795
-0.618795
0.566711
0.566711
0.688148
0.688148
0.489556
0.489556
0.291503
0.291503
0.298494
0.298494
0.520637
0.520637
0.650114
0.650114
0.308596
0.308596
0.366273
0.366273
0.483841
0.483841
0.181598
0.181598
0.486617
0.486617
0.19908
0.19908
0.199202
0.199202
0.196852
0.196852
0.196073
0.196073
0.196799
0.196799
-0.338968
-0.338968
-0.23929
-0.23929
-0.228004
-0.228004
-0.174207
-0.174207
-0.0559535
-0.0559535
0.0575353
0.0575353
-0.0626766
-0.0626766
-0.133284
-0.133284
-0.0021192
-0.0021192
0.0131558
0.0131558
0.308276
0.308276
0.323646
0.323646
0.26727
0.26727
0.293215
0.293215
0.292039
0.292039
0.120224
0.120224
0.195655
0.195655
0.24713
0.24713
0.204663
0.204663
0.245861
0.245861
0.267031
0.267031
0.232481
0.232481
0.259556
0.259556
0.208108
0.208108
0.168797
0.168797
0.168161
0.168161
0.116971
0.116971
0.133382
0.133382
0.111607
0.111607
0.0966553
0.0966553
0.189336
0.189336
0.169266
0.169266
0.178723
0.178723
0.170741
0.170741
0.190452
0.190452
0.218077
0.218077
0.212915
0.212915
0.236227
0.236227
0.250403
0.250403
0.178582
0.178582
0.140033
0.140033
0.14949
0.14949
0.176776
0.176776
0.138779
0.138779
0.150962
0.150962
0.163885
0.163885
-0.136213
-0.136213
-0.229494
-0.229494
-0.146421
-0.146421
-0.424833
-0.424833
-0.329316
-0.329316
-0.3467
-0.3467
-0.390185
-0.390185
-0.361183
-0.361183
-0.0740085
-0.0740085
-0.773679
-0.773679
-0.738284
-0.738284
-1.37478
-1.37478
0.13859
0.13859
0.605272
0.605272
0.368075
0.368075
0.335812
0.335812
0.406109
0.406109
0.380792
0.380792
0.380829
0.380829
0.415915
0.415915
0.42512
0.42512
0.330262
0.330262
0.347541
0.347541
0.349878
0.349878
0.306637
0.306637
0.331716
0.331716
0.357079
0.357079
0.357127
0.357127
0.180964
0.180964
0.0678211
0.0678211
0.0542824
0.0542824
0.0251284
0.0251284
-0.0971065
-0.0971065
-0.0658958
-0.0658958
0.140827
0.140827
0.0628137
0.0628137
-0.010289
-0.010289
-0.00455835
-0.00455835
0.156437
0.156437
0.0529381
0.0529381
0.112624
0.112624
0.149481
0.149481
0.0837035
0.0837035
0.0414537
0.0414537
0.229754
0.229754
0.299991
0.299991
0.289762
0.289762
0.263391
0.263391
0.184257
0.184257
0.197648
0.197648
0.220413
0.220413
0.25246
0.25246
0.28
0.28
0.31741
0.31741
0.187876
0.187876
0.190925
0.190925
0.192899
0.192899
0.191304
0.191304
0.18687
0.18687
0.190211
0.190211
0.190313
0.190313
0.192489
0.192489
0.193502
0.193502
0.196108
0.196108
0.195194
0.195194
-0.00681859
-0.00681859
-0.0155192
-0.0155192
-0.0586874
-0.0586874
-0.0279235
-0.0279235
-0.256234
-0.256234
-0.295513
-0.295513
-0.372737
-0.372737
-0.32704
-0.32704
-0.0260308
-0.0260308
-0.0564815
-0.0564815
-0.178705
-0.178705
-0.0941041
-0.0941041
-0.0593603
-0.0593603
-0.0386409
-0.0386409
-0.0523135
-0.0523135
-0.0670986
-0.0670986
-0.20409
-0.20409
-0.261166
-0.261166
-0.261199
-0.261199
-0.0631245
-0.0631245
0.0727572
0.0727572
-0.0258409
-0.0258409
-0.326477
-0.326477
-0.216938
-0.216938
-0.163743
-0.163743
0.0155347
0.0155347
0.0530634
0.0530634
0.0465595
0.0465595
0.0408825
0.0408825
0.0408666
0.0408666
0.0255598
0.0255598
0.0221879
0.0221879
0.0197529
0.0197529
0.0233738
0.0233738
0.0237153
0.0237153
0.01997
0.01997
0.0198014
0.0198014
0.0205282
0.0205282
0.0213372
0.0213372
0.0206953
0.0206953
0.020444
0.020444
0.174496
0.174496
0.168964
0.168964
0.170215
0.170215
0.165436
0.165436
0.16496
0.16496
0.17574
0.17574
0.179592
0.179592
0.181116
0.181116
0.18571
0.18571
0.187642
0.187642
0.179235
0.179235
0.18349
0.18349
0.186236
0.186236
0.0242488
0.0242488
0.0197694
0.0197694
0.0220955
0.0220955
0.0202187
0.0202187
0.0202381
0.0202381
0.0177096
0.0177096
0.0176636
0.0176636
-0.119561
-0.119561
-0.29757
-0.29757
-0.239508
-0.239508
-0.353777
-0.353777
-0.451705
-0.451705
-0.407881
-0.407881
0.144287
0.144287
0.105541
0.105541
0.131165
0.131165
0.34899
0.34899
0.213631
0.213631
0.104512
0.104512
0.179728
0.179728
0.303062
0.303062
0.00404712
0.00404712
0.17668
0.17668
0.0206079
0.0206079
0.551741
0.551741
0.420169
0.420169
0.568145
0.568145
0.223057
0.223057
-0.10346
-0.10346
0.0455607
0.0455607
0.0917502
0.0917502
-0.0993206
-0.0993206
-0.0158357
-0.0158357
-0.00531346
-0.00531346
-0.116458
-0.116458
-0.0820451
-0.0820451
-0.0530796
-0.0530796
0.0410038
0.0410038
-0.0819633
-0.0819633
-0.119619
-0.119619
-0.369571
-0.369571
-0.199092
-0.199092
-0.0413566
-0.0413566
-0.0619697
-0.0619697
0.0691605
0.0691605
0.124565
0.124565
-0.10689
-0.10689
-0.175761
-0.175761
-0.210186
-0.210186
0.294955
0.294955
0.316714
0.316714
0.333945
0.333945
0.304006
0.304006
0.326919
0.326919
0.254352
0.254352
0.244959
0.244959
0.262367
0.262367
0.272806
0.272806
0.267571
0.267571
-1.10853
-1.10853
-0.819159
-0.819159
-1.76634
-1.76634
-1.0862
-1.0862
-0.635938
-0.635938
0.170292
0.170292
0.131147
0.131147
0.400963
0.400963
0.302747
0.302747
0.380748
0.380748
0.364412
0.364412
0.330514
0.330514
0.296454
0.296454
0.302016
0.302016
0.337656
0.337656
0.0514285
0.0514285
0.15877
0.15877
0.135752
0.135752
0.137519
0.137519
0.0447987
0.0447987
-0.0178371
-0.0178371
0.265376
0.265376
0.257476
0.257476
0.29833
0.29833
0.321646
0.321646
0.288827
0.288827
0.322354
0.322354
0.183193
0.183193
0.182923
0.182923
0.185729
0.185729
0.182396
0.182396
0.180003
0.180003
0.181832
0.181832
-0.0560138
-0.0560138
-0.0369977
-0.0369977
-0.158265
-0.158265
-0.206085
-0.206085
-0.216982
-0.216982
-0.160845
-0.160845
0.0313148
0.0313148
0.0257303
0.0257303
0.0220267
0.0220267
0.0232462
0.0232462
0.0286038
0.0286038
0.0306773
0.0306773
-0.16115
-0.16115
-0.200042
-0.200042
-0.313122
-0.313122
-0.218839
-0.218839
-0.333009
-0.333009
-0.397365
-0.397365
-0.418474
-0.418474
-0.337713
-0.337713
-0.239626
-0.239626
-0.240895
-0.240895
0.103377
0.103377
0.356103
0.356103
0.195899
0.195899
0.331606
0.331606
0.165267
0.165267
0.205394
0.205394
0.132653
0.132653
0.123538
0.123538
0.151784
0.151784
0.0355847
0.0355847
0.115598
0.115598
-0.134928
-0.134928
-0.6329
-0.6329
-0.544258
-0.544258
0.410724
0.410724
0.436737
0.436737
0.227272
0.227272
0.0359827
0.0359827
-0.190318
-0.190318
0.000495429
0.000495429
0.213969
0.213969
0.155605
0.155605
0.196572
0.196572
0.261765
0.261765
0.257055
0.257055
-0.341846
-0.341846
-0.267468
-0.267468
-0.029403
-0.029403
0.193674
0.193674
-0.105734
-0.105734
-0.117528
-0.117528
-0.127435
-0.127435
0.0455195
0.0455195
-0.013073
-0.013073
))
(300 (2 1 3 0 0 1 918)(
0.985181 -0.000476616 0 
0.00500078 2.96626 0 
-0.00626415 1.62605 0 
0.979733 0.00210074 0 
-0.00202962 1.58511 3.39379e-21 
-0.00702983 2.94878 -1.86191e-18 
0.848704 1.20162 7.35903e-19 
0.474103 0.222501 -9.03833e-21 
0.999912 -0.000314638 0 
-0.00751486 0.988123 0 
-0.000929531 1.3092 0 
0.805426 -0.00714165 0 
0.0111049 2.93032 0 
0.00171658 2.79438 0 
-0.0177804 3.16817 1.09227e-18 
-0.00608435 1.49934 -1.25414e-20 
0.57835 0.10164 5.6481e-19 
0.171375 1.1596 6.64246e-19 
0.963751 0.00515806 0 
-0.00346145 1.42802 0 
0.158844 0.266147 -4.78397e-19 
1.0017 -0.0050814 0 
1.00026 -0.00976035 0 
0.97573 -0.00650948 0 
0.722664 -0.02676 0 
0.0182946 2.62974 0 
-0.0151392 2.91016 6.42662e-19 
-0.0158485 1.65173 0 
-0.0157316 1.75847 0 
-0.0149455 1.64787 0 
-0.00301024 1.81942 0 
-0.00204543 1.60655 -2.68556e-21 
-0.00488416 1.50596 0 
-0.0206262 2.98758 -6.5088e-23 
-0.0167064 3.00531 1.44732e-18 
0.00210707 3.00021 0 
0.864742 -0.00733648 0 
0.386333 0.925793 -2.73706e-20 
0.842789 1.21314 -1.03746e-18 
0.993205 1.06034 9.72507e-19 
0.707127 1.30252 -1.72466e-19 
0.703451 1.28406 9.74557e-19 
0.500492 0.292193 8.8189e-21 
0.492097 0.196515 0 
1.18414 0.57231 0 
0.471013 0.314406 4.14746e-20 
0.431253 0.215815 -4.3039e-20 
0.92017 -0.00692567 0 
1.00039 7.82378e-05 0 
0.999924 0.000342997 0 
1.0035 -0.00779257 0 
1.00093 -0.00106432 0 
1.00016 -7.27027e-06 0 
0.0689366 1.58007 -3.64031e-19 
-0.0116811 1.0436 0 
0.0251509 0.906406 0 
-0.0426864 1.13263 0 
-0.0282291 1.07178 0 
-0.00646596 1.57957 0 
-0.00700009 1.46499 0 
-0.00849573 1.29359 0 
-0.00785287 1.50079 0 
-0.00533753 1.32358 0 
0.882743 -0.000550559 0 
0.889881 0.00951259 0 
0.818252 -0.000517567 0 
0.882658 0.0142338 0 
0.790248 -0.00834615 0 
0.0147058 3.00039 6.81462e-19 
0.0115343 3.00787 0 
0.00614148 3.00286 0 
0.0135537 2.99732 7.59633e-24 
0.00799919 2.95846 -1.01282e-18 
0.0145008 2.98207 0 
0.0107799 2.90364 0 
0.0254146 2.93019 1.35701e-24 
0.00400707 2.82487 0 
0.0318377 2.9152 0 
-0.00698133 2.74432 0 
0.309654 3.5665 0 
-0.132657 3.64832 0 
0.140144 3.25871 -1.01652e-18 
-0.0113528 2.99188 0 
-0.0127855 1.79806 0 
-0.00458092 1.63784 1.2372e-20 
-0.00591917 1.51508 -2.07794e-20 
0.639508 0.164535 -1.94792e-19 
0.596573 0.0619069 -1.89524e-19 
0.605297 0.19446 -5.82903e-19 
0.556048 0.126934 -3.88801e-19 
0.248001 0.956798 0 
0.263408 1.28664 -6.48409e-19 
0.330657 1.27234 1.06621e-18 
0.988049 0.00843749 0 
0.943627 0.00613784 0 
1.00032 0.000560741 0 
1.00285 0.00930451 0 
1.00286 0.0083863 -1.08014e-18 
0.992037 0.00979203 8.15544e-19 
-0.0157496 1.55609 0 
-0.00853716 1.41308 0 
-0.0227833 1.65857 0 
-0.0186402 1.5924 0 
-0.00217559 1.45905 0 
0.232728 0.282738 1.47282e-19 
0.280105 0.263247 0 
0.993567 -0.00829349 0 
0.95436 -0.0067575 0 
0.856472 0.0181273 0 
0.823365 0.0331702 0 
0.768743 -0.0177483 0 
1.0144 -0.00573564 0 
0.769274 0.0483178 0 
0.637177 -0.0158863 7.55765e-19 
-0.035157 2.8671 3.22106e-19 
0.0439274 2.90772 0 
0.0572034 2.88271 0 
-0.00538896 2.69585 0 
-0.0131858 2.98522 5.9016e-19 
-0.0183879 2.89551 0 
-0.0153962 2.98815 -1.86826e-18 
-0.0134561 2.92522 6.4539e-19 
-0.0129508 1.81225 0 
-0.0102191 1.80753 0 
-0.00197935 1.63628 -2.42013e-22 
-0.00274715 1.6064 0 
-0.00558742 1.5003 0 
0.929864 -0.0047343 0 
0.854588 -0.00559314 0 
0.858718 0.00958486 0 
0.942714 -0.0053242 0 
0.883407 -0.00677511 0 
0.500815 1.12168 2.3914e-20 
0.554159 1.17918 0 
0.343018 0.858087 4.60655e-21 
0.287782 0.719741 0 
0.955519 1.09172 -2.80079e-19 
1.06894 0.897144 5.72061e-19 
0.432449 1.36304 0 
0.554487 1.36536 0 
0.549901 1.30926 0 
0.0955209 0.125931 -1.15482e-19 
0.531422 0.269261 0 
0.515925 0.171336 1.12016e-19 
1.04015 0.946678 0 
1.10823 0.791577 0 
1.13473 0.73695 -4.97465e-19 
1.16249 0.630196 0 
1.21334 0.411434 5.99113e-20 
0.955136 -0.0076708 0 
0.962243 -0.00926506 0 
0.902395 -0.00819369 0 
0.984167 -0.00899457 0 
0.975051 -0.00915812 0 
0.936836 -0.00630443 0 
1.00004 0.00225207 0 
1.00092 0.00151355 0 
0.999887 0.000836919 0 
0.0681857 1.80364 2.14624e-19 
0.0745168 1.53504 0 
0.0387563 1.79892 2.73333e-19 
0.0328694 1.58221 -2.30819e-19 
0.097749 1.15375 -5.50018e-19 
0.029644 1.04352 0 
0.121619 0.993746 0 
-0.0451872 1.25498 0 
-0.023463 1.18211 0 
-0.00319131 1.72515 -9.4352e-22 
0.000430403 1.608 0 
-0.00706792 1.70462 -4.29014e-20 
-0.0087244 1.56433 8.26424e-20 
-0.0295789 1.3603 0 
-0.0175263 1.42727 0 
-0.0135568 1.24872 0 
-0.01195 1.52241 0 
-0.00817383 1.34382 0 
0.958783 0.014118 0 
0.901875 0.00268578 0 
0.940591 0.00943863 0 
0.870651 0.00102534 0 
0.819638 -0.00239012 0 
0.909129 0.0020017 0 
0.902515 0.00477465 0 
0.818354 -0.00489038 0 
0.00597601 3.06492 -5.98235e-21 
0.0163361 3.05799 0 
0.01472 2.96915 0 
0.00857843 2.87636 0 
0.926508 3.98434 0 
1.24181 3.31322 1.01377e-18 
0.0714944 3.08431 0 
-0.0261238 2.91226 0 
-0.014002 1.7948 0 
-0.0142987 1.79501 0 
-0.0132044 1.79468 0 
-0.00782784 1.80777 4.16323e-21 
-0.0121019 1.80443 0 
-0.00934645 1.80261 0 
-0.000368222 1.52549 9.74132e-22 
-0.000721808 1.66507 2.32949e-20 
-0.00363575 1.65353 2.12327e-20 
-0.00289379 1.51765 0 
0.666303 0.118058 2.85474e-19 
0.610342 0.0273302 -2.78263e-19 
0.196999 1.48639 0 
0.29461 0.722454 -2.26938e-19 
0.106337 1.5927 -7.70639e-19 
0.183358 1.17756 7.67613e-19 
0.902993 0.00947492 0 
0.968505 0.0119848 0 
0.97548 0.0109148 0 
0.925894 0.00770392 0 
-0.0157298 1.53534 0 
-0.0166202 1.54382 0 
-0.00906407 1.37451 0 
0.427991 0.327599 3.80306e-19 
0.357413 0.307636 -4.62991e-19 
0.371573 0.238799 0 
1.13215 0.0828381 -3.28149e-21 
1.11693 0.037701 0 
1.04807 0.0338714 0 
0.96035 0.00580156 0 
0.678758 0.0847464 0 
0.707781 0.0623972 -1.21676e-18 
0.616872 0.0123321 4.64878e-19 
0.010022 2.98273 4.14859e-19 
-0.0318404 2.86833 4.91423e-20 
0.00381488 3.05026 -1.29327e-20 
0.0199465 3.0435 4.65113e-19 
-0.0150244 2.99656 2.14658e-20 
-0.0129771 2.94941 -8.69179e-23 
-0.0172933 3.01201 -4.07264e-19 
0.0147876 3.02408 2.94605e-19 
0.00729032 3.03678 -4.60159e-19 
0.935586 0.00816124 0 
0.932153 0.00272197 0 
0.856046 -0.000586128 0 
0.956314 0.0131092 0 
0.941823 0.0133066 0 
0.881096 0.0080668 0 
0.914764 0.00701473 0 
0.923137 0.0132597 0 
0.832954 0.0049002 0 
0.712925 1.40929 3.23475e-19 
0.749414 1.52083 0 
0.218674 0.363878 2.25954e-20 
0.170178 0.550023 1.78655e-19 
0.253349 0.669958 -1.05731e-19 
0.217465 0.556 1.9408e-19 
0.281726 0.670957 6.87121e-19 
0.111071 0.16064 2.15994e-19 
0.583674 0.223667 4.18789e-19 
0.555413 0.246437 1.03232e-19 
0.536221 0.155705 2.10664e-19 
1.20112 0.467321 2.94125e-19 
1.21641 0.259172 3.08569e-19 
0.038761 1.77209 1.12743e-19 
0.0312632 1.596 0 
1.0018 0.0259656 0 
0.970806 0.0169296 0 
0.926159 -0.000888861 0 
0.0110137 3.07469 0 
0.0201096 2.94419 7.96949e-19 
0.0165525 2.95647 0 
0.00609282 2.85064 -7.90464e-19 
0.00613667 3.0921 1.88871e-19 
0.00720454 3.08226 0 
0.783956 1.82585 -2.38527e-19 
1.24859 2.50853 6.5588e-19 
0.766957 1.96699 -1.49039e-18 
0.0212337 2.98525 -2.9913e-19 
0.0372249 3.00839 0 
-0.031833 2.88315 0 
-0.00353109 1.66965 -5.00871e-21 
-0.000913815 1.66899 -5.24137e-20 
-0.000837313 1.53851 -6.87336e-21 
0.252596 1.3338 7.06877e-19 
0.263264 0.476343 -4.88435e-19 
0.0631374 1.77174 4.84473e-19 
0.0992626 1.69515 -6.16797e-19 
0.109143 1.39904 9.61193e-20 
0.00617319 3.11814 -9.91427e-19 
0.0129707 3.11884 1.08101e-18 
-0.00873861 2.98073 5.12576e-19 
-0.00325514 2.97778 -4.51972e-19 
-0.0217087 2.88198 -5.22048e-19 
0.00862511 3.09892 -1.38164e-18 
0.00185863 3.1058 1.3834e-18 
0.208034 0.584177 0 
0.149366 0.548684 -3.48998e-19 
0.141625 0.188668 1.54115e-19 
0.316978 0.800769 6.45053e-19 
0.174525 0.210971 -9.84513e-19 
1.21298 0.170531 -5.59559e-20 
1.21524 0.311021 0 
1.2002 0.118473 1.21196e-19 
0.00575718 1.7549 -1.13741e-21 
0.0275667 1.77484 0 
0.0129047 1.60516 0 
0.307534 1.20054 -2.53611e-19 
0.355892 1.02007 -5.41444e-19 
0.186562 0.311345 9.17983e-19 
1.00583 -0.0110349 0 
1.00771 -0.00776721 1.96975e-19 
-0.0134885 1.80112 0 
-0.0226503 1.80988 0 
1.00232 0.00363669 1.90175e-21 
1.00351 0.00937887 4.05041e-19 
-0.00750611 1.81127 -5.47344e-21 
-0.00579553 1.81012 0 
0.039782 3.18463 1.02984e-19 
0.398858 3.50423 0 
1.10162 0.644914 6.1642e-20 
1.01167 0.0120802 -2.43224e-21 
1.02086 -0.0113701 0 
1.00172 0.000178059 7.52055e-24 
-0.128815 1.19824 0 
-0.100942 2.46228 0 
-0.059849 1.71421 0 
-0.0548182 1.93436 6.25517e-20 
-0.0397486 1.86526 3.73795e-20 
1.00379 0.00920671 2.35754e-21 
1.0446 0.0154866 0 
1.06992 0.0285464 0 
-0.0156024 1.79636 0 
-0.0104011 1.82405 0 
-0.0260958 1.79279 0 
0.308946 1.30498 -4.7119e-19 
1.01121 -0.00970692 0 
1.00948 -0.0155116 0 
1.00227 0.000479138 2.48485e-19 
1.00572 -0.00487519 -2.96833e-19 
1.00106 -0.000981054 0 
-0.0176166 1.79453 0 
-0.0155456 1.79516 0 
-0.0148849 1.79606 0 
-0.0249573 1.79458 0 
-0.0210866 1.79265 0 
-0.0245586 1.79538 0 
1.02515 -0.00849861 0 
1.02114 0.0185723 -1.01232e-21 
0.796385 1.2638 5.28027e-19 
1.00305 0.000314154 -2.52116e-19 
1.00328 0.00575181 3.01346e-19 
1.00123 0.00204711 0 
1.01181 0.0103444 2.4458e-19 
1.00782 0.00812254 -3.03384e-19 
1.00872 0.0142673 0 
-0.0102956 1.82394 0 
-0.00838448 1.8185 1.09181e-20 
-0.00856405 1.81733 -7.52455e-21 
1.18225 0.252238 -6.17194e-20 
1.12165 0.0832565 0 
0.0570039 3.07935 -5.09083e-19 
0.0690015 2.8513 -4.12778e-20 
0.147995 3.20043 7.77173e-19 
0.142516 3.22865 3.47233e-21 
0.140296 3.24516 0 
0.0217293 3.13881 1.09524e-19 
0.0811792 3.16353 4.96988e-19 
0.0743652 3.19083 -2.12121e-19 
0.0264685 3.12824 0 
0.695806 0.325439 0 
0.625516 0.392252 0 
1.08048 0.674753 -2.40118e-19 
1.07483 0.808353 3.77035e-19 
1.13855 0.560996 0 
1.17135 0.511354 0 
1.01558 0.0129022 -4.54108e-19 
1.0135 0.0146974 5.66625e-19 
1.02428 -0.0125318 0 
1.01834 -0.0200552 0 
1.0068 0.00310841 0 
1.00999 0.00395551 0 
1.00424 0.00207116 0 
1.00956 0.00662218 0 
1.00747 0.00536886 0 
1.0055 0.00496827 0 
-0.140872 1.23892 0 
-0.147161 1.25147 0 
-0.053692 1.16708 0 
0.0680907 1.18635 0 
-0.0824642 2.56753 0 
0.0426298 2.59079 -2.5104e-19 
-0.11902 2.46604 0 
-0.0913401 2.35705 8.09354e-20 
-0.044378 2.08439 -1.19444e-19 
-0.0491083 1.72302 0 
-0.0315585 1.73855 0 
-0.0791767 1.68365 0 
-0.0645978 1.6316 0 
-0.12298 1.86353 -2.8627e-20 
-0.0513183 1.88378 4.39191e-20 
-0.052105 1.92811 5.7822e-20 
-0.0435693 1.90712 0 
-0.0370475 1.86397 -8.50611e-20 
-0.0188203 1.85086 -4.2278e-20 
-0.112054 1.85095 2.28122e-20 
-0.0738504 1.85979 -5.85764e-20 
-0.0793226 1.89036 -7.63976e-20 
1.01208 0.0192059 4.50347e-19 
1.01154 0.00446115 -5.56676e-19 
1.00547 0.0192484 -4.66381e-19 
0.99307 0.0143547 5.94048e-19 
1.04312 0.020213 0 
1.0364 0.00855278 0 
1.06394 0.0396387 0 
1.05143 0.0237289 0 
1.055 0.0117486 0 
1.10511 0.0763692 0 
1.08028 0.0487691 0 
1.08964 0.0362098 0 
-0.010894 1.81307 -1.36907e-21 
-0.0160924 1.80191 0 
-0.0125672 1.80606 0 
-0.0102972 1.82874 1.26954e-20 
-0.00875187 1.83013 -5.65886e-22 
-0.0213893 1.79818 1.23798e-20 
-0.0216131 1.79704 -1.25033e-20 
-0.0254227 1.79725 0 
-0.0227887 1.79769 0 
-0.0218642 1.79769 0 
-0.0261593 1.79139 0 
-0.0234185 1.78153 0 
0.450085 1.38585 8.92622e-19 
0.404164 1.41724 3.28057e-19 
0.628733 2.4265 -1.60885e-19 
0.416659 2.57194 4.02188e-19 
0.537654 2.12882 -1.10473e-19 
1.02116 -0.00799666 0 
1.0156 -0.00937434 0 
1.0163 -0.0147952 0 
1.00776 -0.000759713 0 
1.00446 -0.00127988 0 
1.00726 -0.00481502 0 
1.00993 -0.00378717 0 
1.01385 -0.00433057 0 
1.02249 0.017213 4.38023e-19 
1.01534 0.0212478 -5.51625e-19 
1.02383 0.0158249 -4.36519e-19 
1.01977 0.0117633 5.46303e-19 
0.765218 1.29789 0 
0.690186 1.35648 6.2578e-19 
0.866814 1.19428 3.63194e-19 
0.903906 1.16942 -4.82712e-19 
1.14414 2.61617 -5.34315e-19 
0.833705 0.105381 2.92781e-19 
1.12313 0.0963775 0 
1.16561 0.168853 5.52851e-20 
1.1592 0.152955 2.41421e-21 
0.973089 0.123351 0 
0.151847 2.97203 1.05542e-19 
0.129304 2.87814 -6.43278e-19 
0.0445991 2.34733 4.75287e-19 
0.113139 0.122407 -1.97071e-19 
0.343214 3.43124 -4.49107e-19 
0.198949 3.32383 0 
0.239087 3.36852 5.84882e-19 
0.256511 3.04457 -6.7957e-19 
0.349636 3.20162 0 
0.00745787 3.12051 2.61995e-20 
0.0190447 3.12936 -3.34374e-19 
0.0165406 3.12517 4.92162e-19 
0.0383305 3.13997 0 
0.0368914 3.15216 0 
1.2139 2.61401 0 
0.499376 0.842993 -2.28061e-19 
1.01538 0.984723 -2.00924e-19 
0.959163 1.04746 0 
0.797581 0.954268 5.4936e-20 
1.03577 0.869603 3.13873e-20 
0.405093 0.483014 -5.32545e-19 
0.720673 0.327006 -2.2824e-20 
0.704048 0.28888 2.22418e-19 
0.626972 0.425484 1.78639e-20 
0.570649 0.414466 -7.33974e-19 
0.704697 0.349209 0 
0.717787 0.424888 3.71969e-19 
0.721356 0.41724 0 
0.671006 0.400872 0 
0.667813 0.33191 0 
0.735898 0.59804 1.35562e-19 
1.1799 0.269296 3.38914e-20 
1.18017 0.406066 0 
1.18821 0.361861 0 
0.764097 0.217834 3.32855e-19 
0.784157 0.51942 -1.86007e-19 
0.706426 0.502438 3.01601e-19 
0.904892 0.397292 -2.8446e-19 
1.01993 0.0160402 2.97194e-19 
1.01741 0.014173 -3.0653e-19 
1.01372 0.0167049 0 
1.02404 -0.0124616 0 
1.02323 -0.0167487 -2.71633e-19 
1.01646 -0.0215859 2.68454e-19 
1.03448 0.00612549 0 
1.02757 0.0149198 0 
1.01134 0.00417939 0 
1.01507 0.00823136 0 
1.0166 0.00384197 0 
1.01339 0.00134443 0 
-0.1765 1.35752 0 
-0.159249 1.39132 0 
-0.0722479 1.08599 3.78358e-19 
0.312816 1.28558 2.91866e-19 
0.148653 1.16494 6.37881e-19 
0.224441 1.21812 -1.01813e-18 
0.157902 1.18513 0 
-0.1177 1.95299 6.77093e-19 
-0.253734 1.84193 0 
0.527322 2.23392 1.64702e-19 
0.424626 2.46421 2.20868e-19 
0.127678 1.68197 -5.95383e-19 
0.391228 1.1757 2.93967e-19 
0.221117 1.15675 -2.31408e-19 
0.498735 1.23936 6.12875e-19 
0.379928 1.76929 0 
0.484105 1.77631 -4.77429e-19 
-0.235465 2.05416 2.03333e-21 
-0.0679887 2.15448 0 
-0.251349 2.23029 4.65264e-21 
-0.227571 2.13845 0 
-0.0852593 2.31996 -9.15813e-20 
-0.0477218 2.19176 0 
-0.123327 1.77305 -1.80354e-20 
-0.165904 1.82218 0 
-0.15474 1.70138 0 
-0.128895 1.72495 2.03476e-20 
-0.0622346 1.96456 -1.41544e-20 
-0.0466546 2.05594 1.32185e-19 
-0.0426073 2.01011 8.97096e-22 
-0.0663526 1.8264 2.50971e-20 
-0.0830513 1.81816 1.19957e-20 
-0.0265097 1.75466 0 
-0.0207628 1.76042 0 
-0.236896 1.9035 -4.8953e-21 
-0.216378 1.73081 -2.06316e-20 
-0.197236 1.82743 2.20013e-20 
-0.317235 1.89324 0 
-0.0176418 1.81822 -4.77054e-20 
-0.0167762 1.82734 2.27522e-20 
-0.0171746 1.82797 -6.9222e-21 
-0.0531533 1.82017 -3.00323e-20 
-0.0277122 1.84553 -1.12449e-20 
-0.0370381 1.85362 6.01567e-20 
1.02307 0.00878024 -2.92494e-19 
1.02002 0.00881447 2.96033e-19 
1.01719 0.00157952 0 
1.00003 0.0450523 4.21329e-19 
0.993742 0.0334504 -4.94148e-19 
0.967319 0.0244382 5.70293e-19 
0.995474 0.0800082 -5.54754e-20 
1.02622 -0.00235592 0 
1.03252 0.0111066 2.46056e-19 
1.02667 0.000771323 -2.43975e-19 
1.04048 0.0387049 -1.3614e-20 
1.04448 0.0274167 1.2024e-19 
1.03759 0.0507823 0 
1.03123 0.0407795 -4.51611e-20 
1.02579 0.0257727 0 
1.02229 0.0216841 0 
1.03743 0.00781236 0 
1.03265 0.0084689 0 
1.0328 0.0249768 9.39775e-20 
1.03527 0.0181302 -2.10332e-19 
1.03413 0.0294796 -9.48839e-20 
1.03333 0.0290099 -1.10159e-19 
1.0338 0.057189 1.98843e-19 
1.0659 0.0521306 0 
1.06191 0.0920849 0 
-0.017974 1.81861 -1.82624e-20 
-0.0171437 1.8063 -1.60461e-21 
-0.0191961 1.80701 0 
-0.0128478 1.81992 1.94404e-20 
-0.0114225 1.81489 2.86225e-21 
-0.0117828 1.81878 -2.96376e-21 
-0.0139835 1.84716 3.60521e-20 
-0.0163411 1.83504 -2.48173e-21 
-0.0189465 1.83733 1.2488e-20 
-0.00778432 1.83609 -1.86663e-20 
-0.00851259 1.83827 2.30588e-20 
-0.0255518 1.79994 4.04839e-22 
-0.0238452 1.80206 2.13134e-20 
0.524681 1.32327 -4.41238e-19 
0.535586 1.36422 -4.80056e-19 
0.649698 1.39214 -6.05047e-19 
0.523309 1.43587 -3.25652e-19 
0.538161 1.43323 0 
0.614192 2.40074 1.313e-19 
0.708135 2.35529 2.40494e-19 
0.425086 2.54301 1.01682e-19 
0.418196 2.62879 -1.50058e-19 
0.554121 2.56702 2.82069e-19 
0.52758 2.46311 0 
0.533854 2.4686 -3.62815e-19 
0.113697 2.63494 6.7801e-19 
0.295204 2.63468 -2.77578e-20 
0.220015 2.6302 -9.5325e-19 
0.921394 2.35498 1.90442e-19 
0.825501 2.3298 0 
1.01079 -4.50067e-05 9.95607e-21 
1.01449 -0.00521462 -8.01842e-21 
1.01624 -0.00378957 -1.45161e-19 
1.01374 -0.00198046 1.46057e-19 
1.01302 0.000779146 0 
0.643974 1.25707 0 
0.644794 1.15248 0 
0.740004 1.08049 0 
0.635704 1.10752 0 
1.17522 2.63628 4.8689e-20 
1.05082 2.36337 0 
0.825767 2.28436 -2.22602e-21 
0.807715 2.48528 0 
0.895074 2.57725 -4.945e-21 
0.926742 2.53933 3.314e-21 
0.838345 0.132997 0 
0.807818 0.144417 8.42963e-20 
0.916125 0.124457 4.30531e-19 
0.862076 0.118349 -1.73376e-19 
0.85627 0.0737267 -5.18864e-19 
1.02443 0.210972 -2.49345e-19 
0.957576 0.275429 -1.5124e-20 
0.884472 0.271553 3.89553e-19 
0.962176 0.206591 2.92437e-19 
0.932711 0.159999 -5.40136e-19 
0.904726 0.175111 6.97177e-20 
0.919804 0.239959 -1.37572e-19 
0.901713 0.19418 0 
0.96859 0.160513 2.58245e-19 
1.00055 0.159321 0 
0.998819 0.191879 0 
1.05789 0.100792 8.44375e-20 
1.02004 0.148034 -1.34888e-20 
1.01662 0.211775 -4.63398e-20 
1.04902 0.17898 0 
1.01533 0.0240491 2.23901e-19 
1.02681 0.0431377 2.64302e-19 
1.02299 0.0275031 -2.21809e-19 
1.01879 0.0478554 -1.78197e-19 
1.00324 0.0486165 -2.97108e-19 
0.976096 0.125498 0 
0.984034 0.0773818 0 
0.969147 0.046712 -2.06959e-19 
0.93263 0.0557511 8.64307e-20 
1.00081 0.0796079 2.52956e-19 
1.02246 0.101379 -2.56695e-19 
1.02856 0.122351 2.33772e-19 
0.992154 0.121875 0 
1.03347 0.0906059 0 
1.01988 0.0774305 -1.07712e-19 
1.01713 0.0792883 -2.01931e-19 
0.591142 1.06519 -1.03681e-19 
0.643743 1.44198 2.07007e-19 
1.16407 2.76517 1.09727e-19 
1.22423 3.09573 -7.07138e-20 
1.24229 2.73573 5.48538e-19 
1.27641 2.71582 -3.35167e-19 
1.19868 2.34769 -5.77391e-21 
1.21054 3.00091 1.96947e-19 
1.22683 2.96872 -2.22571e-19 
1.21359 3.24781 -2.67614e-19 
1.37477 2.97768 3.70516e-19 
1.36778 2.893 0 
0.501284 0.852183 -1.22194e-20 
0.161487 1.30049 3.56863e-19 
0.523509 0.546471 3.53458e-19 
0.351921 0.318648 3.84407e-19 
0.566143 0.446607 4.09767e-19 
0.543991 0.504358 -6.48807e-19 
0.543975 0.524626 5.31437e-19 
0.517314 0.483692 -2.12203e-19 
0.481405 0.427457 4.92579e-19 
0.7712 0.260115 -1.86169e-19 
0.739403 0.297255 0 
0.732394 0.247541 1.11927e-20 
0.69975 0.517948 1.91827e-19 
0.684213 0.485123 -7.06605e-19 
0.61122 0.508093 1.99826e-20 
0.633522 0.480484 0 
0.626538 0.737567 1.49023e-19 
0.776756 0.761221 5.56004e-20 
0.709912 0.850754 -7.36419e-20 
0.820377 0.790509 -1.9388e-20 
0.865459 0.833395 1.37559e-20 
0.872908 0.836627 -1.4087e-20 
0.780495 0.629457 -2.31062e-19 
0.866649 0.68485 1.80159e-20 
0.930187 0.697212 0 
0.919711 0.673184 -1.80943e-20 
0.980904 0.309561 6.35436e-20 
1.07539 0.278857 1.1014e-20 
1.00915 0.255132 1.01847e-19 
0.961801 0.337613 -1.45822e-19 
0.997707 0.398655 0 
1.05207 0.394187 0 
0.883749 0.328693 3.12319e-21 
0.828022 0.272486 0 
0.833233 0.269966 2.00379e-19 
0.883948 0.275691 -8.19379e-21 
0.893656 0.398272 7.7812e-19 
0.839739 0.459251 2.00265e-19 
0.851601 0.424564 -2.49768e-19 
0.798159 0.413543 2.67663e-19 
0.783299 0.409708 1.83564e-19 
0.778596 0.401387 -1.79353e-19 
1.02526 -0.0127545 2.37903e-19 
1.0221 -0.00773883 0 
1.01952 -0.00592475 1.56582e-19 
1.02401 -0.0106908 -3.54084e-19 
1.02906 -0.000771685 1.71305e-19 
1.02429 0.0111367 -3.62813e-19 
1.02436 0.0143797 0 
1.02184 0.0130858 -7.59017e-20 
1.01761 0.00601091 1.88521e-19 
1.01623 0.0098512 -9.58721e-20 
1.02038 0.0105683 7.14797e-20 
-0.109441 1.60323 0 
-0.184474 1.67371 0 
-0.157058 1.49104 0 
-0.0982328 1.52582 0 
-0.331377 1.58247 -5.11752e-19 
-0.287662 1.40239 1.67244e-19 
-0.317893 1.85704 1.5227e-19 
-0.362224 1.62934 -2.26472e-19 
-0.271802 1.73507 5.52599e-20 
-0.28673 1.72299 -4.28611e-20 
-0.30461 1.55523 9.23652e-20 
-0.287004 1.56069 1.81972e-19 
-0.238182 1.58589 1.51396e-20 
-0.234315 1.6419 5.99661e-21 
-0.264698 2.27225 -8.47808e-22 
-0.261594 2.38542 0 
-0.315166 2.29661 -9.46848e-20 
-0.371791 1.97698 -1.15534e-19 
0.229791 2.22713 1.0967e-19 
0.157399 2.62881 0 
0.203853 2.55395 -5.03211e-20 
0.303111 2.55385 3.47588e-20 
0.00138054 2.29154 2.92137e-19 
-0.154543 2.31137 -1.92305e-19 
-0.129342 2.57172 0 
-0.192366 1.92318 -2.40135e-20 
-0.131144 1.91879 -1.06273e-19 
-0.148576 1.8901 0 
-0.139949 2.01299 -3.87216e-21 
-0.21203 2.01752 2.21353e-20 
-0.0751699 1.76869 4.37653e-21 
-0.0480541 1.77325 -6.43758e-20 
-0.0456232 1.7866 1.82618e-20 
-0.0759321 1.78905 2.18498e-20 
-0.106011 1.78507 0 
-0.0380234 1.78735 0 
-0.0245014 1.78188 2.27883e-20 
-0.0288053 1.79331 -7.18446e-21 
-0.0309633 1.79078 0 
-0.0230828 1.77157 1.70877e-20 
-0.0207146 1.77119 -3.39548e-20 
1.03368 0.0154344 0 
1.03801 0.0166955 -2.33292e-20 
1.03913 0.0195018 -1.67861e-19 
1.03714 0.0203714 0 
1.03671 0.0220024 0 
1.04131 0.0100005 -5.65563e-21 
1.03968 0.0086248 2.82442e-19 
1.0377 0.0105095 3.39415e-19 
1.03357 0.00944045 0 
1.02796 0.00683381 0 
1.03415 0.0166135 1.71322e-19 
1.02647 0.0106361 0 
1.0275 0.00857527 0 
-0.0228142 1.82229 0 
-0.0249298 1.80243 2.18571e-21 
-0.0231356 1.81438 1.16016e-20 
-0.0278492 1.79584 0 
-0.0265443 1.80429 1.45865e-20 
-0.0264644 1.80105 -6.91171e-21 
-0.0284088 1.79664 0 
0.440014 1.67044 0 
0.540463 1.3426 7.20415e-19 
0.495881 1.36375 0 
0.522388 1.36323 -9.22545e-19 
0.519058 1.3883 0 
0.534759 1.38064 4.08919e-19 
1.01902 2.70737 -3.84272e-21 
0.939663 2.39158 -2.39869e-19 
0.864679 2.12817 2.93581e-19 
0.841608 2.3227 1.13079e-19 
0.831042 2.51121 0 
0.881877 2.52112 0 
0.891417 2.34763 0 
0.895509 2.30535 -4.15985e-19 
0.718496 2.47614 -7.19233e-20 
0.798729 2.48375 -2.52893e-20 
0.791088 2.45988 2.00953e-20 
0.693544 2.34379 0 
0.784764 2.33054 0 
0.750432 2.34221 -2.26513e-19 
0.762581 2.47557 0 
0.603422 1.07491 0 
0.477703 0.924463 -8.9089e-21 
0.523053 0.955368 -1.38425e-21 
0.519447 1.04348 0 
0.512834 0.998039 1.74379e-20 
0.72876 0.876714 1.49035e-20 
0.762895 1.00884 0 
0.732061 0.97104 -6.39516e-20 
0.608933 1.01336 0 
0.606039 0.935128 0 
1.15596 2.79018 5.74701e-20 
1.13936 2.85303 1.34402e-19 
0.938719 2.38917 -3.00455e-19 
0.909548 2.36065 4.12211e-20 
1.11562 2.76097 0 
1.0621 2.7333 -4.90828e-20 
1.06898 2.49441 -6.94466e-20 
0.951577 2.21647 -2.78765e-20 
0.469338 1.40353 0 
0.481013 1.04845 9.1398e-20 
0.54987 1.13282 0 
0.846203 0.217768 0 
0.813297 0.165289 0 
0.773891 0.183749 0 
0.831589 0.227819 -3.15576e-19 
0.78193 0.231811 1.95263e-19 
0.934904 0.0530828 -1.74747e-19 
0.940878 0.101209 0 
0.926416 0.108481 8.04678e-20 
0.889413 0.0817057 3.30216e-19 
0.886069 0.0535633 -2.03404e-19 
1.16229 3.37274 -9.82939e-19 
1.20926 3.29241 0 
1.16255 3.40056 -1.95103e-18 
0.649016 3.56298 1.67107e-18 
0.872698 3.13334 3.88284e-19 
0.479575 0.874902 2.15689e-19 
0.424909 0.86031 0 
0.343613 0.56221 -8.06573e-20 
0.407448 0.690279 3.69466e-19 
0.519641 0.54084 -1.10313e-19 
0.501965 0.565374 1.24175e-19 
0.624261 0.553156 2.6709e-19 
0.641902 0.564354 0 
0.599334 0.63049 0 
0.562316 0.567104 0 
0.912946 0.580078 -5.0814e-20 
0.841971 0.514015 -1.93622e-19 
0.86324 0.551977 9.51215e-20 
0.909291 0.485193 -1.39984e-19 
1.00555 0.462723 0 
1.02296 0.542056 -7.62576e-21 
0.835545 0.364962 -3.99694e-19 
0.839233 0.3523 -4.5631e-19 
0.810341 0.363488 3.13363e-19 
0.788982 0.341398 -3.55656e-19 
0.829038 0.297307 -2.6406e-19 
0.787466 0.303406 3.24825e-19 
1.03458 -0.000579792 -1.80036e-19 
1.03718 -0.000451605 3.67385e-19 
1.02819 -0.0095803 2.23207e-19 
1.03254 -0.00865004 -2.68153e-19 
1.03675 0.00758129 0 
1.03796 0.00792606 -4.4454e-19 
-0.352776 1.95072 2.80811e-20 
-0.329602 1.87501 0 
-0.389521 1.96736 -3.45297e-19 
-0.379083 1.96018 3.57209e-19 
-0.349312 1.85366 -2.63894e-19 
-0.37457 1.87141 0 
-0.0470315 1.8204 0 
-0.0365087 1.80025 -7.88534e-21 
-0.0307784 1.80029 7.15329e-21 
-0.0291508 1.80539 2.53621e-21 
-0.0296684 1.82219 -1.51213e-20 
-0.0347706 1.82366 9.02512e-21 
0.468688 1.42731 3.55538e-19 
0.450512 1.42349 -3.80946e-19 
0.494381 1.34291 4.42413e-19 
0.472982 1.36824 -2.08576e-20 
0.630904 1.28408 0 
0.554769 1.38752 5.22368e-19 
0.584173 1.36666 -5.20247e-19 
0.5053 1.31248 -4.18754e-19 
0.50823 1.26878 0 
0.53929 1.19261 0 
0.712456 2.44636 1.03667e-19 
0.71387 2.458 6.23951e-19 
0.742977 2.45996 -4.08752e-19 
0.684374 2.45293 -1.20465e-19 
0.639672 2.59583 1.02187e-19 
0.567651 2.58513 -3.12705e-19 
0.951297 2.36057 -1.59366e-19 
0.990708 2.39176 0 
0.876173 2.12029 -2.1197e-19 
1.03282 2.71722 0 
1.02711 2.70148 0 
0.612906 2.29327 2.40406e-19 
1.04232 3.17659 4.80532e-19 
0.913571 3.04865 -4.30244e-19 
0.288692 0.98247 0 
0.33773 0.849409 -1.46739e-19 
0.477192 0.790981 -6.63939e-20 
0.403205 2.0594 0 
0.470377 2.79718 -2.70703e-19 
0.432007 2.56678 0 
0.633219 0.687816 -3.08707e-19 
0.711717 0.668873 3.99913e-19 
0.730471 0.613214 -3.91394e-19 
0.614852 0.645706 -4.62244e-20 
0.672839 0.60382 -1.90576e-19 
1.00341 2.78224 -3.65327e-19 
1.04144 2.83893 2.84767e-19 
0.647542 2.19798 6.03493e-20 
0.591317 1.73255 -7.38216e-20 
0.719545 1.91671 9.30012e-20 
0.987809 2.45938 -6.71416e-20 
1.00216 2.46309 -1.66023e-19 
0.667914 1.88523 -4.72616e-21 
0.463759 1.33862 -7.25458e-20 
))
(300 (2 10 3 0 0 919 1018)(
0 0 0 
0 0 0 
0 0 0 
0 0 0 
0 0 0 
0 0 0 
0 0 0 
0 0 0 
0 0 0 
0 0 0 
0 0 0 
0 0 0 
0 0 0 
0 0 0 
0 0 0 
0 0 0 
0 0 0 
0 0 0 
0 0 0 
0 0 0 
0 0 0 
0 0 0 
0 0 0 
0 0 0 
0 0 0 
0 0 0 
0 0 0 
0 0 0 
0 0 0 
0 0 0 
0 0 0 
0 0 0 
0 0 0 
0 0 0 
0 0 0 
0 0 0 
0 0 0 
0 0 0 
0 0 0 
0 0 0 
0 0 0 
0 0 0 
0 0 0 
0 0 0 
0 0 0 
0 0 0 
0 0 0 
0 0 0 
0 0 0 
0 0 0 
0 0 0 
0 0 0 
0 0 0 
0 0 0 
0 0 0 
0 0 0 
0 0 0 
0 0 0 
0 0 0 
0 0 0 
0 0 0 
0 0 0 
0 0 0 
0 0 0 
0 0 0 
0 0 0 
0 0 0 
0 0 0 
0 0 0 
0 0 0 
0 0 0 
0 0 0 
0 0 0 
0 0 0 
0 0 0 
0 0 0 
0 0 0 
0 0 0 
0 0 0 
0 0 0 
0 0 0 
0 0 0 
0 0 0 
0 0 0 
0 0 0 
0 0 0 
0 0 0 
0 0 0 
0 0 0 
0 0 0 
0 0 0 
0 0 0 
0 0 0 
0 0 0 
0 0 0 
0 0 0 
0 0 0 
0 0 0 
0 0 0 
0 0 0 
))
(300 (2 11 3 0 0 1019 1026)(
1 0 0 
1 0 0 
1 0 0 
1 0 0 
1 0 0 
1 0 0 
1 0 0 
1 0 0 
))
(300 (2 12 3 0 0 1027 1030)(
0 3 0 
0 3 0 
0 3 0 
0 3 0 
))
(300 (2 13 3 0 0 1031 1038)(
-0.00626415 1.62605 0 
-0.00202962 1.58511 3.39379e-21 
-0.0157316 1.75847 0 
-0.00301024 1.81942 0 
-0.0127855 1.79806 0 
-0.0102191 1.80753 0 
-0.0132044 1.79468 0 
-0.00934645 1.80261 0 
))
(300 (2 14 3 0 0 1039 1072)(
0 0 0 
0 0 0 
0 0 0 
0 0 0 
0 0 0 
0 0 0 
0 0 0 
0 0 0 
0 0 0 
0 0 0 
0 0 0 
0 0 0 
0 0 0 
0 0 0 
0 0 0 
0 0 0 
0 0 0 
0 0 0 
0 0 0 
0 0 0 
0 0 0 
0 0 0 
0 0 0 
0 0 0 
0 0 0 
0 0 0 
0 0 0 
0 0 0 
0 0 0 
0 0 0 
0 0 0 
0 0 0 
0 0 0 
0 0 0 
))
(300 (2 15 3 0 0 1073 1072)(
))
