(0 "FOAM to Fluent data File")

(33 (918 3444 1074))
(300 (1 1 1 0 0 1 918)(
0.560311
1.19705
0.001505
0.559706
-0.0112945
1.16408
-0.499849
0.695415
0.540484
-0.0979825
-0.0308297
0.538064
1.0246
0.790565
-1.12041
-0.00194686
0.657454
-0.378834
0.539556
-0.0433599
0.723623
0.547047
0.550075
0.540657
0.607289
0.767683
0.905485
0.0205146
0.0074129
0.00381053
-0.0106025
-0.0367371
-0.0303954
1.04774
1.09882
1.12151
0.508493
0.336953
-0.366538
-0.435795
-0.428651
-0.543656
0.690432
0.68909
-0.193913
0.698174
0.702497
0.527587
0.539851
0.540757
0.541806
0.540775
0.542163
0.412639
-0.101213
-0.133846
-0.0777654
-0.0691426
0.0665449
-0.0328125
-0.0351775
-0.0286787
-0.0289179
0.45825
0.533032
0.530054
0.543343
0.552789
1.1366
1.10852
1.13466
1.04829
1.06483
1.00259
0.975257
0.811272
0.833037
0.775875
0.764436
-1.55499
-2.51135
-0.527857
-0.275749
-0.0103364
0.00112172
0.00759994
0.652782
0.652962
0.658376
0.664016
1.08624
-0.377852
-0.475643
0.539692
0.538495
0.546846
0.547543
0.54356
0.542651
-0.0341481
-0.0314587
-0.041299
-0.0416196
-0.0395975
0.71271
0.71161
0.541192
0.538203
0.559586
0.580655
0.572872
0.28451
0.611263
0.625184
0.59647
0.760641
0.753616
0.762829
0.878931
0.842618
0.942756
0.965844
0.0165884
0.000713932
-0.00908567
-0.0168953
-0.0146499
0.504367
0.496984
0.523873
0.511888
0.514366
0.252889
0.118444
0.422626
0.447929
-0.283328
-0.345701
-0.424755
-0.453399
-0.564951
0.613855
0.682336
0.679527
-0.207967
-0.134838
-0.265972
-0.0614381
-0.122764
0.517914
0.524879
0.519902
0.53539
0.529872
0.531828
0.544106
0.541182
0.542739
0.475112
0.598933
0.339069
0.304412
-0.23984
-0.151313
-0.240812
-0.0571358
-0.0528022
0.0801995
0.105464
0.0537333
0.0419523
-0.0457281
-0.0384652
-0.0418065
-0.0275486
-0.0278663
0.451123
0.440093
0.470836
0.478308
0.522305
0.523594
0.527296
0.52558
0.926039
0.948283
0.955951
0.929822
-3.50625
-6.29801
0.0509642
0.188174
-0.00549035
-0.00862366
0.00215382
-0.00399737
0.00130879
-0.00127953
0.00597582
0.0038906
0.00749448
0.00992053
0.645531
0.645899
1.00622
1.00984
0.984731
0.93649
0.527849
0.52994
0.535463
0.531334
-0.0269469
-0.0287444
-0.0264933
0.704478
0.709398
0.707785
0.246663
0.158252
0.334868
0.363519
0.638579
0.627499
0.63729
0.656311
0.692989
0.973243
0.991521
0.989735
0.998224
1.04232
1.05877
1.02405
0.484052
0.493907
0.488923
0.52703
0.524771
0.525692
0.521363
0.522757
0.52064
-0.0328519
-0.414776
0.497185
0.515289
0.497601
0.502253
0.693273
0.770576
0.665203
0.673623
0.671102
0.00684819
-0.0512257
0.260522
0.227194
0.391428
0.42741
0.406594
0.897156
0.857768
0.907821
0.881054
0.842583
0.867909
-0.366445
-1.87241
-0.988108
0.539313
0.352707
0.440066
0.0239336
0.00675611
0.0118855
1.00323
1.07852
0.654746
0.826937
0.831622
0.731147
0.760889
0.815879
0.742501
0.776361
0.810604
0.791418
0.570683
0.510443
0.524251
0.83969
0.895489
0.129477
0.0702736
0.0260831
0.123966
0.18044
0.154991
1.03987
0.950205
1.02117
0.537957
0.538667
-0.000422803
-0.011572
0.542867
0.542916
-0.0083383
0.00326938
0.423633
-0.829048
0.111915
0.531408
0.521451
0.538499
-0.0814606
0.365378
-0.0330485
0.0613327
0.00582087
0.535394
0.469177
0.428877
0.00655809
-0.0113458
-0.03715
-0.20992
0.535629
0.533935
0.537967
0.538926
0.539596
-0.0115988
-0.00777148
-0.00573452
-0.0352958
-0.0311068
-0.0415099
0.502683
0.521142
-0.163624
0.538106
0.540233
0.540055
0.533285
0.538927
0.53717
-0.00240904
-0.00967936
-0.0111051
0.228569
0.357098
0.665472
0.754255
0.636597
0.410878
0.174449
0.567259
0.631365
0.536169
0.69086
0.678629
0.693582
0.177181
0.0272593
0.186217
0.127792
0.529267
0.527957
0.51971
0.51672
0.533362
0.531466
0.536032
0.533032
0.535982
0.537374
-0.0392517
-0.0627941
-0.076824
-0.143591
0.320338
0.581995
0.2624
0.293014
0.15353
-0.0260771
-0.026379
-0.0319807
-0.0386168
0.0156151
-0.00897232
0.0564831
0.0572321
0.0297774
0.00276657
0.00762529
-0.00360524
-0.000265155
0.528454
0.526849
0.533261
0.542488
0.478707
0.482464
0.447786
0.46825
0.453661
0.393194
0.428154
0.403415
0.000967858
0.011052
0.00283066
-0.00726931
-0.00320146
-0.0215354
-0.0196659
-0.0155458
-0.012142
-0.0191401
-0.0313896
-0.0293901
-0.168646
-0.284033
0.992652
0.919124
0.135418
0.524801
0.531236
0.528012
0.532881
0.536006
0.536827
0.534554
0.531109
0.521546
0.523137
0.519863
0.520637
-0.0956535
-0.236095
-0.0648103
-0.136729
0.147466
0.629944
0.369014
0.305966
0.300875
0.527802
0.930296
0.717467
0.694036
0.708432
-0.337192
0.0556056
-0.272007
0.346274
0.170284
0.663407
0.713213
0.735541
0.682955
0.635631
-0.101674
0.559568
-0.061398
-0.0115127
0.188302
0.0688626
0.691872
0.663059
0.66646
0.683455
0.700416
0.669141
0.652718
0.647345
0.679772
0.683271
0.497233
0.259832
0.211986
0.173268
0.647986
0.533442
0.587334
0.502848
0.524384
0.527043
0.525662
0.507471
0.51499
0.510566
0.516902
0.520312
0.529076
0.529504
0.524831
0.526981
-0.0435876
-0.0467945
-0.0212263
-0.13097
-0.121879
-0.183464
-0.0569369
0.0811211
0.0430915
0.240467
0.346184
0.0579009
-0.0538522
-0.026143
0.0130018
0.184462
0.21039
0.0845544
0.173218
0.161499
0.144937
0.246562
0.251318
-0.0127045
-0.0169557
-0.0201082
-0.0218642
0.0324687
0.102281
0.112138
0.0104233
0.0046074
-0.02515
-0.024645
-0.0106486
-0.0148586
-0.0112004
0.0229232
-0.0401175
-0.00806229
0.00754716
0.0131972
0.0100417
0.00499865
0.52077
0.523077
0.522707
0.530013
0.548418
0.564556
0.520938
0.50069
0.491575
0.494566
0.467786
0.477992
0.473669
0.487322
0.508373
0.517682
0.515054
0.517806
0.500518
0.502187
0.488747
0.492443
0.467575
0.448781
0.436984
-0.0308663
0.0069541
-3.49821e-05
-0.0285513
0.000459407
-0.0121393
0.00300737
0.0221431
0.00612318
0.00294605
-0.00717921
-0.01394
-0.0130006
-0.0702344
0.0149116
-0.178435
-0.216222
-0.286024
0.894227
1.01792
0.81626
0.589617
0.607156
0.850014
0.935525
0.551814
0.741381
0.765395
0.588918
0.854398
0.52962
0.529227
0.52683
0.526306
0.527526
-0.00308462
0.100576
0.102161
0.162819
0.279443
0.392189
0.319148
0.193911
0.325132
0.328299
0.62234
0.635043
0.590595
0.61446
0.614902
0.431748
0.507567
0.559916
0.516964
0.568813
0.589693
0.545591
0.577808
0.528054
0.482665
0.478825
0.429387
0.449155
0.425802
0.408444
0.519699
0.49696
0.507522
0.497813
0.517301
0.541638
0.538255
0.570446
0.581415
0.501346
0.457569
0.466836
0.497231
0.458018
0.472965
0.489145
0.234007
0.135075
0.217873
-0.0705157
0.00462802
-0.00944615
-0.0572123
-0.00820299
0.27695
-0.417223
-0.392949
-1.02279
0.503635
0.962145
0.639965
0.613098
0.6973
0.679217
0.684166
0.701232
0.705414
0.638235
0.654358
0.656429
0.619207
0.642579
0.66261
0.659768
0.529503
0.393943
0.390348
0.341487
0.211782
0.24995
0.450136
0.37258
0.297459
0.298543
0.46518
0.352454
0.421454
0.45736
0.388493
0.342369
0.54617
0.611306
0.603139
0.577367
0.493506
0.507153
0.531249
0.566425
0.592355
0.623521
0.516446
0.52231
0.523554
0.521048
0.518304
0.521306
0.521503
0.524038
0.524747
0.527714
0.526741
-0.0336257
-0.0215094
-0.0345569
-0.0426626
-0.0109796
-0.0148556
0.0286591
0.015056
-0.000468492
0.00561018
-0.0207207
-0.0249965
-0.0200862
-0.0109151
0.106994
0.119617
0.103287
0.0637579
0.253831
0.384379
0.457458
0.333476
0.226328
0.249948
0.270998
-0.00121483
0.0266876
0.0137467
0.0522274
0.0433928
-0.0187869
-0.0233021
-0.0208821
-0.0138335
-0.00477562
-0.0213228
-0.023549
-0.015418
-0.0194856
-0.0196006
-0.0229994
0.502916
0.496449
0.498133
0.492022
0.490748
0.504945
0.509159
0.511123
0.516542
0.518777
0.508985
0.514655
0.5184
0.00395264
-0.0202914
-0.0237253
-0.0112494
-0.0155677
-0.0146296
-0.0167039
0.124651
0.0530729
0.0576174
0.011607
-0.118264
-0.0607565
0.492719
0.492662
0.485086
0.72221
0.571817
0.492349
0.589714
0.694889
0.276148
0.474589
0.308369
0.890668
0.785734
0.932166
0.544482
0.246135
0.405984
0.45362
0.263987
0.337036
0.33141
0.219005
0.250646
0.286091
0.38711
0.267519
0.243487
0.00101402
0.190382
0.304052
0.285643
0.412087
0.474065
0.26625
0.187585
0.141605
0.609121
0.627979
0.643355
0.615988
0.636738
0.580111
0.568907
0.587226
0.59697
0.591811
-0.750404
-0.456989
-1.40282
-0.721301
-0.268264
0.534436
0.501667
0.770732
0.652773
0.702279
0.687082
0.645319
0.613139
0.632681
0.659302
0.354622
0.465947
0.441013
0.446093
0.347485
0.278854
0.578853
0.57345
0.607902
0.631489
0.601236
0.632176
0.51425
0.513933
0.513476
0.509764
0.508022
0.510331
0.0674655
0.0365851
0.0718937
0.0525099
0.0297773
0.0183198
0.00780467
-0.00191515
-0.00841948
-0.00944203
0.00441624
0.00794719
0.170918
0.110257
0.0305248
0.060277
0.000479656
-0.0681674
-0.0857774
0.0159916
0.110969
0.101627
0.406624
0.657725
0.477658
0.644987
0.486425
0.542248
0.474248
0.466041
0.492454
0.382614
0.462335
0.24222
-0.264917
-0.173473
0.790739
0.804855
0.586449
0.406588
0.174976
0.357475
0.550419
0.483161
0.520132
0.589212
0.578245
0.0233339
0.0850595
0.360544
0.587895
0.240503
0.231467
0.225642
0.405496
0.326179
))
(300 (1 10 1 0 0 919 1018)(
0.560311
1.19705
0.001505
0.559706
1.16408
-0.499849
0.695415
-0.0979825
-0.0308297
0.538064
1.0246
0.790565
-1.12041
0.657454
-0.378834
0.539556
-0.0433599
0.723623
0.540657
0.607289
0.767683
0.905485
0.0205146
1.04774
0.508493
-0.435795
-0.543656
0.68909
-0.193913
0.702497
0.527587
-0.133846
-0.0691426
-0.0351775
-0.0289179
0.45825
0.530054
0.552789
1.06483
0.975257
0.833037
0.764436
-2.51135
-0.275749
0.652962
0.664016
-0.475643
0.538495
0.542651
-0.0314587
-0.0395975
0.71161
0.538203
0.572872
0.28451
0.625184
0.59647
0.762829
0.842618
0.965844
0.496984
0.523873
0.514366
-0.345701
-0.564951
0.679527
-0.265972
-0.122764
0.519902
0.531828
-0.240812
-0.0528022
-0.0418065
-0.0278663
0.440093
0.478308
0.522305
0.52558
0.929822
0.188174
0.645899
0.527849
0.531334
-0.0264933
0.707785
0.158252
0.363519
0.63729
0.692989
0.998224
0.488923
0.525692
0.52064
0.671102
-0.0512257
0.406594
0.881054
0.440066
0.776361
0.0260831
))
(300 (1 11 1 0 0 919 926)(
0.560311
0.559706
0.540484
0.547047
0.540757
0.542163
0.546846
0.542739
))
(300 (1 12 1 0 0 919 922)(
1.19705
1.16408
1.12151
1.13466
))
(300 (1 13 1 0 0 919 926)(
0
0
0
0
0
0
0
0
))
(300 (1 14 1 0 0 919 952)(
-0.0112945
-0.00194686
-0.0303954
0.336953
0.412639
0.0665449
0.00759994
1.08624
-0.0146499
0.118444
0.447929
0.613855
0.598933
0.304412
0.105464
0.0419523
-6.29801
0.00597582
0.00992053
1.00984
0.93649
-0.414776
0.497185
0.502253
0.770576
0.227194
-0.988108
0.0118855
1.07852
0.831622
0.524251
0.895489
0.154991
1.02117
))
(300 (1 15 1 0 0 919 2754)(
0.560311
0.560311
1.19705
1.19705
0.001505
0.001505
0.559706
0.559706
-0.0112945
-0.0112945
1.16408
1.16408
-0.499849
-0.499849
0.695415
0.695415
0.540484
0.540484
-0.0979825
-0.0979825
-0.0308297
-0.0308297
0.538064
0.538064
1.0246
1.0246
0.790565
0.790565
-1.12041
-1.12041
-0.00194686
-0.00194686
0.657454
0.657454
-0.378834
-0.378834
0.539556
0.539556
-0.0433599
-0.0433599
0.723623
0.723623
0.547047
0.547047
0.550075
0.550075
0.540657
0.540657
0.607289
0.607289
0.767683
0.767683
0.905485
0.905485
0.0205146
0.0205146
0.0074129
0.0074129
0.00381053
0.00381053
-0.0106025
-0.0106025
-0.0367371
-0.0367371
-0.0303954
-0.0303954
1.04774
1.04774
1.09882
1.09882
1.12151
1.12151
0.508493
0.508493
0.336953
0.336953
-0.366538
-0.366538
-0.435795
-0.435795
-0.428651
-0.428651
-0.543656
-0.543656
0.690432
0.690432
0.68909
0.68909
-0.193913
-0.193913
0.698174
0.698174
0.702497
0.702497
0.527587
0.527587
0.539851
0.539851
0.540757
0.540757
0.541806
0.541806
0.540775
0.540775
0.542163
0.542163
0.412639
0.412639
-0.101213
-0.101213
-0.133846
-0.133846
-0.0777654
-0.0777654
-0.0691426
-0.0691426
0.0665449
0.0665449
-0.0328125
-0.0328125
-0.0351775
-0.0351775
-0.0286787
-0.0286787
-0.0289179
-0.0289179
0.45825
0.45825
0.533032
0.533032
0.530054
0.530054
0.543343
0.543343
0.552789
0.552789
1.1366
1.1366
1.10852
1.10852
1.13466
1.13466
1.04829
1.04829
1.06483
1.06483
1.00259
1.00259
0.975257
0.975257
0.811272
0.811272
0.833037
0.833037
0.775875
0.775875
0.764436
0.764436
-1.55499
-1.55499
-2.51135
-2.51135
-0.527857
-0.527857
-0.275749
-0.275749
-0.0103364
-0.0103364
0.00112172
0.00112172
0.00759994
0.00759994
0.652782
0.652782
0.652962
0.652962
0.658376
0.658376
0.664016
0.664016
1.08624
1.08624
-0.377852
-0.377852
-0.475643
-0.475643
0.539692
0.539692
0.538495
0.538495
0.546846
0.546846
0.547543
0.547543
0.54356
0.54356
0.542651
0.542651
-0.0341481
-0.0341481
-0.0314587
-0.0314587
-0.041299
-0.041299
-0.0416196
-0.0416196
-0.0395975
-0.0395975
0.71271
0.71271
0.71161
0.71161
0.541192
0.541192
0.538203
0.538203
0.559586
0.559586
0.580655
0.580655
0.572872
0.572872
0.28451
0.28451
0.611263
0.611263
0.625184
0.625184
0.59647
0.59647
0.760641
0.760641
0.753616
0.753616
0.762829
0.762829
0.878931
0.878931
0.842618
0.842618
0.942756
0.942756
0.965844
0.965844
0.0165884
0.0165884
0.000713932
0.000713932
-0.00908567
-0.00908567
-0.0168953
-0.0168953
-0.0146499
-0.0146499
0.504367
0.504367
0.496984
0.496984
0.523873
0.523873
0.511888
0.511888
0.514366
0.514366
0.252889
0.252889
0.118444
0.118444
0.422626
0.422626
0.447929
0.447929
-0.283328
-0.283328
-0.345701
-0.345701
-0.424755
-0.424755
-0.453399
-0.453399
-0.564951
-0.564951
0.613855
0.613855
0.682336
0.682336
0.679527
0.679527
-0.207967
-0.207967
-0.134838
-0.134838
-0.265972
-0.265972
-0.0614381
-0.0614381
-0.122764
-0.122764
0.517914
0.517914
0.524879
0.524879
0.519902
0.519902
0.53539
0.53539
0.529872
0.529872
0.531828
0.531828
0.544106
0.544106
0.541182
0.541182
0.542739
0.542739
0.475112
0.475112
0.598933
0.598933
0.339069
0.339069
0.304412
0.304412
-0.23984
-0.23984
-0.151313
-0.151313
-0.240812
-0.240812
-0.0571358
-0.0571358
-0.0528022
-0.0528022
0.0801995
0.0801995
0.105464
0.105464
0.0537333
0.0537333
0.0419523
0.0419523
-0.0457281
-0.0457281
-0.0384652
-0.0384652
-0.0418065
-0.0418065
-0.0275486
-0.0275486
-0.0278663
-0.0278663
0.451123
0.451123
0.440093
0.440093
0.470836
0.470836
0.478308
0.478308
0.522305
0.522305
0.523594
0.523594
0.527296
0.527296
0.52558
0.52558
0.926039
0.926039
0.948283
0.948283
0.955951
0.955951
0.929822
0.929822
-3.50625
-3.50625
-6.29801
-6.29801
0.0509642
0.0509642
0.188174
0.188174
-0.00549035
-0.00549035
-0.00862366
-0.00862366
0.00215382
0.00215382
-0.00399737
-0.00399737
0.00130879
0.00130879
-0.00127953
-0.00127953
0.00597582
0.00597582
0.0038906
0.0038906
0.00749448
0.00749448
0.00992053
0.00992053
0.645531
0.645531
0.645899
0.645899
1.00622
1.00622
1.00984
1.00984
0.984731
0.984731
0.93649
0.93649
0.527849
0.527849
0.52994
0.52994
0.535463
0.535463
0.531334
0.531334
-0.0269469
-0.0269469
-0.0287444
-0.0287444
-0.0264933
-0.0264933
0.704478
0.704478
0.709398
0.709398
0.707785
0.707785
0.246663
0.246663
0.158252
0.158252
0.334868
0.334868
0.363519
0.363519
0.638579
0.638579
0.627499
0.627499
0.63729
0.63729
0.656311
0.656311
0.692989
0.692989
0.973243
0.973243
0.991521
0.991521
0.989735
0.989735
0.998224
0.998224
1.04232
1.04232
1.05877
1.05877
1.02405
1.02405
0.484052
0.484052
0.493907
0.493907
0.488923
0.488923
0.52703
0.52703
0.524771
0.524771
0.525692
0.525692
0.521363
0.521363
0.522757
0.522757
0.52064
0.52064
-0.0328519
-0.0328519
-0.414776
-0.414776
0.497185
0.497185
0.515289
0.515289
0.497601
0.497601
0.502253
0.502253
0.693273
0.693273
0.770576
0.770576
0.665203
0.665203
0.673623
0.673623
0.671102
0.671102
0.00684819
0.00684819
-0.0512257
-0.0512257
0.260522
0.260522
0.227194
0.227194
0.391428
0.391428
0.42741
0.42741
0.406594
0.406594
0.897156
0.897156
0.857768
0.857768
0.907821
0.907821
0.881054
0.881054
0.842583
0.842583
0.867909
0.867909
-0.366445
-0.366445
-1.87241
-1.87241
-0.988108
-0.988108
0.539313
0.539313
0.352707
0.352707
0.440066
0.440066
0.0239336
0.0239336
0.00675611
0.00675611
0.0118855
0.0118855
1.00323
1.00323
1.07852
1.07852
0.654746
0.654746
0.826937
0.826937
0.831622
0.831622
0.731147
0.731147
0.760889
0.760889
0.815879
0.815879
0.742501
0.742501
0.776361
0.776361
0.810604
0.810604
0.791418
0.791418
0.570683
0.570683
0.510443
0.510443
0.524251
0.524251
0.83969
0.83969
0.895489
0.895489
0.129477
0.129477
0.0702736
0.0702736
0.0260831
0.0260831
0.123966
0.123966
0.18044
0.18044
0.154991
0.154991
1.03987
1.03987
0.950205
0.950205
1.02117
1.02117
0.537957
0.537957
0.538667
0.538667
-0.000422803
-0.000422803
-0.011572
-0.011572
0.542867
0.542867
0.542916
0.542916
-0.0083383
-0.0083383
0.00326938
0.00326938
0.423633
0.423633
-0.829048
-0.829048
0.111915
0.111915
0.531408
0.531408
0.521451
0.521451
0.538499
0.538499
-0.0814606
-0.0814606
0.365378
0.365378
-0.0330485
-0.0330485
0.0613327
0.0613327
0.00582087
0.00582087
0.535394
0.535394
0.469177
0.469177
0.428877
0.428877
0.00655809
0.00655809
-0.0113458
-0.0113458
-0.03715
-0.03715
-0.20992
-0.20992
0.535629
0.535629
0.533935
0.533935
0.537967
0.537967
0.538926
0.538926
0.539596
0.539596
-0.0115988
-0.0115988
-0.00777148
-0.00777148
-0.00573452
-0.00573452
-0.0352958
-0.0352958
-0.0311068
-0.0311068
-0.0415099
-0.0415099
0.502683
0.502683
0.521142
0.521142
-0.163624
-0.163624
0.538106
0.538106
0.540233
0.540233
0.540055
0.540055
0.533285
0.533285
0.538927
0.538927
0.53717
0.53717
-0.00240904
-0.00240904
-0.00967936
-0.00967936
-0.0111051
-0.0111051
0.228569
0.228569
0.357098
0.357098
0.665472
0.665472
0.754255
0.754255
0.636597
0.636597
0.410878
0.410878
0.174449
0.174449
0.567259
0.567259
0.631365
0.631365
0.536169
0.536169
0.69086
0.69086
0.678629
0.678629
0.693582
0.693582
0.177181
0.177181
0.0272593
0.0272593
0.186217
0.186217
0.127792
0.127792
0.529267
0.529267
0.527957
0.527957
0.51971
0.51971
0.51672
0.51672
0.533362
0.533362
0.531466
0.531466
0.536032
0.536032
0.533032
0.533032
0.535982
0.535982
0.537374
0.537374
-0.0392517
-0.0392517
-0.0627941
-0.0627941
-0.076824
-0.076824
-0.143591
-0.143591
0.320338
0.320338
0.581995
0.581995
0.2624
0.2624
0.293014
0.293014
0.15353
0.15353
-0.0260771
-0.0260771
-0.026379
-0.026379
-0.0319807
-0.0319807
-0.0386168
-0.0386168
0.0156151
0.0156151
-0.00897232
-0.00897232
0.0564831
0.0564831
0.0572321
0.0572321
0.0297774
0.0297774
0.00276657
0.00276657
0.00762529
0.00762529
-0.00360524
-0.00360524
-0.000265155
-0.000265155
0.528454
0.528454
0.526849
0.526849
0.533261
0.533261
0.542488
0.542488
0.478707
0.478707
0.482464
0.482464
0.447786
0.447786
0.46825
0.46825
0.453661
0.453661
0.393194
0.393194
0.428154
0.428154
0.403415
0.403415
0.000967858
0.000967858
0.011052
0.011052
0.00283066
0.00283066
-0.00726931
-0.00726931
-0.00320146
-0.00320146
-0.0215354
-0.0215354
-0.0196659
-0.0196659
-0.0155458
-0.0155458
-0.012142
-0.012142
-0.0191401
-0.0191401
-0.0313896
-0.0313896
-0.0293901
-0.0293901
-0.168646
-0.168646
-0.284033
-0.284033
0.992652
0.992652
0.919124
0.919124
0.135418
0.135418
0.524801
0.524801
0.531236
0.531236
0.528012
0.528012
0.532881
0.532881
0.536006
0.536006
0.536827
0.536827
0.534554
0.534554
0.531109
0.531109
0.521546
0.521546
0.523137
0.523137
0.519863
0.519863
0.520637
0.520637
-0.0956535
-0.0956535
-0.236095
-0.236095
-0.0648103
-0.0648103
-0.136729
-0.136729
0.147466
0.147466
0.629944
0.629944
0.369014
0.369014
0.305966
0.305966
0.300875
0.300875
0.527802
0.527802
0.930296
0.930296
0.717467
0.717467
0.694036
0.694036
0.708432
0.708432
-0.337192
-0.337192
0.0556056
0.0556056
-0.272007
-0.272007
0.346274
0.346274
0.170284
0.170284
0.663407
0.663407
0.713213
0.713213
0.735541
0.735541
0.682955
0.682955
0.635631
0.635631
-0.101674
-0.101674
0.559568
0.559568
-0.061398
-0.061398
-0.0115127
-0.0115127
0.188302
0.188302
0.0688626
0.0688626
0.691872
0.691872
0.663059
0.663059
0.66646
0.66646
0.683455
0.683455
0.700416
0.700416
0.669141
0.669141
0.652718
0.652718
0.647345
0.647345
0.679772
0.679772
0.683271
0.683271
0.497233
0.497233
0.259832
0.259832
0.211986
0.211986
0.173268
0.173268
0.647986
0.647986
0.533442
0.533442
0.587334
0.587334
0.502848
0.502848
0.524384
0.524384
0.527043
0.527043
0.525662
0.525662
0.507471
0.507471
0.51499
0.51499
0.510566
0.510566
0.516902
0.516902
0.520312
0.520312
0.529076
0.529076
0.529504
0.529504
0.524831
0.524831
0.526981
0.526981
-0.0435876
-0.0435876
-0.0467945
-0.0467945
-0.0212263
-0.0212263
-0.13097
-0.13097
-0.121879
-0.121879
-0.183464
-0.183464
-0.0569369
-0.0569369
0.0811211
0.0811211
0.0430915
0.0430915
0.240467
0.240467
0.346184
0.346184
0.0579009
0.0579009
-0.0538522
-0.0538522
-0.026143
-0.026143
0.0130018
0.0130018
0.184462
0.184462
0.21039
0.21039
0.0845544
0.0845544
0.173218
0.173218
0.161499
0.161499
0.144937
0.144937
0.246562
0.246562
0.251318
0.251318
-0.0127045
-0.0127045
-0.0169557
-0.0169557
-0.0201082
-0.0201082
-0.0218642
-0.0218642
0.0324687
0.0324687
0.102281
0.102281
0.112138
0.112138
0.0104233
0.0104233
0.0046074
0.0046074
-0.02515
-0.02515
-0.024645
-0.024645
-0.0106486
-0.0106486
-0.0148586
-0.0148586
-0.0112004
-0.0112004
0.0229232
0.0229232
-0.0401175
-0.0401175
-0.00806229
-0.00806229
0.00754716
0.00754716
0.0131972
0.0131972
0.0100417
0.0100417
0.00499865
0.00499865
0.52077
0.52077
0.523077
0.523077
0.522707
0.522707
0.530013
0.530013
0.548418
0.548418
0.564556
0.564556
0.520938
0.520938
0.50069
0.50069
0.491575
0.491575
0.494566
0.494566
0.467786
0.467786
0.477992
0.477992
0.473669
0.473669
0.487322
0.487322
0.508373
0.508373
0.517682
0.517682
0.515054
0.515054
0.517806
0.517806
0.500518
0.500518
0.502187
0.502187
0.488747
0.488747
0.492443
0.492443
0.467575
0.467575
0.448781
0.448781
0.436984
0.436984
-0.0308663
-0.0308663
0.0069541
0.0069541
-3.49821e-05
-3.49821e-05
-0.0285513
-0.0285513
0.000459407
0.000459407
-0.0121393
-0.0121393
0.00300737
0.00300737
0.0221431
0.0221431
0.00612318
0.00612318
0.00294605
0.00294605
-0.00717921
-0.00717921
-0.01394
-0.01394
-0.0130006
-0.0130006
-0.0702344
-0.0702344
0.0149116
0.0149116
-0.178435
-0.178435
-0.216222
-0.216222
-0.286024
-0.286024
0.894227
0.894227
1.01792
1.01792
0.81626
0.81626
0.589617
0.589617
0.607156
0.607156
0.850014
0.850014
0.935525
0.935525
0.551814
0.551814
0.741381
0.741381
0.765395
0.765395
0.588918
0.588918
0.854398
0.854398
0.52962
0.52962
0.529227
0.529227
0.52683
0.52683
0.526306
0.526306
0.527526
0.527526
-0.00308462
-0.00308462
0.100576
0.100576
0.102161
0.102161
0.162819
0.162819
0.279443
0.279443
0.392189
0.392189
0.319148
0.319148
0.193911
0.193911
0.325132
0.325132
0.328299
0.328299
0.62234
0.62234
0.635043
0.635043
0.590595
0.590595
0.61446
0.61446
0.614902
0.614902
0.431748
0.431748
0.507567
0.507567
0.559916
0.559916
0.516964
0.516964
0.568813
0.568813
0.589693
0.589693
0.545591
0.545591
0.577808
0.577808
0.528054
0.528054
0.482665
0.482665
0.478825
0.478825
0.429387
0.429387
0.449155
0.449155
0.425802
0.425802
0.408444
0.408444
0.519699
0.519699
0.49696
0.49696
0.507522
0.507522
0.497813
0.497813
0.517301
0.517301
0.541638
0.541638
0.538255
0.538255
0.570446
0.570446
0.581415
0.581415
0.501346
0.501346
0.457569
0.457569
0.466836
0.466836
0.497231
0.497231
0.458018
0.458018
0.472965
0.472965
0.489145
0.489145
0.234007
0.234007
0.135075
0.135075
0.217873
0.217873
-0.0705157
-0.0705157
0.00462802
0.00462802
-0.00944615
-0.00944615
-0.0572123
-0.0572123
-0.00820299
-0.00820299
0.27695
0.27695
-0.417223
-0.417223
-0.392949
-0.392949
-1.02279
-1.02279
0.503635
0.503635
0.962145
0.962145
0.639965
0.639965
0.613098
0.613098
0.6973
0.6973
0.679217
0.679217
0.684166
0.684166
0.701232
0.701232
0.705414
0.705414
0.638235
0.638235
0.654358
0.654358
0.656429
0.656429
0.619207
0.619207
0.642579
0.642579
0.66261
0.66261
0.659768
0.659768
0.529503
0.529503
0.393943
0.393943
0.390348
0.390348
0.341487
0.341487
0.211782
0.211782
0.24995
0.24995
0.450136
0.450136
0.37258
0.37258
0.297459
0.297459
0.298543
0.298543
0.46518
0.46518
0.352454
0.352454
0.421454
0.421454
0.45736
0.45736
0.388493
0.388493
0.342369
0.342369
0.54617
0.54617
0.611306
0.611306
0.603139
0.603139
0.577367
0.577367
0.493506
0.493506
0.507153
0.507153
0.531249
0.531249
0.566425
0.566425
0.592355
0.592355
0.623521
0.623521
0.516446
0.516446
0.52231
0.52231
0.523554
0.523554
0.521048
0.521048
0.518304
0.518304
0.521306
0.521306
0.521503
0.521503
0.524038
0.524038
0.524747
0.524747
0.527714
0.527714
0.526741
0.526741
-0.0336257
-0.0336257
-0.0215094
-0.0215094
-0.0345569
-0.0345569
-0.0426626
-0.0426626
-0.0109796
-0.0109796
-0.0148556
-0.0148556
0.0286591
0.0286591
0.015056
0.015056
-0.000468492
-0.000468492
0.00561018
0.00561018
-0.0207207
-0.0207207
-0.0249965
-0.0249965
-0.0200862
-0.0200862
-0.0109151
-0.0109151
0.106994
0.106994
0.119617
0.119617
0.103287
0.103287
0.0637579
0.0637579
0.253831
0.253831
0.384379
0.384379
0.457458
0.457458
0.333476
0.333476
0.226328
0.226328
0.249948
0.249948
0.270998
0.270998
-0.00121483
-0.00121483
0.0266876
0.0266876
0.0137467
0.0137467
0.0522274
0.0522274
0.0433928
0.0433928
-0.0187869
-0.0187869
-0.0233021
-0.0233021
-0.0208821
-0.0208821
-0.0138335
-0.0138335
-0.00477562
-0.00477562
-0.0213228
-0.0213228
-0.023549
-0.023549
-0.015418
-0.015418
-0.0194856
-0.0194856
-0.0196006
-0.0196006
-0.0229994
-0.0229994
0.502916
0.502916
0.496449
0.496449
0.498133
0.498133
0.492022
0.492022
0.490748
0.490748
0.504945
0.504945
0.509159
0.509159
0.511123
0.511123
0.516542
0.516542
0.518777
0.518777
0.508985
0.508985
0.514655
0.514655
0.5184
0.5184
0.00395264
0.00395264
-0.0202914
-0.0202914
-0.0237253
-0.0237253
-0.0112494
-0.0112494
-0.0155677
-0.0155677
-0.0146296
-0.0146296
-0.0167039
-0.0167039
0.124651
0.124651
0.0530729
0.0530729
0.0576174
0.0576174
0.011607
0.011607
-0.118264
-0.118264
-0.0607565
-0.0607565
0.492719
0.492719
0.492662
0.492662
0.485086
0.485086
0.72221
0.72221
0.571817
0.571817
0.492349
0.492349
0.589714
0.589714
0.694889
0.694889
0.276148
0.276148
0.474589
0.474589
0.308369
0.308369
0.890668
0.890668
0.785734
0.785734
0.932166
0.932166
0.544482
0.544482
0.246135
0.246135
0.405984
0.405984
0.45362
0.45362
0.263987
0.263987
0.337036
0.337036
0.33141
0.33141
0.219005
0.219005
0.250646
0.250646
0.286091
0.286091
0.38711
0.38711
0.267519
0.267519
0.243487
0.243487
0.00101402
0.00101402
0.190382
0.190382
0.304052
0.304052
0.285643
0.285643
0.412087
0.412087
0.474065
0.474065
0.26625
0.26625
0.187585
0.187585
0.141605
0.141605
0.609121
0.609121
0.627979
0.627979
0.643355
0.643355
0.615988
0.615988
0.636738
0.636738
0.580111
0.580111
0.568907
0.568907
0.587226
0.587226
0.59697
0.59697
0.591811
0.591811
-0.750404
-0.750404
-0.456989
-0.456989
-1.40282
-1.40282
-0.721301
-0.721301
-0.268264
-0.268264
0.534436
0.534436
0.501667
0.501667
0.770732
0.770732
0.652773
0.652773
0.702279
0.702279
0.687082
0.687082
0.645319
0.645319
0.613139
0.613139
0.632681
0.632681
0.659302
0.659302
0.354622
0.354622
0.465947
0.465947
0.441013
0.441013
0.446093
0.446093
0.347485
0.347485
0.278854
0.278854
0.578853
0.578853
0.57345
0.57345
0.607902
0.607902
0.631489
0.631489
0.601236
0.601236
0.632176
0.632176
0.51425
0.51425
0.513933
0.513933
0.513476
0.513476
0.509764
0.509764
0.508022
0.508022
0.510331
0.510331
0.0674655
0.0674655
0.0365851
0.0365851
0.0718937
0.0718937
0.0525099
0.0525099
0.0297773
0.0297773
0.0183198
0.0183198
0.00780467
0.00780467
-0.00191515
-0.00191515
-0.00841948
-0.00841948
-0.00944203
-0.00944203
0.00441624
0.00441624
0.00794719
0.00794719
0.170918
0.170918
0.110257
0.110257
0.0305248
0.0305248
0.060277
0.060277
0.000479656
0.000479656
-0.0681674
-0.0681674
-0.0857774
-0.0857774
0.0159916
0.0159916
0.110969
0.110969
0.101627
0.101627
0.406624
0.406624
0.657725
0.657725
0.477658
0.477658
0.644987
0.644987
0.486425
0.486425
0.542248
0.542248
0.474248
0.474248
0.466041
0.466041
0.492454
0.492454
0.382614
0.382614
0.462335
0.462335
0.24222
0.24222
-0.264917
-0.264917
-0.173473
-0.173473
0.790739
0.790739
0.804855
0.804855
0.586449
0.586449
0.406588
0.406588
0.174976
0.174976
0.357475
0.357475
0.550419
0.550419
0.483161
0.483161
0.520132
0.520132
0.589212
0.589212
0.578245
0.578245
0.0233339
0.0233339
0.0850595
0.0850595
0.360544
0.360544
0.587895
0.587895
0.240503
0.240503
0.231467
0.231467
0.225642
0.225642
0.405496
0.405496
0.326179
0.326179
))
(300 (2 1 3 0 0 1 918)(
0.985162 -0.000504309 0 
0.00501458 2.96625 0 
0.0083762 0.87472 0 
0.979703 0.00214735 0 
-0.0110249 2.06819 3.50369e-20 
-0.00704664 2.9488 -2.49248e-18 
0.811055 1.15072 4.40008e-19 
0.204341 0.10236 -1.54625e-20 
0.999908 -0.0002812 0 
0.0612449 0.774785 0 
0.0111491 0.578737 0 
0.734836 -0.0179082 0 
0.0110997 2.9304 0 
0.00246154 2.79509 0 
-0.0177047 3.15201 7.75612e-19 
-0.0206281 1.91065 3.97793e-22 
0.286831 0.0354879 1.02741e-18 
0.186124 1.15107 3.13767e-19 
0.962747 0.00501956 0 
0.000928117 0.512797 0 
0.0207444 0.136043 -7.27616e-19 
1.00198 -0.00497821 0 
1.00022 -0.00978888 0 
0.975731 -0.00643949 0 
0.585405 -0.0300431 0 
0.0153607 2.64104 0 
-0.0149295 2.91003 9.18667e-19 
0.0103188 0.933359 0 
-0.0108598 1.17584 0 
0.0116132 0.913649 0 
-0.0114171 2.60486 0 
6.78995e-05 2.12135 -2.79834e-20 
-0.00991052 1.89618 0 
-0.020609 2.9876 -8.9662e-23 
-0.0166872 3.00529 1.93709e-18 
0.00209823 3.00018 0 
0.871046 -0.00958555 0 
0.40463 0.93687 1.82247e-19 
0.794231 1.166 -4.98869e-19 
0.94584 1.01031 5.40881e-19 
0.664793 1.257 -1.01734e-19 
0.666288 1.23429 5.86997e-19 
0.240239 0.168149 1.5085e-20 
0.217439 0.0763307 0 
1.14658 0.55646 0 
0.209368 0.159532 6.87782e-20 
0.176662 0.100577 -7.13685e-20 
0.919839 -0.00744698 0 
1.00027 0.000156465 0 
0.99991 0.000335582 0 
1.00363 -0.00776634 0 
1.00096 -0.000920626 0 
1.00017 3.33842e-05 0 
0.0749098 1.81922 -7.89246e-19 
0.0283833 0.973699 0 
0.0947404 0.845079 0 
0.0133556 0.92801 0 
0.0357926 0.706383 0 
0.00844536 2.00365 0 
-0.0011031 0.825256 0 
0.0115616 0.590908 0 
9.53101e-05 0.816062 0 
0.0078318 0.567741 0 
0.840216 -0.0158536 0 
0.843548 0.0304389 0 
0.767574 -0.00678937 0 
0.81094 0.0405087 0 
0.705029 -0.0197833 0 
0.0146848 3.00041 9.24238e-19 
0.0114895 3.00803 0 
0.00611071 3.00276 0 
0.0135312 2.99735 1.04896e-23 
0.00797103 2.95848 -1.37364e-18 
0.0144971 2.98207 0 
0.0108686 2.90356 0 
0.024353 2.93092 2.10978e-24 
0.00467426 2.82501 0 
0.0302399 2.91647 0 
-0.00485124 2.74507 0 
0.306735 3.54686 0 
-0.13172 3.62789 0 
0.138683 3.24231 -7.21785e-19 
-0.0131813 2.97933 0 
-0.0187883 1.9861 0 
-0.00542928 2.16829 -3.92347e-22 
-0.0136523 1.91794 -6.89431e-21 
0.384393 0.144463 -3.56212e-19 
0.306899 0.0215208 -3.45149e-19 
0.351904 0.15387 -1.0689e-18 
0.261039 0.0415095 -6.99997e-19 
0.226494 0.972377 0 
0.267559 1.2965 -3.65749e-19 
0.360109 1.22621 6.09176e-19 
0.987455 0.008559 0 
0.941898 0.0058327 0 
1.0003 0.000578936 0 
1.00286 0.00930698 0 
1.00302 0.00846515 -2.76067e-18 
0.991911 0.00969818 2.08476e-18 
-0.00300863 0.805528 0 
0.00281233 0.527231 0 
-0.0353029 0.999468 0 
-0.0229235 0.83994 0 
0.00318432 0.507097 0 
0.0390999 0.140734 2.2474e-19 
0.107239 0.11398 0 
0.993546 -0.00837719 0 
0.954441 -0.00652456 0 
0.755619 0.0470285 0 
0.690685 0.0558572 0 
0.664259 -0.0309605 0 
0.966649 -0.00792766 0 
0.603224 0.0730685 0 
0.444331 -0.0113879 1.54481e-18 
-0.0373603 2.86181 6.83404e-19 
0.0413059 2.90959 0 
0.0536562 2.88598 0 
-0.00452146 2.70023 0 
-0.0131522 2.98528 8.70182e-19 
-0.0178431 2.89512 0 
-0.01535 2.98808 -2.69737e-18 
-0.0133211 2.9252 9.23198e-19 
-0.0154346 1.34423 0 
0.00601164 1.37263 0 
-0.00613828 2.13639 3.01454e-22 
-0.00483161 2.10044 0 
-0.0228917 1.90204 0 
0.938314 -0.00751343 0 
0.856987 -0.00989228 0 
0.863333 0.00598532 0 
0.949408 -0.00790476 0 
0.883865 -0.00815785 0 
0.516415 1.1301 -2.30106e-19 
0.565544 1.18109 0 
0.36906 0.881919 3.39863e-20 
0.311357 0.740824 0 
0.906256 1.04923 -1.48712e-19 
1.02271 0.859483 2.99187e-19 
0.351826 1.34804 0 
0.519437 1.31372 0 
0.542908 1.25779 0 
0.118955 0.184944 -3.02984e-19 
0.269515 0.16042 0 
0.239648 0.0767626 1.97429e-19 
0.994205 0.914272 0 
1.06748 0.769775 0 
1.09237 0.711398 -2.33601e-19 
1.12604 0.615715 0 
1.17684 0.401459 5.62399e-20 
0.957644 -0.00876218 0 
0.962451 -0.0100749 0 
0.901637 -0.00796926 0 
0.984187 -0.00916261 0 
0.974679 -0.00936135 0 
0.9371 -0.00636662 0 
1.00019 0.00233659 0 
1.0009 0.00140977 0 
0.99991 0.00085295 0 
0.0350859 2.07086 4.36692e-19 
0.119534 1.76209 0 
0.0170713 2.18513 6.75327e-19 
0.0480596 1.87295 -5.66599e-19 
0.101231 1.15946 -2.56877e-19 
0.0441992 1.04764 0 
0.141286 0.998685 0 
0.00828238 0.885864 0 
0.0160659 0.655906 0 
-0.00113955 2.23633 -1.00398e-21 
0.0173529 2.00788 0 
-0.00163229 2.2376 -4.16759e-20 
0.0102406 2.01263 7.01996e-20 
0.00358432 0.858135 0 
0.00128617 0.840533 0 
0.00918055 0.616104 0 
-0.000714221 0.812832 0 
0.00899254 0.5497 0 
0.937124 0.00951505 0 
0.848321 -0.0149536 0 
0.926653 0.000181655 0 
0.841516 -0.0129671 0 
0.812071 -0.000343484 0 
0.900207 0.0210131 0 
0.875353 0.0255948 0 
0.788827 -0.00308663 0 
0.00568714 3.06483 -8.62962e-21 
0.0167294 3.0578 0 
0.0147089 2.96903 0 
0.00865549 2.87618 0 
0.923196 3.96135 0 
1.23723 3.29464 9.29226e-19 
0.0695637 3.07145 0 
-0.0287605 2.90363 0 
-0.000849046 1.39376 0 
-0.0219059 1.69099 0 
-0.00919475 1.52688 0 
-0.0263378 2.56053 -5.56696e-21 
-0.00745407 2.24426 0 
-0.0153525 2.39628 0 
0.00126872 1.9406 1.25662e-21 
-0.00248409 2.23666 4.39256e-21 
-0.00418003 2.20163 6.89059e-21 
-0.00717005 1.92707 0 
0.427183 0.127518 5.41687e-19 
0.35268 0.0120763 -5.31688e-19 
0.259743 1.58271 0 
0.274455 0.745974 -3.16028e-19 
0.177023 1.66895 -1.05545e-18 
0.226526 1.21156 1.05787e-18 
0.902123 0.00641998 0 
0.967451 0.0110904 0 
0.974579 0.0107908 0 
0.92337 0.00643307 0 
-0.00372721 0.814039 0 
0.00463338 0.808562 0 
0.00220134 0.535512 0 
0.179157 0.150232 6.35074e-19 
0.148871 0.136937 -7.49729e-19 
0.145425 0.104536 0 
1.09272 0.0845896 2.78005e-20 
1.07492 0.0385099 0 
1.00888 0.0391767 0 
0.904079 -0.00629001 0 
0.472116 0.107617 0 
0.525111 0.0878303 -2.46941e-18 
0.395207 0.00720277 9.24138e-19 
0.00882323 2.98095 7.31543e-19 
-0.0326577 2.86565 4.70505e-20 
0.00361912 3.05021 -1.82602e-20 
0.0202191 3.04339 6.49717e-19 
-0.0150213 2.99658 3.03083e-20 
-0.0129439 2.94948 -1.21965e-22 
-0.0172498 3.01194 -5.60695e-19 
0.0148444 3.02384 4.05541e-19 
0.00735674 3.03676 -6.42544e-19 
0.933369 -0.00142224 0 
0.939054 -0.00338494 0 
0.845267 -0.00943865 0 
0.95662 0.0118392 0 
0.942835 0.0131263 0 
0.881671 0.00595838 0 
0.917401 0.0169439 0 
0.926164 0.0148798 0 
0.838569 0.00286339 0 
0.719014 1.40763 3.92056e-20 
0.752293 1.5164 0 
0.185567 0.322258 7.1557e-20 
0.224541 0.666354 5.77341e-19 
0.262281 0.722227 -3.36419e-19 
0.265643 0.530266 6.68783e-19 
0.341621 0.80378 1.59327e-18 
0.137903 0.227466 3.74945e-19 
0.322182 0.16108 7.42298e-19 
0.296465 0.162607 1.93658e-19 
0.248293 0.0592516 3.68034e-19 
1.16605 0.459135 5.05792e-20 
1.18312 0.253717 4.58145e-20 
0.00910907 2.23244 2.62586e-19 
0.0421801 1.9394 0 
0.967944 0.0288312 0 
0.941406 0.0135835 0 
0.866674 -0.0182643 0 
0.0111808 3.07421 0 
0.0196136 2.94404 1.19062e-18 
0.0164365 2.95626 0 
0.00641532 2.85063 -1.18097e-18 
0.00633106 3.09104 2.89008e-19 
0.00726279 3.08275 0 
0.785224 1.81837 -1.59453e-19 
1.24513 2.49486 4.06034e-19 
0.767261 1.9578 -1.23417e-18 
0.0198178 2.98052 -6.32193e-19 
0.0355931 3.00006 0 
-0.0341996 2.8772 0 
-0.00307562 2.21756 -1.28926e-20 
-0.0021993 2.23969 -1.36996e-20 
0.0040294 1.9746 -7.40959e-21 
0.277102 1.39065 1.02785e-18 
0.233743 0.536554 -7.05011e-19 
0.0634954 1.99577 7.7173e-19 
0.135641 1.88287 -9.18484e-19 
0.180206 1.50388 9.35919e-20 
0.00261127 3.11833 -1.80508e-18 
0.0169121 3.11789 1.93371e-18 
-0.00913815 2.98097 8.00805e-19 
-0.00336933 2.97733 -7.57924e-19 
-0.021197 2.88132 -8.15598e-19 
0.00863302 3.09925 -2.14916e-18 
0.00213914 3.10667 2.09657e-18 
0.278981 0.692507 0 
0.245444 0.68209 -1.19533e-18 
0.0965128 0.225747 5.30526e-19 
0.354548 0.929625 1.11235e-18 
0.193022 0.272369 -1.71503e-18 
1.17697 0.17269 6.68944e-20 
1.18372 0.307939 0 
1.1653 0.121048 -1.15754e-20 
0.00102159 2.2486 -1.6453e-21 
0.00413273 2.24143 0 
0.0262012 1.97459 0 
0.340124 1.29961 -3.69584e-19 
0.372102 1.14087 -8.01123e-19 
0.207278 0.372083 1.42731e-18 
1.00588 -0.0108448 0 
1.00767 -0.0076433 5.09386e-19 
-0.0120329 1.32358 0 
-0.0273311 1.31693 0 
1.00222 0.00350534 1.80618e-21 
1.00366 0.00945743 1.03985e-18 
-0.0149131 2.54385 7.05192e-21 
-0.0209402 2.587 0 
0.0351943 3.17761 4.20418e-19 
0.392858 3.48721 0 
1.16765 0.656926 -6.29048e-20 
1.01289 0.013106 -2.14375e-21 
1.02129 -0.0103393 0 
1.0017 0.000119249 7.44781e-23 
0.102988 1.36015 0 
0.144071 2.57559 0 
0.0258346 1.30662 0 
-0.00114918 2.62435 3.99114e-20 
-0.0218161 2.58008 1.45999e-20 
1.00012 0.0293443 2.51419e-21 
1.06242 0.00415969 0 
1.09621 0.0240964 0 
-0.0215926 1.73316 0 
-0.0162141 2.58383 0 
0.00169807 1.30733 0 
0.300084 1.47381 -1.65713e-19 
1.01128 -0.00963647 0 
1.0094 -0.0149188 0 
1.00237 0.000736164 6.50861e-19 
1.00547 -0.00481482 -7.65083e-19 
1.00118 -0.000985859 0 
-0.00605086 1.45855 0 
-0.000112027 1.37045 0 
8.23249e-05 1.41662 0 
-0.00221329 1.2955 0 
-0.00921256 1.27943 0 
0.00111304 1.26217 0 
1.03481 -0.00621399 0 
1.0201 0.0156368 -8.70118e-22 
0.816679 1.26458 2.53248e-19 
1.00224 0.000302699 -6.48725e-19 
1.00407 0.00524913 7.59089e-19 
1.00117 0.00206581 0 
1.01277 0.0103251 6.45301e-19 
1.008 0.00829973 -7.81819e-19 
1.00857 0.0146894 0 
-0.0212421 2.61298 0 
-0.022912 2.59376 -1.16453e-20 
-0.02061 2.6074 8.30871e-21 
1.23277 0.263831 5.98859e-19 
1.15911 0.0851999 0 
0.0416982 3.07751 -9.33836e-19 
0.0649595 2.85527 -6.79394e-20 
0.140129 3.19222 1.42972e-18 
0.135455 3.22058 -2.05163e-19 
0.134017 3.23205 0 
0.0197968 3.13731 2.41289e-19 
0.0754625 3.16023 9.21046e-19 
0.0682738 3.18555 -4.54713e-19 
0.0221218 3.12998 0 
0.611172 0.277477 0 
0.536887 0.316105 0 
1.13794 0.692927 1.4772e-19 
1.13321 0.813449 -1.36869e-19 
1.19459 0.579745 0 
1.22268 0.514393 0 
1.0161 0.0133351 -1.20291e-18 
1.01499 0.0142649 1.50993e-18 
1.02529 -0.00987407 0 
1.02335 -0.011903 0 
1.00643 0.00259301 0 
1.01042 0.00371016 0 
1.00458 0.00185087 0 
1.0098 0.00620555 0 
1.00783 0.00595452 0 
1.00451 0.00468504 0 
0.0917784 1.35753 0 
0.0856767 1.32657 0 
0.123023 1.39419 0 
0.138089 1.40317 0 
0.144932 2.60049 0 
0.185335 2.66932 -4.30532e-19 
0.100281 2.65633 0 
0.0846588 2.65848 2.05065e-19 
0.0374607 2.67967 -1.63672e-19 
0.0158578 1.31565 0 
0.0183111 1.2448 0 
0.0194645 1.32601 0 
0.0332933 1.26945 0 
0.000914848 1.98246 -8.63725e-21 
-0.0204997 2.60813 -5.45827e-21 
-0.0095287 2.66573 2.8571e-20 
-0.0188936 2.6839 0 
-0.0226853 2.61373 -3.24633e-20 
-0.0227992 2.60851 -3.61556e-21 
0.009745 1.98108 8.96376e-21 
-0.00778366 2.39579 7.32332e-21 
-0.0142873 2.4182 -3.24043e-20 
1.01033 0.037296 1.22797e-18 
1.00562 0.0161204 -1.51692e-18 
1.00145 0.0446772 -1.22917e-18 
0.97777 0.0222608 1.56866e-18 
1.06365 0.00796392 0 
1.04892 -0.00849755 0 
1.0933 0.034155 0 
1.07358 0.0123821 0 
1.07137 7.95058e-05 0 
1.13902 0.0816623 0 
1.11037 0.0436249 0 
1.11363 0.0316261 0 
-0.0202568 2.43316 -1.2255e-22 
-0.00723214 2.00589 0 
-0.010797 2.21395 0 
-0.0179442 2.60443 -4.53461e-21 
-0.0159311 2.61382 -5.43855e-23 
0.00733606 1.56684 -2.36342e-20 
0.000473076 1.4968 2.40653e-20 
-0.00906819 1.387 0 
-0.0116106 1.3939 0 
-0.0145605 1.38878 0 
0.000644999 1.30845 0 
0.0118697 1.2359 0 
0.379652 1.4902 2.68731e-19 
0.420952 1.49187 1.43125e-19 
0.598203 2.45048 -2.40575e-19 
0.400431 2.54625 7.09521e-19 
0.351481 2.06299 7.19612e-20 
1.02101 -0.00816508 0 
1.01548 -0.00977421 0 
1.0149 -0.0155101 0 
1.00742 -0.00112873 0 
1.00493 -0.000930049 0 
1.00777 -0.00472418 0 
1.00925 -0.00366913 0 
1.01419 -0.00443338 0 
1.02084 0.0161946 1.17801e-18 
1.01785 0.0156273 -1.50811e-18 
1.02121 0.0181761 -1.18695e-18 
1.01899 0.0168165 1.48362e-18 
0.778713 1.31565 0 
0.715095 1.36573 2.3902e-19 
0.891414 1.21584 9.09759e-20 
0.937824 1.16096 -1.21069e-19 
1.15717 2.60425 2.84404e-19 
0.784645 0.117754 6.02125e-19 
1.16142 0.106863 0 
1.2089 0.19152 -4.81438e-19 
1.19539 0.153293 -2.04299e-20 
1.00537 0.153809 0 
0.131959 2.95909 5.46618e-19 
0.108869 2.865 -1.18568e-18 
0.0182956 2.37539 7.95459e-19 
0.0906859 -0.0881081 -3.49662e-19 
0.337749 3.41687 -2.10538e-19 
0.192497 3.31043 0 
0.235831 3.35163 2.74194e-19 
0.241798 3.03216 -1.81458e-18 
0.336142 3.19105 0 
0.0056616 3.12114 4.68958e-20 
0.0157281 3.12982 -5.5294e-19 
0.0139899 3.12588 8.13809e-19 
0.0348462 3.14009 0 
0.0333466 3.15029 0 
1.21382 2.60254 0 
0.543759 0.817041 -5.32808e-19 
1.06024 0.985659 -7.74886e-22 
0.995103 1.07038 0 
0.848065 0.969169 -1.13266e-19 
1.08461 0.887722 2.8315e-20 
0.345704 0.361835 -9.00366e-19 
0.669971 0.31383 -1.93886e-20 
0.609861 0.218474 4.21268e-19 
0.56189 0.351013 3.10443e-20 
0.465035 0.30789 -1.24849e-18 
0.6355 0.321797 0 
0.700422 0.418075 7.15846e-19 
0.708704 0.420801 0 
0.596381 0.34425 0 
0.544325 0.25843 0 
0.810846 0.616764 4.22108e-19 
1.23291 0.285703 -5.0572e-19 
1.23224 0.423842 0 
1.2414 0.364497 0 
0.720148 0.190141 6.26376e-19 
0.858537 0.543789 -3.87935e-19 
0.757074 0.514299 6.88264e-19 
0.953746 0.435986 -7.56296e-19 
1.01946 0.0148377 8.08763e-19 
1.01771 0.0142844 -8.13849e-19 
1.01592 0.0154624 0 
1.03627 -0.00575748 0 
1.02976 -0.00847269 -7.62447e-19 
1.02779 -0.0120413 7.54894e-19 
1.02494 0.0101895 0 
1.0235 0.0138788 0 
1.01141 0.00410559 0 
1.01424 0.00907942 0 
1.01513 0.00406336 0 
1.01424 0.00282968 0 
0.0628475 1.34214 0 
0.0665465 1.29704 0 
0.143173 1.37092 2.77124e-21 
0.272614 1.47053 8.62789e-20 
0.165706 1.44143 1.80064e-19 
0.197831 1.4481 -2.94478e-19 
0.164976 1.3959 0 
0.131973 1.59643 -7.72892e-20 
0.115574 1.57103 0 
0.349188 2.01494 -1.04621e-19 
0.344556 2.34779 6.21716e-19 
0.189052 1.45516 6.73862e-20 
0.261406 1.38614 2.15137e-20 
0.197355 1.37525 -1.74218e-20 
0.273201 1.32992 -1.0518e-19 
0.240799 1.57939 0 
0.263796 1.61843 1.14024e-19 
0.0295981 2.26568 -3.32409e-20 
0.0423356 2.66963 0 
0.0649307 2.40263 1.42572e-19 
0.0611406 2.42321 0 
0.0685692 2.67207 -2.27174e-19 
0.0481718 2.69955 0 
0.0260225 1.42036 1.77138e-20 
0.032596 1.47175 0 
0.0283233 1.38916 0 
0.0231033 1.3927 -1.99868e-20 
-0.000682763 2.65227 -1.70608e-20 
0.0284164 2.69807 1.85503e-19 
0.0093603 2.72209 1.3119e-21 
0.0018896 1.83082 8.9182e-21 
-0.0041339 1.68323 2.42473e-21 
0.0146816 1.29828 0 
0.0186458 1.22187 0 
0.0454578 1.57958 -1.15944e-20 
0.0285034 1.45441 -1.70213e-20 
0.0353363 1.51876 2.14894e-20 
0.0382517 1.60361 0 
-0.0258592 2.26676 6.63893e-20 
-0.0264218 2.54949 -2.69777e-20 
-0.0142503 2.44464 2.64338e-22 
-0.00300349 1.84725 -1.08086e-20 
-0.023957 2.49774 -3.25526e-21 
-0.0200615 2.44104 2.14923e-20 
1.01908 0.0210543 -8.0464e-19 
1.01504 0.0268993 8.08989e-19 
1.01408 0.0163231 0 
1.01224 0.0714338 1.13572e-18 
0.989363 0.0600946 -1.27926e-18 
0.946405 0.0450301 1.43225e-18 
1.01384 0.109964 -1.51318e-19 
1.04261 -0.00578183 0 
1.05086 -0.00151176 7.27444e-19 
1.03891 -0.00989993 -7.28867e-19 
1.07092 0.0418119 -4.33029e-20 
1.0643 0.0234334 3.73288e-19 
1.06325 0.0559168 0 
1.05323 0.0492091 -1.34225e-19 
1.03247 0.0423041 0 
1.02561 0.0385887 0 
1.02782 0.0131895 0 
1.02403 0.0159229 0 
1.03976 0.0319691 2.76387e-19 
1.03881 0.0267979 -6.10854e-19 
1.05093 0.0337358 -2.92972e-19 
1.04817 0.0337448 -3.22705e-19 
1.07085 0.0638995 6.29934e-19 
1.09592 0.05174 0 
1.10437 0.0950798 0 
-0.0206692 2.27202 4.03973e-20 
-0.017926 2.01308 -5.90606e-22 
-0.0145473 2.01936 0 
-0.0230637 2.44488 -4.02112e-20 
-0.0170079 2.40124 7.16248e-22 
-0.0286902 2.47442 3.34178e-21 
-0.0195773 2.62149 2.53491e-21 
-0.0202482 2.56292 -1.00569e-21 
-0.0195789 2.51353 1.58499e-21 
-0.0140924 2.61613 2.68848e-21 
-0.0196013 2.6177 -1.70541e-21 
-0.00178353 1.4855 -3.43364e-22 
0.00849733 1.61561 -1.86499e-20 
0.36467 1.43909 -1.13135e-19 
0.366248 1.37602 3.71703e-20 
0.655191 1.41617 -2.3142e-19 
0.521585 1.48416 -1.40759e-19 
0.579915 1.44936 0 
0.593892 2.42734 2.07722e-19 
0.661641 2.4213 3.38643e-19 
0.411416 2.51762 8.67008e-20 
0.402886 2.54285 -6.17266e-19 
0.511219 2.48543 6.15393e-19 
0.553654 2.46427 0 
0.489324 2.52104 -5.6236e-19 
0.248279 2.5937 1.15926e-18 
0.354628 2.56649 -7.88433e-20 
0.284255 2.65531 -1.60164e-18 
0.94699 2.37965 7.30058e-19 
0.838022 2.3849 0 
1.01105 0.000466374 2.64089e-20 
1.0153 -0.00543729 -2.14266e-20 
1.01763 -0.00356399 -3.91368e-19 
1.015 -0.000914147 3.93448e-19 
1.01242 0.00116994 0 
0.643511 1.28707 0 
0.668325 1.18422 0 
0.780536 1.0967 0 
0.660994 1.14641 0 
1.1867 2.61812 5.95388e-20 
1.07549 2.36529 0 
0.837819 2.17417 3.84638e-21 
0.825913 2.44021 0 
0.923252 2.5322 -4.23271e-19 
0.958826 2.48798 2.81613e-19 
0.807585 0.176124 0 
0.762317 0.150612 1.63448e-19 
0.915969 0.148087 9.52008e-19 
0.830722 0.149759 -3.56437e-19 
0.791466 0.0851587 -1.09942e-18 
1.07967 0.236346 -9.05963e-19 
0.996572 0.294934 -1.61848e-20 
0.929268 0.29768 8.71644e-19 
1.0077 0.226937 7.28592e-19 
0.950581 0.193091 -1.26206e-18 
0.914986 0.19655 1.57735e-19 
0.95454 0.259358 -3.35464e-19 
0.929826 0.221497 0 
0.992948 0.188836 6.22413e-19 
1.04705 0.18997 0 
1.04362 0.217055 0 
1.10559 0.118695 2.92956e-19 
1.07109 0.177228 -1.45945e-20 
1.07401 0.23729 -1.59365e-19 
1.10137 0.203657 0 
1.02292 0.0463925 6.23585e-19 
1.0398 0.0592444 7.77512e-19 
1.03375 0.0446854 -6.18518e-19 
1.0425 0.0660479 -5.21114e-19 
1.01901 0.0737191 -7.98638e-19 
0.987919 0.160681 0 
0.998037 0.106069 0 
0.964889 0.0679932 -5.10124e-19 
0.910053 0.0918421 2.00271e-19 
1.03929 0.105394 7.20228e-19 
1.06894 0.121819 -8.44827e-19 
1.07495 0.154982 7.5425e-19 
1.02901 0.145372 0 
1.07447 0.110136 0 
1.05458 0.0907332 -3.4565e-19 
1.04376 0.0957876 -5.89199e-19 
0.58269 1.06915 1.40983e-19 
0.609384 1.39524 -4.24913e-20 
1.15663 2.73365 -2.27989e-19 
1.22256 3.07562 1.69093e-21 
1.24872 2.71691 -1.28067e-19 
1.27778 2.70051 -3.1086e-20 
1.20585 2.3414 -1.0724e-20 
1.21011 2.9796 -9.3261e-20 
1.22999 2.94494 2.34555e-19 
1.21308 3.22888 -1.4359e-19 
1.37329 2.96045 1.98489e-19 
1.36288 2.87872 0 
0.554252 0.82458 -5.02946e-20 
0.124053 1.23945 5.75064e-19 
0.543306 0.402504 5.83937e-19 
0.382605 0.150208 6.41197e-19 
0.500858 0.345727 7.05594e-19 
0.542392 0.450202 -1.1369e-18 
0.545037 0.449537 9.29481e-19 
0.482247 0.358325 -3.54373e-19 
0.383436 0.289829 8.04148e-19 
0.72889 0.260347 -3.60353e-19 
0.690306 0.282446 0 
0.65667 0.202019 8.00458e-21 
0.735867 0.506245 3.76579e-19 
0.708313 0.474848 -1.37234e-18 
0.614241 0.452852 1.34863e-20 
0.619491 0.442441 0 
0.683568 0.719016 4.01726e-19 
0.845588 0.774114 4.04558e-19 
0.769938 0.856 -4.73127e-19 
0.892516 0.811442 -1.59452e-19 
0.923738 0.855592 -3.90353e-20 
0.930968 0.855461 3.99725e-20 
0.855876 0.651695 -6.99447e-19 
0.938583 0.70684 1.48115e-19 
0.997873 0.722656 0 
0.988611 0.699559 -2.01376e-19 
1.02588 0.33507 2.17754e-19 
1.1438 0.300561 2.96641e-19 
1.06674 0.27384 3.70592e-19 
1.01245 0.367463 -4.3963e-19 
1.06138 0.433404 0 
1.11876 0.416496 0 
0.920452 0.369656 4.09902e-21 
0.842143 0.30085 0 
0.882647 0.298448 4.10761e-19 
0.910819 0.304821 -6.19958e-21 
0.94761 0.438833 2.10739e-18 
0.90621 0.496112 5.43968e-19 
0.910307 0.461686 -5.78919e-19 
0.830902 0.446264 6.2023e-19 
0.813617 0.439495 3.72511e-19 
0.782354 0.421233 -3.66242e-19 
1.02733 -0.000341653 6.51962e-19 
1.02 -2.82168e-05 0 
1.01852 0.000900507 4.25053e-19 
1.02168 -0.00167514 -9.6284e-19 
1.02231 0.00436189 4.67727e-19 
1.02036 0.0113286 -9.79573e-19 
1.02129 0.01071 0 
1.02057 0.0109489 -2.04136e-19 
1.01596 0.00774476 5.12126e-19 
1.01667 0.0105155 -2.55521e-19 
1.01737 0.00986495 1.88191e-19 
0.0285747 1.31886 0 
0.0339022 1.36197 0 
0.0432327 1.3195 0 
0.0478026 1.27619 0 
0.0707872 1.38453 -3.13564e-20 
0.0779134 1.3543 1.65659e-20 
0.111836 1.52223 -1.70829e-20 
0.0940506 1.36758 -2.30174e-21 
0.0333649 1.459 -2.83864e-21 
0.037443 1.45178 2.37323e-21 
0.0625148 1.36901 -8.15845e-21 
0.0546647 1.37052 3.05504e-20 
0.048694 1.3463 4.3778e-21 
0.0388794 1.36966 1.04555e-21 
0.106502 2.37308 -1.57425e-19 
0.0952417 2.41994 0 
0.170244 2.04771 1.09899e-19 
0.110216 1.70922 4.20985e-20 
0.231568 2.04312 -9.07557e-20 
0.203039 2.43581 0 
0.264298 2.38615 -6.06409e-19 
0.303664 2.38391 4.29366e-19 
0.229989 2.00365 -2.52044e-19 
0.153934 2.16374 1.70074e-19 
0.142419 2.27377 0 
0.016143 1.87814 -1.1096e-20 
-0.00215152 2.39616 -5.76347e-20 
0.00371748 2.15076 0 
0.00971332 2.45852 -1.34441e-20 
0.026087 2.30327 1.71252e-20 
0.0153822 1.40178 -3.81757e-21 
0.0143074 1.38725 6.68662e-20 
0.0143253 1.39207 -2.3641e-20 
0.0201684 1.3928 -1.68736e-20 
0.0251479 1.42411 0 
0.0106816 1.37381 0 
0.00320066 1.29064 -2.48847e-20 
0.0125078 1.36517 6.76528e-21 
0.0132515 1.36566 0 
0.0087321 1.28365 -1.76631e-20 
0.0154673 1.21215 3.71111e-20 
1.04056 0.011633 0 
1.04665 0.00790427 -6.82537e-20 
1.03854 0.0216865 -4.92356e-19 
1.04823 0.0205044 0 
1.05207 0.0203381 0 
1.03625 0.0117996 -6.71972e-21 
1.03096 0.0116444 7.91159e-19 
1.03171 0.0165282 9.59013e-19 
1.02562 0.0204117 0 
1.02264 0.0207991 0 
1.03507 0.0253705 4.91021e-19 
1.02588 0.0266419 0 
1.02398 0.0266916 0 
-0.0158826 2.01781 0 
0.005067 1.64624 -3.7083e-21 
-0.00221239 1.75318 -2.35937e-20 
0.00480621 1.37688 0 
-0.00392044 1.54622 -8.34335e-21 
-0.00401445 1.45503 6.20799e-21 
2.18264e-05 1.38979 0 
0.392554 1.66223 0 
0.370276 1.30522 -7.18924e-20 
0.303783 1.34511 0 
0.42444 1.30662 9.4729e-21 
0.46985 1.46276 0 
0.451297 1.40963 2.29883e-20 
1.03679 2.6817 -1.54631e-20 
0.967929 2.4088 -9.17726e-19 
0.920341 2.19467 1.0374e-18 
0.851813 2.37682 2.42739e-19 
0.848404 2.49266 0 
0.918387 2.48838 0 
0.930297 2.3734 0 
0.909095 2.36203 -9.46173e-19 
0.689273 2.45868 -3.95347e-19 
0.801625 2.44825 -9.78703e-20 
0.812371 2.42215 7.44462e-20 
0.696066 2.39473 0 
0.800856 2.39001 0 
0.75927 2.40314 -3.69089e-19 
0.769033 2.48309 0 
0.627689 1.09661 0 
0.484176 0.912989 -5.07887e-19 
0.562004 0.950335 -3.22243e-20 
0.523717 1.04712 0 
0.523936 0.992844 7.61984e-19 
0.791971 0.879626 -1.32754e-19 
0.803292 1.01627 0 
0.777825 0.981227 1.90818e-19 
0.66188 1.03309 0 
0.664125 0.93689 0 
1.16529 2.75626 -2.31949e-19 
1.14289 2.81952 -9.83367e-20 
0.931825 2.33662 1.025e-19 
0.899633 2.31624 -8.39592e-20 
1.13069 2.72971 0 
1.08432 2.69948 1.01038e-19 
1.09078 2.48367 -3.17219e-19 
0.985628 2.23548 -3.06843e-20 
0.498544 1.34545 0 
0.513199 1.07253 -1.24321e-19 
0.576144 1.1714 0 
0.857321 0.240358 0 
0.77624 0.191396 0 
0.707481 0.154679 0 
0.850173 0.240773 -6.46535e-19 
0.74798 0.230279 3.7579e-19 
0.926876 0.078359 -4.1343e-19 
0.940451 0.125022 0 
0.92152 0.137573 1.77753e-19 
0.858102 0.112653 7.13173e-19 
0.824528 0.0704931 -4.46171e-19 
1.15907 3.35405 -7.20453e-19 
1.20756 3.27341 0 
1.15691 3.38266 -1.48855e-18 
0.644704 3.54378 1.26388e-18 
0.868096 3.11201 7.19236e-20 
0.52057 0.823684 6.0656e-19 
0.429743 0.821319 0 
0.322103 0.438222 -1.51346e-19 
0.459614 0.661321 8.64646e-19 
0.545627 0.405304 -2.03519e-19 
0.512182 0.479142 2.35969e-19 
0.666672 0.516175 5.07873e-19 
0.701124 0.548331 0 
0.652316 0.588242 0 
0.611889 0.53375 0 
0.999479 0.60951 9.44872e-20 
0.911905 0.545661 -5.29196e-19 
0.938067 0.578688 4.00551e-19 
0.970097 0.517164 -4.09212e-19 
1.07866 0.489525 0 
1.08697 0.579945 -1.00914e-19 
0.853371 0.39925 -8.50372e-19 
0.855824 0.387721 -1.05096e-18 
0.794573 0.386603 6.63195e-19 
0.798238 0.359414 -6.77249e-19 
0.845724 0.320793 -5.31168e-19 
0.79481 0.319697 6.51237e-19 
1.02666 0.00585289 -4.97807e-19 
1.02638 0.0060719 1.01292e-18 
1.02933 4.36594e-05 6.31929e-19 
1.03353 0.000956612 -7.611e-19 
1.03364 0.0089165 0 
1.03004 0.00958823 -1.2388e-18 
0.061698 1.64304 2.26069e-20 
0.0448154 1.57943 0 
0.0851315 1.69363 1.35544e-19 
0.0955858 1.67578 -1.19318e-19 
0.087932 1.53425 3.20318e-20 
0.0862638 1.5229 0 
0.0104858 1.67869 0 
-0.00326809 1.48419 1.64711e-21 
-0.00167769 1.43005 -1.48113e-21 
-0.00450705 1.54232 5.78575e-21 
0.00262235 1.87816 1.50465e-21 
-0.00882292 1.93277 2.63508e-21 
0.499841 1.36856 -2.76497e-19 
0.493222 1.37163 3.03632e-19 
0.451596 1.30172 -3.2411e-20 
0.438613 1.29362 7.89463e-21 
0.635488 1.30415 0 
0.549766 1.39362 1.00897e-19 
0.565677 1.39938 -9.82611e-20 
0.463813 1.28897 3.15156e-20 
0.520382 1.24262 0 
0.572608 1.20791 0 
0.656258 2.41819 5.80851e-19 
0.671006 2.45876 1.26711e-18 
0.715776 2.46937 -8.72789e-19 
0.612305 2.44393 -2.02651e-19 
0.561265 2.53487 2.84441e-19 
0.509926 2.50883 -7.5861e-19 
0.978455 2.3792 -5.80452e-19 
1.01381 2.3917 0 
0.926086 2.17255 -6.69833e-19 
1.05488 2.67882 0 
1.05717 2.66558 0 
0.60581 2.26549 -1.20579e-19 
1.0402 3.15801 1.33439e-19 
0.911169 3.02835 -3.73723e-20 
0.273727 0.879329 0 
0.305662 0.730476 -3.18778e-19 
0.471483 0.688011 -3.21316e-19 
0.383624 2.01118 0 
0.464478 2.78211 -5.00669e-20 
0.419257 2.54538 0 
0.702887 0.669536 -8.50302e-19 
0.784102 0.678436 1.14916e-18 
0.805884 0.622231 -1.13623e-18 
0.681875 0.632658 -1.09579e-19 
0.736832 0.58937 -4.51458e-19 
1.00313 2.75928 -1.01476e-19 
1.04235 2.81775 -1.64402e-19 
0.636068 2.13443 6.80679e-19 
0.591131 1.70365 -4.85328e-19 
0.697653 1.8985 -4.06783e-19 
0.989231 2.44277 -1.13844e-19 
0.995349 2.4352 2.97295e-19 
0.655938 1.83411 2.81899e-20 
0.447468 1.32432 1.4548e-19 
))
(300 (2 10 3 0 0 919 1018)(
0 0 0 
0 0 0 
0 0 0 
0 0 0 
0 0 0 
0 0 0 
0 0 0 
0 0 0 
0 0 0 
0 0 0 
0 0 0 
0 0 0 
0 0 0 
0 0 0 
0 0 0 
0 0 0 
0 0 0 
0 0 0 
0 0 0 
0 0 0 
0 0 0 
0 0 0 
0 0 0 
0 0 0 
0 0 0 
0 0 0 
0 0 0 
0 0 0 
0 0 0 
0 0 0 
0 0 0 
0 0 0 
0 0 0 
0 0 0 
0 0 0 
0 0 0 
0 0 0 
0 0 0 
0 0 0 
0 0 0 
0 0 0 
0 0 0 
0 0 0 
0 0 0 
0 0 0 
0 0 0 
0 0 0 
0 0 0 
0 0 0 
0 0 0 
0 0 0 
0 0 0 
0 0 0 
0 0 0 
0 0 0 
0 0 0 
0 0 0 
0 0 0 
0 0 0 
0 0 0 
0 0 0 
0 0 0 
0 0 0 
0 0 0 
0 0 0 
0 0 0 
0 0 0 
0 0 0 
0 0 0 
0 0 0 
0 0 0 
0 0 0 
0 0 0 
0 0 0 
0 0 0 
0 0 0 
0 0 0 
0 0 0 
0 0 0 
0 0 0 
0 0 0 
0 0 0 
0 0 0 
0 0 0 
0 0 0 
0 0 0 
0 0 0 
0 0 0 
0 0 0 
0 0 0 
0 0 0 
0 0 0 
0 0 0 
0 0 0 
0 0 0 
0 0 0 
0 0 0 
0 0 0 
0 0 0 
0 0 0 
))
(300 (2 11 3 0 0 1019 1026)(
1 0 0 
1 0 0 
1 0 0 
1 0 0 
1 0 0 
1 0 0 
1 0 0 
1 0 0 
))
(300 (2 12 3 0 0 1027 1030)(
0 3 0 
0 3 0 
0 3 0 
0 3 0 
))
(300 (2 13 3 0 0 1031 1038)(
0.0083762 0.87472 0 
-0.0110249 2.06819 3.50369e-20 
-0.0108598 1.17584 0 
-0.0114171 2.60486 0 
-0.0187883 1.9861 0 
0.00601164 1.37263 0 
-0.00919475 1.52688 0 
-0.0153525 2.39628 0 
))
(300 (2 14 3 0 0 1039 1072)(
0 0 0 
0 0 0 
0 0 0 
0 0 0 
0 0 0 
0 0 0 
0 0 0 
0 0 0 
0 0 0 
0 0 0 
0 0 0 
0 0 0 
0 0 0 
0 0 0 
0 0 0 
0 0 0 
0 0 0 
0 0 0 
0 0 0 
0 0 0 
0 0 0 
0 0 0 
0 0 0 
0 0 0 
0 0 0 
0 0 0 
0 0 0 
0 0 0 
0 0 0 
0 0 0 
0 0 0 
0 0 0 
0 0 0 
0 0 0 
))
(300 (2 15 3 0 0 1073 1072)(
))
