(0 "FOAM to Fluent data File")

(33 (918 3444 1074))
(300 (1 1 1 0 0 1 918)(
0.570373
1.21902
0.00393273
0.569741
-0.0120528
1.18607
-0.485671
0.72351
0.550527
-0.0810015
-0.0142601
0.546577
1.04659
0.812659
-1.10994
-0.00203778
0.674477
-0.364201
0.549576
-0.0189661
0.759045
0.557107
0.560137
0.550722
0.615351
0.7921
0.927472
0.0199392
0.00262368
0.000414852
-0.0122025
-0.0391831
-0.0281216
1.06971
1.12081
1.14349
0.518713
0.34612
-0.350657
-0.417762
-0.410544
-0.529643
0.71703
0.716662
-0.169952
0.726328
0.733066
0.537686
0.54989
0.550796
0.551865
0.550822
0.552215
0.428515
-0.0844405
-0.116331
-0.0608656
-0.0529999
0.0788769
-0.0153513
-0.016583
-0.0140207
-0.017228
0.46914
0.542127
0.53924
0.551788
0.560828
1.15857
1.13048
1.15663
1.0703
1.08681
1.02457
0.997237
0.833302
0.855101
0.798284
0.78704
-1.54721
-2.50843
-0.51473
-0.261035
-0.0118691
0.00373886
0.0179637
0.666994
0.665929
0.676283
0.686364
1.09885
-0.362332
-0.472976
0.549708
0.548508
0.556882
0.557578
0.553592
0.552685
-0.0194812
-0.0189114
-0.0178915
-0.0191911
-0.022258
0.748125
0.745725
0.55126
0.548276
0.567574
0.588574
0.580254
0.297805
0.618821
0.631953
0.617063
0.783152
0.776997
0.785813
0.900885
0.864612
0.964734
0.98781
0.0150917
0.00274592
-0.00702609
-0.0128421
-0.0111746
0.514627
0.50731
0.533813
0.522084
0.524536
0.261906
0.127006
0.431703
0.456765
-0.26466
-0.324566
-0.416368
-0.439572
-0.554344
0.617144
0.70745
0.705573
-0.187465
-0.113211
-0.242511
-0.0400352
-0.100497
0.528058
0.534987
0.530031
0.545468
0.539961
0.541913
0.554144
0.551222
0.552778
0.49123
0.614959
0.354717
0.320172
-0.223205
-0.134562
-0.225911
-0.0393039
-0.033802
0.0937665
0.119547
0.0655032
0.0546166
-0.0280203
-0.019176
-0.0231952
-0.0161108
-0.0178164
0.462061
0.451196
0.481558
0.488908
0.532036
0.533228
0.536631
0.535073
0.947972
0.970229
0.977921
0.951769
-3.50849
-6.30997
0.0676317
0.205834
-0.00336717
-0.00921282
0.00317467
-0.00438091
0.00110573
-0.00108704
0.0152211
0.0155611
0.0193314
0.0238676
0.655603
0.655521
1.01838
1.02009
0.998685
0.949442
0.537822
0.539933
0.545466
0.541328
-0.0186454
-0.0192079
-0.0207761
0.734396
0.741733
0.739738
0.260427
0.173062
0.347427
0.375632
0.646977
0.635326
0.645177
0.677448
0.714466
0.995208
1.01352
1.01172
1.02023
1.0643
1.08073
1.04605
0.494552
0.504272
0.499371
0.536993
0.534709
0.535638
0.531203
0.53266
0.530491
-0.024834
-0.408217
0.505846
0.52433
0.505684
0.511324
0.696884
0.774417
0.688096
0.697801
0.695644
0.0264123
-0.0311039
0.276251
0.24258
0.403072
0.438741
0.418088
0.919131
0.879714
0.929771
0.902982
0.86452
0.889816
-0.359799
-1.87164
-0.984038
0.559521
0.37144
0.459559
0.0358097
0.0178295
0.0236436
1.01299
1.08972
0.670586
0.8399
0.846518
0.753235
0.783024
0.837947
0.76433
0.798235
0.832763
0.813423
0.573963
0.517993
0.528947
0.844589
0.901381
0.145448
0.0881619
0.0437642
0.13884
0.195596
0.169944
1.05175
0.957402
1.02948
0.548028
0.548729
0.0070897
0.00280697
0.552906
0.552952
-0.00772357
0.00279086
0.442638
-0.819241
0.129996
0.541397
0.531565
0.548537
-0.063622
0.383216
-0.0146564
0.0754513
0.0177435
0.544536
0.479791
0.440017
0.0129837
-0.0117855
-0.0163332
-0.192195
0.5457
0.544009
0.548007
0.548976
0.549642
-0.00353919
0.000847071
-0.00117581
-0.0173415
-0.0147842
-0.0180637
0.51294
0.530855
-0.147837
0.548149
0.550275
0.550098
0.543297
0.548952
0.547185
-0.00116091
-0.00556926
-0.0112358
0.244102
0.369355
0.687593
0.779431
0.656423
0.429452
0.1915
0.587812
0.6529
0.556326
0.713088
0.702157
0.719706
0.195509
0.0458939
0.203335
0.144702
0.539262
0.537952
0.529827
0.526865
0.543405
0.541519
0.546067
0.54307
0.546012
0.547407
-0.0216573
-0.0459034
-0.0597225
-0.126063
0.339581
0.599605
0.279582
0.309682
0.170447
-0.00890981
-0.0106249
-0.014082
-0.0192357
0.0290873
0.00248166
0.0691593
0.0695504
0.0395835
0.014555
0.020426
0.00801861
0.0114422
0.537788
0.536122
0.542472
0.551188
0.489167
0.492928
0.458577
0.478897
0.464361
0.404994
0.439243
0.414756
0.00506726
0.0182549
0.00775672
-0.00573393
-0.00209709
-0.0123136
-0.00870289
-0.0103407
-0.00160322
-0.00882604
-0.013649
-0.0209187
-0.151579
-0.265366
1.00438
0.937003
0.14614
0.534893
0.541314
0.538096
0.542915
0.546041
0.546882
0.544624
0.54119
0.531347
0.533021
0.529579
0.530286
-0.0840398
-0.220889
-0.0491031
-0.119447
0.155847
0.63791
0.381155
0.319964
0.314233
0.538472
0.946594
0.738166
0.722983
0.742587
-0.324536
0.0712107
-0.25807
0.361708
0.184028
0.684854
0.735234
0.757719
0.704882
0.65693
-0.094588
0.56897
-0.0436295
0.0050013
0.20204
0.0871121
0.72382
0.6856
0.689716
0.708781
0.727216
0.691725
0.674392
0.669116
0.704309
0.707968
0.514473
0.275235
0.2281
0.189814
0.66774
0.552556
0.608047
0.519478
0.534304
0.537026
0.535626
0.517679
0.525135
0.520762
0.526869
0.5302
0.539118
0.539502
0.534885
0.537044
-0.0267309
-0.029865
-0.00513039
-0.114331
-0.105066
-0.164455
-0.042221
0.0985542
0.0616345
0.25541
0.361521
0.073992
-0.0409228
-0.011824
0.0240962
0.200132
0.225394
0.10269
0.19004
0.179121
0.162883
0.264079
0.269215
0.00272777
-0.00143031
-0.00166999
-0.00408684
0.0464458
0.11929
0.129093
0.0210003
0.0160143
-0.0129422
-0.0141312
0.00535172
0.00190896
0.00456583
0.0408022
-0.0363394
-0.00461981
0.0114809
0.0231731
0.0176349
0.0130186
0.530352
0.532522
0.53218
0.539877
0.557505
0.573414
0.530923
0.510953
0.501923
0.504904
0.478528
0.488652
0.484564
0.498015
0.518322
0.527407
0.525045
0.527697
0.510571
0.512179
0.499173
0.502814
0.478393
0.459654
0.448152
-0.0259262
0.0124183
0.00385129
-0.0234302
0.00685716
-0.00576518
0.0108876
0.0259298
0.0124759
0.00707984
0.000648546
-0.0080304
-0.00406972
-0.0565573
0.026456
-0.165418
-0.199566
-0.268265
0.908467
1.02902
0.831062
0.606492
0.62078
0.860937
0.947855
0.568576
0.754723
0.778496
0.591579
0.85998
0.539691
0.539304
0.536905
0.536383
0.537607
0.00584408
0.10766
0.114878
0.171335
0.287253
0.400618
0.322723
0.19946
0.332296
0.33617
0.632082
0.645764
0.599591
0.622263
0.622842
0.444665
0.52137
0.574766
0.530283
0.579543
0.60081
0.558875
0.589912
0.539226
0.494991
0.491663
0.440513
0.462239
0.439054
0.420714
0.529472
0.507305
0.517569
0.507883
0.527338
0.551251
0.548099
0.580034
0.591161
0.511832
0.468988
0.478941
0.508237
0.469186
0.483633
0.499359
0.238035
0.137522
0.222987
-0.066337
0.0123155
-0.0024074
-0.0496273
-0.0031296
0.282322
-0.413509
-0.387769
-1.01968
0.509439
0.976496
0.67587
0.648871
0.724049
0.703925
0.708539
0.729888
0.734986
0.658311
0.67557
0.679192
0.640543
0.664063
0.686369
0.683511
0.539435
0.408643
0.402885
0.357417
0.229135
0.265179
0.467763
0.389465
0.31446
0.316429
0.479723
0.366547
0.434609
0.472855
0.404251
0.358496
0.563801
0.628558
0.618271
0.592938
0.511382
0.526096
0.550348
0.58612
0.612658
0.644637
0.526554
0.532363
0.533615
0.531155
0.528351
0.531313
0.53145
0.533984
0.534766
0.5377
0.53671
-0.0138928
-0.00234103
-0.0163193
-0.0227364
0.00660624
0.00241986
0.0469763
0.0328483
0.0172029
0.0238073
-0.00248168
-0.0069165
-0.00156741
0.00761351
0.124214
0.137464
0.121238
0.0818672
0.269269
0.399927
0.470313
0.348875
0.241856
0.265745
0.288472
0.0145087
0.0410573
0.0279978
0.0685783
0.0606181
-0.00683317
-0.0121437
-0.00872995
-0.00250829
0.00932839
-0.0104186
-0.016999
-0.00744755
-0.0114533
-0.0137823
-0.0180141
0.513149
0.50669
0.508176
0.502204
0.500974
0.514974
0.519213
0.521078
0.526417
0.528499
0.518937
0.524451
0.528092
0.00820005
-0.0143511
-0.0199012
-0.00390964
-0.0073264
-0.00739027
-0.00616567
0.134507
0.0645927
0.0690323
0.0236135
-0.104422
-0.0472348
0.497946
0.49594
0.491346
0.728489
0.578871
0.497614
0.593294
0.698853
0.284859
0.483552
0.31652
0.900047
0.793077
0.93962
0.554458
0.252093
0.409758
0.45982
0.267067
0.339723
0.342594
0.229684
0.261686
0.295151
0.396809
0.273864
0.248777
0.00605556
0.193856
0.310679
0.291543
0.420218
0.482567
0.270367
0.191049
0.146213
0.623052
0.64099
0.658041
0.630531
0.653664
0.589478
0.577817
0.595823
0.605369
0.601309
-0.74716
-0.454289
-1.39884
-0.713833
-0.262457
0.540465
0.504192
0.781486
0.665171
0.725416
0.709758
0.666752
0.633235
0.648979
0.679014
0.372281
0.484394
0.458928
0.463915
0.364272
0.296072
0.598445
0.59236
0.628055
0.651785
0.61952
0.651674
0.524307
0.523965
0.523549
0.519905
0.518212
0.520462
0.0850895
0.053704
0.0888516
0.0701903
0.0476031
0.0357779
0.0169818
0.00816927
-0.000903714
-0.00124157
0.0098148
0.0148154
0.176224
0.117098
0.0404854
0.0691385
0.00991205
-0.0562361
-0.0747038
0.0266141
0.119575
0.110007
0.416508
0.668616
0.489247
0.658232
0.497254
0.553325
0.4819
0.474956
0.501663
0.388954
0.4683
0.243383
-0.263117
-0.170909
0.797592
0.814137
0.597032
0.413796
0.18323
0.369615
0.563616
0.497676
0.536059
0.605559
0.596132
0.0253163
0.0896643
0.356862
0.584121
0.244128
0.236334
0.230564
0.407246
0.329594
))
(300 (1 10 1 0 0 919 1018)(
0.570373
1.21902
0.00393273
0.569741
1.18607
-0.485671
0.72351
-0.0810015
-0.0142601
0.546577
1.04659
0.812659
-1.10994
0.674477
-0.364201
0.549576
-0.0189661
0.759045
0.550722
0.615351
0.7921
0.927472
0.0199392
1.06971
0.518713
-0.417762
-0.529643
0.716662
-0.169952
0.733066
0.537686
-0.116331
-0.0529999
-0.016583
-0.017228
0.46914
0.53924
0.560828
1.08681
0.997237
0.855101
0.78704
-2.50843
-0.261035
0.665929
0.686364
-0.472976
0.548508
0.552685
-0.0189114
-0.022258
0.745725
0.548276
0.580254
0.297805
0.631953
0.617063
0.785813
0.864612
0.98781
0.50731
0.533813
0.524536
-0.324566
-0.554344
0.705573
-0.242511
-0.100497
0.530031
0.541913
-0.225911
-0.033802
-0.0231952
-0.0178164
0.451196
0.488908
0.532036
0.535073
0.951769
0.205834
0.655521
0.537822
0.541328
-0.0207761
0.739738
0.173062
0.375632
0.645177
0.714466
1.02023
0.499371
0.535638
0.530491
0.695644
-0.0311039
0.418088
0.902982
0.459559
0.798235
0.0437642
))
(300 (1 11 1 0 0 919 926)(
0.570373
0.569741
0.550527
0.557107
0.550796
0.552215
0.556882
0.552778
))
(300 (1 12 1 0 0 919 922)(
1.21902
1.18607
1.14349
1.15663
))
(300 (1 13 1 0 0 919 926)(
0
0
0
0
0
0
0
0
))
(300 (1 14 1 0 0 919 952)(
-0.0120528
-0.00203778
-0.0281216
0.34612
0.428515
0.0788769
0.0179637
1.09885
-0.0111746
0.127006
0.456765
0.617144
0.614959
0.320172
0.119547
0.0546166
-6.30997
0.0152211
0.0238676
1.02009
0.949442
-0.408217
0.505846
0.511324
0.774417
0.24258
-0.984038
0.0236436
1.08972
0.846518
0.528947
0.901381
0.169944
1.02948
))
(300 (1 15 1 0 0 919 2754)(
0.570373
0.570373
1.21902
1.21902
0.00393273
0.00393273
0.569741
0.569741
-0.0120528
-0.0120528
1.18607
1.18607
-0.485671
-0.485671
0.72351
0.72351
0.550527
0.550527
-0.0810015
-0.0810015
-0.0142601
-0.0142601
0.546577
0.546577
1.04659
1.04659
0.812659
0.812659
-1.10994
-1.10994
-0.00203778
-0.00203778
0.674477
0.674477
-0.364201
-0.364201
0.549576
0.549576
-0.0189661
-0.0189661
0.759045
0.759045
0.557107
0.557107
0.560137
0.560137
0.550722
0.550722
0.615351
0.615351
0.7921
0.7921
0.927472
0.927472
0.0199392
0.0199392
0.00262368
0.00262368
0.000414852
0.000414852
-0.0122025
-0.0122025
-0.0391831
-0.0391831
-0.0281216
-0.0281216
1.06971
1.06971
1.12081
1.12081
1.14349
1.14349
0.518713
0.518713
0.34612
0.34612
-0.350657
-0.350657
-0.417762
-0.417762
-0.410544
-0.410544
-0.529643
-0.529643
0.71703
0.71703
0.716662
0.716662
-0.169952
-0.169952
0.726328
0.726328
0.733066
0.733066
0.537686
0.537686
0.54989
0.54989
0.550796
0.550796
0.551865
0.551865
0.550822
0.550822
0.552215
0.552215
0.428515
0.428515
-0.0844405
-0.0844405
-0.116331
-0.116331
-0.0608656
-0.0608656
-0.0529999
-0.0529999
0.0788769
0.0788769
-0.0153513
-0.0153513
-0.016583
-0.016583
-0.0140207
-0.0140207
-0.017228
-0.017228
0.46914
0.46914
0.542127
0.542127
0.53924
0.53924
0.551788
0.551788
0.560828
0.560828
1.15857
1.15857
1.13048
1.13048
1.15663
1.15663
1.0703
1.0703
1.08681
1.08681
1.02457
1.02457
0.997237
0.997237
0.833302
0.833302
0.855101
0.855101
0.798284
0.798284
0.78704
0.78704
-1.54721
-1.54721
-2.50843
-2.50843
-0.51473
-0.51473
-0.261035
-0.261035
-0.0118691
-0.0118691
0.00373886
0.00373886
0.0179637
0.0179637
0.666994
0.666994
0.665929
0.665929
0.676283
0.676283
0.686364
0.686364
1.09885
1.09885
-0.362332
-0.362332
-0.472976
-0.472976
0.549708
0.549708
0.548508
0.548508
0.556882
0.556882
0.557578
0.557578
0.553592
0.553592
0.552685
0.552685
-0.0194812
-0.0194812
-0.0189114
-0.0189114
-0.0178915
-0.0178915
-0.0191911
-0.0191911
-0.022258
-0.022258
0.748125
0.748125
0.745725
0.745725
0.55126
0.55126
0.548276
0.548276
0.567574
0.567574
0.588574
0.588574
0.580254
0.580254
0.297805
0.297805
0.618821
0.618821
0.631953
0.631953
0.617063
0.617063
0.783152
0.783152
0.776997
0.776997
0.785813
0.785813
0.900885
0.900885
0.864612
0.864612
0.964734
0.964734
0.98781
0.98781
0.0150917
0.0150917
0.00274592
0.00274592
-0.00702609
-0.00702609
-0.0128421
-0.0128421
-0.0111746
-0.0111746
0.514627
0.514627
0.50731
0.50731
0.533813
0.533813
0.522084
0.522084
0.524536
0.524536
0.261906
0.261906
0.127006
0.127006
0.431703
0.431703
0.456765
0.456765
-0.26466
-0.26466
-0.324566
-0.324566
-0.416368
-0.416368
-0.439572
-0.439572
-0.554344
-0.554344
0.617144
0.617144
0.70745
0.70745
0.705573
0.705573
-0.187465
-0.187465
-0.113211
-0.113211
-0.242511
-0.242511
-0.0400352
-0.0400352
-0.100497
-0.100497
0.528058
0.528058
0.534987
0.534987
0.530031
0.530031
0.545468
0.545468
0.539961
0.539961
0.541913
0.541913
0.554144
0.554144
0.551222
0.551222
0.552778
0.552778
0.49123
0.49123
0.614959
0.614959
0.354717
0.354717
0.320172
0.320172
-0.223205
-0.223205
-0.134562
-0.134562
-0.225911
-0.225911
-0.0393039
-0.0393039
-0.033802
-0.033802
0.0937665
0.0937665
0.119547
0.119547
0.0655032
0.0655032
0.0546166
0.0546166
-0.0280203
-0.0280203
-0.019176
-0.019176
-0.0231952
-0.0231952
-0.0161108
-0.0161108
-0.0178164
-0.0178164
0.462061
0.462061
0.451196
0.451196
0.481558
0.481558
0.488908
0.488908
0.532036
0.532036
0.533228
0.533228
0.536631
0.536631
0.535073
0.535073
0.947972
0.947972
0.970229
0.970229
0.977921
0.977921
0.951769
0.951769
-3.50849
-3.50849
-6.30997
-6.30997
0.0676317
0.0676317
0.205834
0.205834
-0.00336717
-0.00336717
-0.00921282
-0.00921282
0.00317467
0.00317467
-0.00438091
-0.00438091
0.00110573
0.00110573
-0.00108704
-0.00108704
0.0152211
0.0152211
0.0155611
0.0155611
0.0193314
0.0193314
0.0238676
0.0238676
0.655603
0.655603
0.655521
0.655521
1.01838
1.01838
1.02009
1.02009
0.998685
0.998685
0.949442
0.949442
0.537822
0.537822
0.539933
0.539933
0.545466
0.545466
0.541328
0.541328
-0.0186454
-0.0186454
-0.0192079
-0.0192079
-0.0207761
-0.0207761
0.734396
0.734396
0.741733
0.741733
0.739738
0.739738
0.260427
0.260427
0.173062
0.173062
0.347427
0.347427
0.375632
0.375632
0.646977
0.646977
0.635326
0.635326
0.645177
0.645177
0.677448
0.677448
0.714466
0.714466
0.995208
0.995208
1.01352
1.01352
1.01172
1.01172
1.02023
1.02023
1.0643
1.0643
1.08073
1.08073
1.04605
1.04605
0.494552
0.494552
0.504272
0.504272
0.499371
0.499371
0.536993
0.536993
0.534709
0.534709
0.535638
0.535638
0.531203
0.531203
0.53266
0.53266
0.530491
0.530491
-0.024834
-0.024834
-0.408217
-0.408217
0.505846
0.505846
0.52433
0.52433
0.505684
0.505684
0.511324
0.511324
0.696884
0.696884
0.774417
0.774417
0.688096
0.688096
0.697801
0.697801
0.695644
0.695644
0.0264123
0.0264123
-0.0311039
-0.0311039
0.276251
0.276251
0.24258
0.24258
0.403072
0.403072
0.438741
0.438741
0.418088
0.418088
0.919131
0.919131
0.879714
0.879714
0.929771
0.929771
0.902982
0.902982
0.86452
0.86452
0.889816
0.889816
-0.359799
-0.359799
-1.87164
-1.87164
-0.984038
-0.984038
0.559521
0.559521
0.37144
0.37144
0.459559
0.459559
0.0358097
0.0358097
0.0178295
0.0178295
0.0236436
0.0236436
1.01299
1.01299
1.08972
1.08972
0.670586
0.670586
0.8399
0.8399
0.846518
0.846518
0.753235
0.753235
0.783024
0.783024
0.837947
0.837947
0.76433
0.76433
0.798235
0.798235
0.832763
0.832763
0.813423
0.813423
0.573963
0.573963
0.517993
0.517993
0.528947
0.528947
0.844589
0.844589
0.901381
0.901381
0.145448
0.145448
0.0881619
0.0881619
0.0437642
0.0437642
0.13884
0.13884
0.195596
0.195596
0.169944
0.169944
1.05175
1.05175
0.957402
0.957402
1.02948
1.02948
0.548028
0.548028
0.548729
0.548729
0.0070897
0.0070897
0.00280697
0.00280697
0.552906
0.552906
0.552952
0.552952
-0.00772357
-0.00772357
0.00279086
0.00279086
0.442638
0.442638
-0.819241
-0.819241
0.129996
0.129996
0.541397
0.541397
0.531565
0.531565
0.548537
0.548537
-0.063622
-0.063622
0.383216
0.383216
-0.0146564
-0.0146564
0.0754513
0.0754513
0.0177435
0.0177435
0.544536
0.544536
0.479791
0.479791
0.440017
0.440017
0.0129837
0.0129837
-0.0117855
-0.0117855
-0.0163332
-0.0163332
-0.192195
-0.192195
0.5457
0.5457
0.544009
0.544009
0.548007
0.548007
0.548976
0.548976
0.549642
0.549642
-0.00353919
-0.00353919
0.000847071
0.000847071
-0.00117581
-0.00117581
-0.0173415
-0.0173415
-0.0147842
-0.0147842
-0.0180637
-0.0180637
0.51294
0.51294
0.530855
0.530855
-0.147837
-0.147837
0.548149
0.548149
0.550275
0.550275
0.550098
0.550098
0.543297
0.543297
0.548952
0.548952
0.547185
0.547185
-0.00116091
-0.00116091
-0.00556926
-0.00556926
-0.0112358
-0.0112358
0.244102
0.244102
0.369355
0.369355
0.687593
0.687593
0.779431
0.779431
0.656423
0.656423
0.429452
0.429452
0.1915
0.1915
0.587812
0.587812
0.6529
0.6529
0.556326
0.556326
0.713088
0.713088
0.702157
0.702157
0.719706
0.719706
0.195509
0.195509
0.0458939
0.0458939
0.203335
0.203335
0.144702
0.144702
0.539262
0.539262
0.537952
0.537952
0.529827
0.529827
0.526865
0.526865
0.543405
0.543405
0.541519
0.541519
0.546067
0.546067
0.54307
0.54307
0.546012
0.546012
0.547407
0.547407
-0.0216573
-0.0216573
-0.0459034
-0.0459034
-0.0597225
-0.0597225
-0.126063
-0.126063
0.339581
0.339581
0.599605
0.599605
0.279582
0.279582
0.309682
0.309682
0.170447
0.170447
-0.00890981
-0.00890981
-0.0106249
-0.0106249
-0.014082
-0.014082
-0.0192357
-0.0192357
0.0290873
0.0290873
0.00248166
0.00248166
0.0691593
0.0691593
0.0695504
0.0695504
0.0395835
0.0395835
0.014555
0.014555
0.020426
0.020426
0.00801861
0.00801861
0.0114422
0.0114422
0.537788
0.537788
0.536122
0.536122
0.542472
0.542472
0.551188
0.551188
0.489167
0.489167
0.492928
0.492928
0.458577
0.458577
0.478897
0.478897
0.464361
0.464361
0.404994
0.404994
0.439243
0.439243
0.414756
0.414756
0.00506726
0.00506726
0.0182549
0.0182549
0.00775672
0.00775672
-0.00573393
-0.00573393
-0.00209709
-0.00209709
-0.0123136
-0.0123136
-0.00870289
-0.00870289
-0.0103407
-0.0103407
-0.00160322
-0.00160322
-0.00882604
-0.00882604
-0.013649
-0.013649
-0.0209187
-0.0209187
-0.151579
-0.151579
-0.265366
-0.265366
1.00438
1.00438
0.937003
0.937003
0.14614
0.14614
0.534893
0.534893
0.541314
0.541314
0.538096
0.538096
0.542915
0.542915
0.546041
0.546041
0.546882
0.546882
0.544624
0.544624
0.54119
0.54119
0.531347
0.531347
0.533021
0.533021
0.529579
0.529579
0.530286
0.530286
-0.0840398
-0.0840398
-0.220889
-0.220889
-0.0491031
-0.0491031
-0.119447
-0.119447
0.155847
0.155847
0.63791
0.63791
0.381155
0.381155
0.319964
0.319964
0.314233
0.314233
0.538472
0.538472
0.946594
0.946594
0.738166
0.738166
0.722983
0.722983
0.742587
0.742587
-0.324536
-0.324536
0.0712107
0.0712107
-0.25807
-0.25807
0.361708
0.361708
0.184028
0.184028
0.684854
0.684854
0.735234
0.735234
0.757719
0.757719
0.704882
0.704882
0.65693
0.65693
-0.094588
-0.094588
0.56897
0.56897
-0.0436295
-0.0436295
0.0050013
0.0050013
0.20204
0.20204
0.0871121
0.0871121
0.72382
0.72382
0.6856
0.6856
0.689716
0.689716
0.708781
0.708781
0.727216
0.727216
0.691725
0.691725
0.674392
0.674392
0.669116
0.669116
0.704309
0.704309
0.707968
0.707968
0.514473
0.514473
0.275235
0.275235
0.2281
0.2281
0.189814
0.189814
0.66774
0.66774
0.552556
0.552556
0.608047
0.608047
0.519478
0.519478
0.534304
0.534304
0.537026
0.537026
0.535626
0.535626
0.517679
0.517679
0.525135
0.525135
0.520762
0.520762
0.526869
0.526869
0.5302
0.5302
0.539118
0.539118
0.539502
0.539502
0.534885
0.534885
0.537044
0.537044
-0.0267309
-0.0267309
-0.029865
-0.029865
-0.00513039
-0.00513039
-0.114331
-0.114331
-0.105066
-0.105066
-0.164455
-0.164455
-0.042221
-0.042221
0.0985542
0.0985542
0.0616345
0.0616345
0.25541
0.25541
0.361521
0.361521
0.073992
0.073992
-0.0409228
-0.0409228
-0.011824
-0.011824
0.0240962
0.0240962
0.200132
0.200132
0.225394
0.225394
0.10269
0.10269
0.19004
0.19004
0.179121
0.179121
0.162883
0.162883
0.264079
0.264079
0.269215
0.269215
0.00272777
0.00272777
-0.00143031
-0.00143031
-0.00166999
-0.00166999
-0.00408684
-0.00408684
0.0464458
0.0464458
0.11929
0.11929
0.129093
0.129093
0.0210003
0.0210003
0.0160143
0.0160143
-0.0129422
-0.0129422
-0.0141312
-0.0141312
0.00535172
0.00535172
0.00190896
0.00190896
0.00456583
0.00456583
0.0408022
0.0408022
-0.0363394
-0.0363394
-0.00461981
-0.00461981
0.0114809
0.0114809
0.0231731
0.0231731
0.0176349
0.0176349
0.0130186
0.0130186
0.530352
0.530352
0.532522
0.532522
0.53218
0.53218
0.539877
0.539877
0.557505
0.557505
0.573414
0.573414
0.530923
0.530923
0.510953
0.510953
0.501923
0.501923
0.504904
0.504904
0.478528
0.478528
0.488652
0.488652
0.484564
0.484564
0.498015
0.498015
0.518322
0.518322
0.527407
0.527407
0.525045
0.525045
0.527697
0.527697
0.510571
0.510571
0.512179
0.512179
0.499173
0.499173
0.502814
0.502814
0.478393
0.478393
0.459654
0.459654
0.448152
0.448152
-0.0259262
-0.0259262
0.0124183
0.0124183
0.00385129
0.00385129
-0.0234302
-0.0234302
0.00685716
0.00685716
-0.00576518
-0.00576518
0.0108876
0.0108876
0.0259298
0.0259298
0.0124759
0.0124759
0.00707984
0.00707984
0.000648546
0.000648546
-0.0080304
-0.0080304
-0.00406972
-0.00406972
-0.0565573
-0.0565573
0.026456
0.026456
-0.165418
-0.165418
-0.199566
-0.199566
-0.268265
-0.268265
0.908467
0.908467
1.02902
1.02902
0.831062
0.831062
0.606492
0.606492
0.62078
0.62078
0.860937
0.860937
0.947855
0.947855
0.568576
0.568576
0.754723
0.754723
0.778496
0.778496
0.591579
0.591579
0.85998
0.85998
0.539691
0.539691
0.539304
0.539304
0.536905
0.536905
0.536383
0.536383
0.537607
0.537607
0.00584408
0.00584408
0.10766
0.10766
0.114878
0.114878
0.171335
0.171335
0.287253
0.287253
0.400618
0.400618
0.322723
0.322723
0.19946
0.19946
0.332296
0.332296
0.33617
0.33617
0.632082
0.632082
0.645764
0.645764
0.599591
0.599591
0.622263
0.622263
0.622842
0.622842
0.444665
0.444665
0.52137
0.52137
0.574766
0.574766
0.530283
0.530283
0.579543
0.579543
0.60081
0.60081
0.558875
0.558875
0.589912
0.589912
0.539226
0.539226
0.494991
0.494991
0.491663
0.491663
0.440513
0.440513
0.462239
0.462239
0.439054
0.439054
0.420714
0.420714
0.529472
0.529472
0.507305
0.507305
0.517569
0.517569
0.507883
0.507883
0.527338
0.527338
0.551251
0.551251
0.548099
0.548099
0.580034
0.580034
0.591161
0.591161
0.511832
0.511832
0.468988
0.468988
0.478941
0.478941
0.508237
0.508237
0.469186
0.469186
0.483633
0.483633
0.499359
0.499359
0.238035
0.238035
0.137522
0.137522
0.222987
0.222987
-0.066337
-0.066337
0.0123155
0.0123155
-0.0024074
-0.0024074
-0.0496273
-0.0496273
-0.0031296
-0.0031296
0.282322
0.282322
-0.413509
-0.413509
-0.387769
-0.387769
-1.01968
-1.01968
0.509439
0.509439
0.976496
0.976496
0.67587
0.67587
0.648871
0.648871
0.724049
0.724049
0.703925
0.703925
0.708539
0.708539
0.729888
0.729888
0.734986
0.734986
0.658311
0.658311
0.67557
0.67557
0.679192
0.679192
0.640543
0.640543
0.664063
0.664063
0.686369
0.686369
0.683511
0.683511
0.539435
0.539435
0.408643
0.408643
0.402885
0.402885
0.357417
0.357417
0.229135
0.229135
0.265179
0.265179
0.467763
0.467763
0.389465
0.389465
0.31446
0.31446
0.316429
0.316429
0.479723
0.479723
0.366547
0.366547
0.434609
0.434609
0.472855
0.472855
0.404251
0.404251
0.358496
0.358496
0.563801
0.563801
0.628558
0.628558
0.618271
0.618271
0.592938
0.592938
0.511382
0.511382
0.526096
0.526096
0.550348
0.550348
0.58612
0.58612
0.612658
0.612658
0.644637
0.644637
0.526554
0.526554
0.532363
0.532363
0.533615
0.533615
0.531155
0.531155
0.528351
0.528351
0.531313
0.531313
0.53145
0.53145
0.533984
0.533984
0.534766
0.534766
0.5377
0.5377
0.53671
0.53671
-0.0138928
-0.0138928
-0.00234103
-0.00234103
-0.0163193
-0.0163193
-0.0227364
-0.0227364
0.00660624
0.00660624
0.00241986
0.00241986
0.0469763
0.0469763
0.0328483
0.0328483
0.0172029
0.0172029
0.0238073
0.0238073
-0.00248168
-0.00248168
-0.0069165
-0.0069165
-0.00156741
-0.00156741
0.00761351
0.00761351
0.124214
0.124214
0.137464
0.137464
0.121238
0.121238
0.0818672
0.0818672
0.269269
0.269269
0.399927
0.399927
0.470313
0.470313
0.348875
0.348875
0.241856
0.241856
0.265745
0.265745
0.288472
0.288472
0.0145087
0.0145087
0.0410573
0.0410573
0.0279978
0.0279978
0.0685783
0.0685783
0.0606181
0.0606181
-0.00683317
-0.00683317
-0.0121437
-0.0121437
-0.00872995
-0.00872995
-0.00250829
-0.00250829
0.00932839
0.00932839
-0.0104186
-0.0104186
-0.016999
-0.016999
-0.00744755
-0.00744755
-0.0114533
-0.0114533
-0.0137823
-0.0137823
-0.0180141
-0.0180141
0.513149
0.513149
0.50669
0.50669
0.508176
0.508176
0.502204
0.502204
0.500974
0.500974
0.514974
0.514974
0.519213
0.519213
0.521078
0.521078
0.526417
0.526417
0.528499
0.528499
0.518937
0.518937
0.524451
0.524451
0.528092
0.528092
0.00820005
0.00820005
-0.0143511
-0.0143511
-0.0199012
-0.0199012
-0.00390964
-0.00390964
-0.0073264
-0.0073264
-0.00739027
-0.00739027
-0.00616567
-0.00616567
0.134507
0.134507
0.0645927
0.0645927
0.0690323
0.0690323
0.0236135
0.0236135
-0.104422
-0.104422
-0.0472348
-0.0472348
0.497946
0.497946
0.49594
0.49594
0.491346
0.491346
0.728489
0.728489
0.578871
0.578871
0.497614
0.497614
0.593294
0.593294
0.698853
0.698853
0.284859
0.284859
0.483552
0.483552
0.31652
0.31652
0.900047
0.900047
0.793077
0.793077
0.93962
0.93962
0.554458
0.554458
0.252093
0.252093
0.409758
0.409758
0.45982
0.45982
0.267067
0.267067
0.339723
0.339723
0.342594
0.342594
0.229684
0.229684
0.261686
0.261686
0.295151
0.295151
0.396809
0.396809
0.273864
0.273864
0.248777
0.248777
0.00605556
0.00605556
0.193856
0.193856
0.310679
0.310679
0.291543
0.291543
0.420218
0.420218
0.482567
0.482567
0.270367
0.270367
0.191049
0.191049
0.146213
0.146213
0.623052
0.623052
0.64099
0.64099
0.658041
0.658041
0.630531
0.630531
0.653664
0.653664
0.589478
0.589478
0.577817
0.577817
0.595823
0.595823
0.605369
0.605369
0.601309
0.601309
-0.74716
-0.74716
-0.454289
-0.454289
-1.39884
-1.39884
-0.713833
-0.713833
-0.262457
-0.262457
0.540465
0.540465
0.504192
0.504192
0.781486
0.781486
0.665171
0.665171
0.725416
0.725416
0.709758
0.709758
0.666752
0.666752
0.633235
0.633235
0.648979
0.648979
0.679014
0.679014
0.372281
0.372281
0.484394
0.484394
0.458928
0.458928
0.463915
0.463915
0.364272
0.364272
0.296072
0.296072
0.598445
0.598445
0.59236
0.59236
0.628055
0.628055
0.651785
0.651785
0.61952
0.61952
0.651674
0.651674
0.524307
0.524307
0.523965
0.523965
0.523549
0.523549
0.519905
0.519905
0.518212
0.518212
0.520462
0.520462
0.0850895
0.0850895
0.053704
0.053704
0.0888516
0.0888516
0.0701903
0.0701903
0.0476031
0.0476031
0.0357779
0.0357779
0.0169818
0.0169818
0.00816927
0.00816927
-0.000903714
-0.000903714
-0.00124157
-0.00124157
0.0098148
0.0098148
0.0148154
0.0148154
0.176224
0.176224
0.117098
0.117098
0.0404854
0.0404854
0.0691385
0.0691385
0.00991205
0.00991205
-0.0562361
-0.0562361
-0.0747038
-0.0747038
0.0266141
0.0266141
0.119575
0.119575
0.110007
0.110007
0.416508
0.416508
0.668616
0.668616
0.489247
0.489247
0.658232
0.658232
0.497254
0.497254
0.553325
0.553325
0.4819
0.4819
0.474956
0.474956
0.501663
0.501663
0.388954
0.388954
0.4683
0.4683
0.243383
0.243383
-0.263117
-0.263117
-0.170909
-0.170909
0.797592
0.797592
0.814137
0.814137
0.597032
0.597032
0.413796
0.413796
0.18323
0.18323
0.369615
0.369615
0.563616
0.563616
0.497676
0.497676
0.536059
0.536059
0.605559
0.605559
0.596132
0.596132
0.0253163
0.0253163
0.0896643
0.0896643
0.356862
0.356862
0.584121
0.584121
0.244128
0.244128
0.236334
0.236334
0.230564
0.230564
0.407246
0.407246
0.329594
0.329594
))
(300 (2 1 3 0 0 1 918)(
0.985163 -0.000503064 0 
0.00501301 2.96625 0 
0.00311084 0.833305 0 
0.979703 0.00214803 0 
-0.0114372 2.0417 3.73975e-20 
-0.00704417 2.94879 -2.54077e-18 
0.820432 1.159 4.27832e-19 
0.257471 0.123667 -1.60748e-20 
0.999908 -0.000283116 0 
0.0606228 0.804469 0 
0.0144303 0.615664 0 
0.734833 -0.0163156 0 
0.0110943 2.9304 0 
0.00233332 2.79503 0 
-0.017601 3.15514 7.64613e-19 
-0.0196917 1.8907 -7.80012e-22 
0.322857 0.0329234 1.05375e-18 
0.189692 1.17096 2.98369e-19 
0.962769 0.00501968 0 
-0.0103266 0.573095 0 
0.051874 0.166101 -7.61613e-19 
1.00198 -0.00498007 0 
1.00022 -0.0097909 0 
0.975727 -0.00643982 0 
0.584454 -0.0382801 0 
0.0157008 2.63982 0 
-0.0149664 2.91005 9.39813e-19 
0.00604987 0.909622 0 
0.00479028 1.14695 0 
0.0020372 0.88535 0 
-0.0143978 2.61068 0 
-2.41723e-05 2.10079 -2.98552e-20 
-0.00972792 1.86251 0 
-0.0206127 2.9876 -9.15429e-23 
-0.0166902 3.00529 1.97469e-18 
0.00209922 3.00018 0 
0.870809 -0.00949767 0 
0.404606 0.938286 1.88127e-19 
0.798817 1.17676 -4.72299e-19 
0.944348 1.01489 5.16962e-19 
0.670478 1.26951 -9.84183e-20 
0.670383 1.25509 5.68765e-19 
0.296331 0.199336 1.56824e-20 
0.271778 0.0955679 0 
1.1285 0.54786 0 
0.262692 0.191473 7.16717e-20 
0.228046 0.123965 -7.43735e-20 
0.919793 -0.00745048 0 
1.00027 0.000153892 0 
0.999909 0.000336257 0 
1.00363 -0.00776846 0 
1.00096 -0.000926319 0 
1.00017 3.04434e-05 0 
0.0770621 1.81428 -8.19758e-19 
0.0289743 0.985371 0 
0.0968245 0.869082 0 
0.0132462 0.935974 0 
0.0349965 0.741973 0 
0.0154547 2.00046 0 
0.00997624 0.833776 0 
0.00975159 0.635489 0 
0.0147438 0.81906 0 
0.0155179 0.591755 0 
0.838845 -0.0157781 0 
0.846136 0.0293776 0 
0.767729 -0.00486513 0 
0.816117 0.0390807 0 
0.703629 -0.0188814 0 
0.0146878 3.00041 9.42823e-19 
0.011496 3.008 0 
0.00611608 3.00277 0 
0.0135316 2.99734 1.07114e-23 
0.00797676 2.95848 -1.40127e-18 
0.0144961 2.98208 0 
0.010852 2.90358 0 
0.024475 2.93088 2.16741e-24 
0.00458427 2.82497 0 
0.0303676 2.91632 0 
-0.00515856 2.74484 0 
0.308081 3.5516 0 
-0.131845 3.63297 0 
0.139475 3.24561 -7.11557e-19 
-0.0127445 2.9814 0 
-0.0211217 2.00856 0 
-0.00692789 2.15896 7.69313e-22 
-0.0114294 1.89633 -1.70302e-20 
0.423717 0.142711 -3.64664e-19 
0.326179 0.0178442 -3.52e-19 
0.402933 0.156278 -1.09808e-18 
0.306971 0.0474363 -7.2384e-19 
0.223266 0.963801 0 
0.271537 1.31694 -3.58172e-19 
0.368279 1.25311 5.98717e-19 
0.987472 0.00855376 0 
0.941918 0.0058375 0 
1.0003 0.000578248 0 
1.00286 0.00930572 0 
1.00302 0.00846122 -2.81165e-18 
0.991913 0.00970001 2.12328e-18 
-0.0135754 0.802115 0 
-0.00223041 0.564909 0 
-0.0172271 0.961825 0 
-0.00207982 0.81623 0 
-0.00837373 0.565535 0 
0.0839386 0.168605 2.35375e-19 
0.142309 0.144665 0 
0.993541 -0.00837965 0 
0.954427 -0.0065202 0 
0.763179 0.0463987 0 
0.698855 0.056967 0 
0.664074 -0.0310752 0 
0.96306 -0.00835328 0 
0.615573 0.0762676 0 
0.444813 -0.0108898 1.56287e-18 
-0.0371312 2.86248 7.07792e-19 
0.0416845 2.90925 0 
0.0541014 2.88548 0 
-0.00469637 2.69964 0 
-0.0131581 2.98529 8.916e-19 
-0.0179159 2.8952 0 
-0.0153446 2.98809 -2.76087e-18 
-0.0133508 2.92521 9.44441e-19 
0.0182756 1.34858 0 
0.036408 1.38808 0 
-0.0048394 2.11998 2.72248e-22 
-0.00480828 2.07741 0 
-0.0211959 1.87571 0 
0.938088 -0.00760468 0 
0.856565 -0.00975152 0 
0.86336 0.00617146 0 
0.949275 -0.00802191 0 
0.88372 -0.00810442 0 
0.516799 1.13195 -2.37204e-19 
0.566194 1.18342 0 
0.36844 0.882574 3.48017e-20 
0.310592 0.74153 0 
0.904236 1.05404 -1.41116e-19 
1.01396 0.856702 2.80933e-19 
0.361506 1.36608 0 
0.526131 1.33159 0 
0.542938 1.28413 0 
0.11643 0.180993 -3.04573e-19 
0.329349 0.191821 0 
0.295486 0.0886073 2.04771e-19 
0.98549 0.912615 0 
1.05311 0.763791 0 
1.07655 0.7039 -2.13073e-19 
1.1098 0.608192 0 
1.16139 0.394363 5.50913e-20 
0.95757 -0.00883496 0 
0.962407 -0.0100905 0 
0.901548 -0.00795896 0 
0.984176 -0.0091682 0 
0.974657 -0.00936906 0 
0.937071 -0.00636485 0 
1.00019 0.00233677 0 
1.0009 0.00140623 0 
0.99991 0.000853185 0 
0.0351487 2.06588 4.52391e-19 
0.120395 1.75632 0 
0.0165121 2.18148 7.05707e-19 
0.0510172 1.86865 -5.95993e-19 
0.105434 1.1788 -2.43885e-19 
0.0451659 1.06468 0 
0.143146 1.02076 0 
0.00462768 0.895079 0 
0.0170629 0.691337 0 
-0.00271308 2.23663 -1.19099e-21 
0.0244508 2.00661 0 
-0.00263479 2.23997 -5.23166e-20 
0.0167372 2.00903 9.14777e-20 
0.005172 0.870079 0 
0.00770289 0.8486 0 
0.00672068 0.659367 0 
-0.00218062 0.802189 0 
0.0019928 0.579629 0 
0.936028 0.0091145 0 
0.84663 -0.0152793 0 
0.925873 -8.27055e-05 0 
0.840653 -0.0128289 0 
0.81201 0.000801606 0 
0.901218 0.0201454 0 
0.877085 0.024557 0 
0.788752 -0.00137944 0 
0.00574694 3.06485 -8.83196e-21 
0.0166891 3.05783 0 
0.0147223 2.96905 0 
0.00865165 2.8762 0 
0.925219 3.96776 0 
1.23984 3.30053 9.30037e-19 
0.0700513 3.07343 0 
-0.0283209 2.90488 0 
0.0152238 1.41286 0 
-0.0270126 1.71891 0 
0.00561637 1.56894 0 
-0.0317737 2.56629 -5.40453e-21 
-0.0139588 2.25674 0 
-0.0206862 2.40292 0 
0.0142117 1.93418 9.89815e-22 
-0.00719203 2.23184 1.35384e-20 
-0.00418431 2.19224 1.71109e-20 
0.00174214 1.91066 0 
0.455054 0.122207 5.49778e-19 
0.359595 0.00711795 -5.39855e-19 
0.259859 1.57682 0 
0.271664 0.73846 -3.19235e-19 
0.177348 1.66241 -1.07013e-18 
0.227462 1.2047 1.07272e-18 
0.902196 0.00647711 0 
0.967482 0.0110669 0 
0.974608 0.0107879 0 
0.923418 0.00648094 0 
-0.00103571 0.787923 0 
-0.0164128 0.790729 0 
-0.0032654 0.566854 0 
0.225806 0.185542 6.60867e-19 
0.18896 0.172385 -7.82685e-19 
0.191276 0.132611 0 
1.08701 0.0828683 2.92108e-20 
1.06973 0.0375651 0 
1.00508 0.038613 0 
0.901002 -0.00696585 0 
0.49035 0.103863 0 
0.537667 0.0867193 -2.49886e-18 
0.397183 0.00442919 9.35604e-19 
0.00902452 2.98121 7.5443e-19 
-0.0324769 2.86609 4.74301e-20 
0.00363792 3.05021 -1.86682e-20 
0.0201868 3.04341 6.63992e-19 
-0.0150267 2.99658 3.09851e-20 
-0.0129442 2.94947 -1.24663e-22 
-0.0172528 3.01195 -5.72462e-19 
0.014826 3.0239 4.13989e-19 
0.00733928 3.03675 -6.5654e-19 
0.932874 -0.00169678 0 
0.938713 -0.0035511 0 
0.844637 -0.00928073 0 
0.956688 0.0117864 0 
0.942962 0.0130383 0 
0.881742 0.00602756 0 
0.917852 0.0165546 0 
0.926395 0.0147741 0 
0.838566 0.00343656 0 
0.720138 1.41057 3.24825e-20 
0.753669 1.51965 0 
0.186859 0.325266 7.27099e-20 
0.21996 0.660033 5.87794e-19 
0.260359 0.720268 -3.42172e-19 
0.265483 0.533909 6.80263e-19 
0.337821 0.792282 1.60166e-18 
0.135082 0.222217 3.76859e-19 
0.376827 0.175195 7.67927e-19 
0.356276 0.186668 2.00176e-19 
0.303162 0.0680151 3.81903e-19 
1.15187 0.452423 3.29097e-20 
1.17149 0.249785 2.78276e-20 
0.00776803 2.22989 2.77209e-19 
0.0468645 1.93732 0 
0.965556 0.0284247 0 
0.939649 0.0132179 0 
0.864287 -0.018548 0 
0.0111301 3.07423 0 
0.01966 2.94407 1.22072e-18 
0.0164522 2.95627 0 
0.00638394 2.85064 -1.21078e-18 
0.00631256 3.09122 2.96702e-19 
0.00727702 3.08272 0 
0.786791 1.82221 -1.58173e-19 
1.24769 2.49992 4.02243e-19 
0.768944 1.96188 -1.23289e-18 
0.0200256 2.98103 -6.54679e-19 
0.0359039 3.00115 0 
-0.0338672 2.87799 0 
-0.00581005 2.21716 -1.3242e-20 
-0.00806805 2.23812 -3.25922e-20 
0.0136291 1.96829 -7.75605e-21 
0.276425 1.38472 1.03839e-18 
0.230451 0.526485 -7.12219e-19 
0.0637856 1.9902 7.87675e-19 
0.136178 1.87799 -9.33911e-19 
0.179851 1.49711 9.21129e-20 
0.00295392 3.11817 -1.85851e-18 
0.0171143 3.1179 1.99032e-18 
-0.00907373 2.98092 8.22885e-19 
-0.00321087 2.97735 -7.80772e-19 
-0.0213053 2.88151 -8.38084e-19 
0.00866904 3.09903 -2.20821e-18 
0.00207435 3.10676 2.15372e-18 
0.274195 0.683595 0 
0.239283 0.673899 -1.21097e-18 
0.0959946 0.223458 5.36975e-19 
0.352173 0.918223 1.1194e-18 
0.190448 0.267163 -1.72584e-18 
1.16874 0.170026 7.34875e-20 
1.17243 0.303457 0 
1.15734 0.119038 -1.94266e-20 
-0.00196206 2.2484 -1.86498e-21 
0.00196039 2.2393 0 
0.0325792 1.97243 0 
0.340004 1.29285 -3.73688e-19 
0.370225 1.13048 -8.07641e-19 
0.204186 0.366443 1.4382e-18 
1.00587 -0.0108575 0 
1.00766 -0.0076508 5.18917e-19 
0.0163928 1.32258 0 
-0.00702311 1.29384 0 
1.00222 0.00350292 1.80253e-21 
1.00366 0.00944806 1.05908e-18 
-0.0199059 2.5504 6.84418e-21 
-0.0266129 2.5925 0 
0.0359731 3.17843 4.39297e-19 
0.394798 3.49051 0 
1.1595 0.646666 -7.08357e-20 
1.01293 0.0130698 -2.15301e-21 
1.02126 -0.0103885 0 
1.0017 0.000114355 7.61725e-23 
0.102486 1.35933 0 
0.145719 2.57375 0 
0.0182883 1.29901 0 
0.00141738 2.62788 5.24046e-20 
-0.0197918 2.58713 2.28178e-20 
1.00121 0.0287948 2.4503e-21 
1.0618 0.0035715 0 
1.09476 0.0232513 0 
-0.0233343 1.74946 0 
-0.0233915 2.59459 0 
-0.00289648 1.28751 0 
0.294927 1.47146 -1.50599e-19 
1.01127 -0.00964873 0 
1.00939 -0.0149331 0 
1.00238 0.000734322 6.63186e-19 
1.00547 -0.0048233 -7.79361e-19 
1.00118 -0.000998436 0 
-0.00469698 1.46696 0 
0.00905237 1.37114 0 
0.0139934 1.4321 0 
-0.00361384 1.27475 0 
-0.000424512 1.25291 0 
-0.00344517 1.2264 0 
1.03463 -0.00636976 0 
1.02039 0.0157072 -9.13641e-22 
0.800285 1.26545 2.39943e-19 
1.00222 0.000300968 -6.60202e-19 
1.00407 0.00524646 7.73165e-19 
1.00117 0.00206575 0 
1.01278 0.0102971 6.57423e-19 
1.00802 0.00829553 -7.96273e-19 
1.00858 0.0146916 0 
-0.0268999 2.62189 0 
-0.0277417 2.60018 -8.39035e-21 
-0.0264836 2.61426 6.79288e-21 
1.22843 0.259209 6.31873e-19 
1.15662 0.0840777 0 
0.0434126 3.0774 -9.65562e-19 
0.0654752 2.85425 -7.02354e-20 
0.141846 3.19286 1.47447e-18 
0.136962 3.22167 -2.1785e-19 
0.135229 3.2338 0 
0.0199959 3.13743 2.50187e-19 
0.0764363 3.16051 9.52757e-19 
0.0692397 3.18621 -4.71274e-19 
0.0224482 3.12983 0 
0.632214 0.285203 0 
0.56085 0.335164 0 
1.12551 0.683296 1.72424e-19 
1.12037 0.808666 -1.69445e-19 
1.18649 0.569312 0 
1.21718 0.505171 0 
1.01614 0.0132937 -1.22569e-18 
1.01498 0.0142432 1.53851e-18 
1.02524 -0.00991264 0 
1.02331 -0.0118903 0 
1.00644 0.00256468 0 
1.01041 0.00369543 0 
1.00459 0.00182252 0 
1.00979 0.00618978 0 
1.00786 0.00597472 0 
1.0045 0.00466131 0 
0.0907101 1.35623 0 
0.0849612 1.32714 0 
0.122704 1.39298 0 
0.136994 1.40377 0 
0.145816 2.59812 0 
0.185894 2.66564 -4.43633e-19 
0.101371 2.65449 0 
0.0870898 2.65791 2.18208e-19 
0.0409927 2.68063 -1.85335e-19 
0.0219177 1.30937 0 
0.0233771 1.24026 0 
0.0258554 1.3241 0 
0.0275242 1.2656 0 
0.00479901 1.98051 -1.90953e-20 
-0.018929 2.61475 5.08213e-21 
-0.00700287 2.67 4.23353e-20 
-0.0170405 2.68998 0 
-0.0228613 2.6219 -5.09545e-20 
-0.0226374 2.61682 -1.57548e-20 
0.0144841 1.9798 1.72016e-20 
-0.00525225 2.40136 -6.82003e-21 
-0.0112768 2.42231 -4.80137e-20 
1.01115 0.0365564 1.24946e-18 
1.00666 0.0161788 -1.54315e-18 
1.00242 0.0434367 -1.25011e-18 
0.980306 0.022483 1.59341e-18 
1.06308 0.00742939 0 
1.04853 -0.00863935 0 
1.09226 0.0330726 0 
1.07273 0.0116844 0 
1.07054 -0.000277995 0 
1.13731 0.0798141 0 
1.10889 0.0423342 0 
1.11195 0.0304038 0 
-0.0242515 2.44334 -1.00703e-21 
-0.0176901 2.01507 0 
-0.0153526 2.22472 0 
-0.0239544 2.61493 -3.0466e-21 
-0.0227412 2.62386 -2.05793e-22 
0.00431596 1.57032 -1.2053e-20 
0.00340605 1.49806 1.22253e-20 
-0.00752988 1.38291 0 
-0.00758395 1.39063 0 
-0.0085549 1.38695 0 
0.000225894 1.28952 0 
0.00789141 1.23261 0 
0.37767 1.48681 2.41546e-19 
0.417758 1.49059 1.34023e-19 
0.597008 2.44766 -2.4262e-19 
0.401158 2.54186 7.15845e-19 
0.35027 2.06602 7.67826e-20 
1.02097 -0.00819328 0 
1.01546 -0.00979162 0 
1.01489 -0.0155275 0 
1.00745 -0.00117191 0 
1.00494 -0.000944588 0 
1.00776 -0.0047567 0 
1.00924 -0.00370456 0 
1.01417 -0.00447243 0 
1.02112 0.0161169 1.20013e-18 
1.01797 0.0157149 -1.53791e-18 
1.02155 0.0180726 -1.2087e-18 
1.01941 0.0167482 1.51242e-18 
0.766128 1.31477 0 
0.70232 1.3664 2.22933e-19 
0.876412 1.21184 7.67382e-20 
0.919565 1.16251 -1.02055e-19 
1.15769 2.60831 3.04239e-19 
0.800406 0.113933 6.09741e-19 
1.15987 0.104894 0 
1.20589 0.188875 -5.07763e-19 
1.19002 0.151033 -2.14626e-20 
1.00438 0.148643 0 
0.135181 2.96025 5.66829e-19 
0.112343 2.86603 -1.22443e-18 
0.0224241 2.37355 8.25036e-19 
0.0905598 -0.0383833 -3.68176e-19 
0.339679 3.41977 -2.01159e-19 
0.194123 3.31249 0 
0.236981 3.35435 2.61977e-19 
0.244505 3.03359 -1.86571e-18 
0.339192 3.19282 0 
0.00573769 3.1211 4.84089e-20 
0.0160328 3.12978 -5.69773e-19 
0.0141285 3.12582 8.38588e-19 
0.0352328 3.14009 0 
0.0337587 3.15049 0 
1.21609 2.60725 0 
0.543124 0.832148 -5.42537e-19 
1.04334 0.985382 1.12766e-20 
0.978486 1.0654 0 
0.832919 0.969201 -1.19686e-19 
1.06903 0.878354 2.85776e-20 
0.36163 0.383272 -9.47864e-19 
0.680725 0.313449 -2.1067e-20 
0.638078 0.224684 4.35386e-19 
0.58195 0.368477 3.21785e-20 
0.494411 0.334381 -1.29566e-18 
0.652737 0.32828 0 
0.702717 0.417178 7.39705e-19 
0.710615 0.418348 0 
0.61687 0.356497 0 
0.577008 0.27913 0 
0.806973 0.613307 4.3735e-19 
1.22869 0.281321 -5.33292e-19 
1.22702 0.416357 0 
1.23584 0.357226 0 
0.731133 0.186255 6.45864e-19 
0.854012 0.535619 -4.01928e-19 
0.74921 0.506581 7.12471e-19 
0.951962 0.426334 -7.82844e-19 
1.01963 0.0147593 8.24877e-19 
1.0178 0.0142296 -8.29648e-19 
1.01594 0.0155107 0 
1.03607 -0.00591641 0 
1.02966 -0.00856903 -7.77427e-19 
1.02768 -0.012102 7.69727e-19 
1.025 0.00998481 0 
1.02363 0.0135852 0 
1.01142 0.00407557 0 
1.01427 0.00902096 0 
1.01514 0.00398253 0 
1.01424 0.00277517 0 
0.0612145 1.34092 0 
0.0622485 1.29734 0 
0.143578 1.36723 -1.55852e-20 
0.26985 1.46842 7.65962e-20 
0.163825 1.44023 1.58824e-19 
0.195344 1.44722 -2.60527e-19 
0.165071 1.39083 0 
0.129819 1.59435 -9.57785e-20 
0.114622 1.56711 0 
0.347833 2.01829 -1.11615e-19 
0.344757 2.34996 6.4181e-19 
0.186214 1.45128 8.35236e-20 
0.261843 1.38125 1.44993e-20 
0.196476 1.37088 -1.17352e-20 
0.27165 1.32302 -1.21073e-19 
0.239166 1.57699 0 
0.260349 1.61643 1.26823e-19 
0.0330609 2.26401 -4.12782e-20 
0.0441969 2.66919 0 
0.0665106 2.40097 1.6116e-19 
0.0622724 2.42159 0 
0.0707603 2.67078 -2.41651e-19 
0.0511724 2.69946 0 
0.0305626 1.40941 8.86879e-22 
0.0372059 1.46229 0 
0.0302742 1.3798 0 
0.0250442 1.38138 -1.00063e-21 
0.0020042 2.65539 -1.68893e-20 
0.031072 2.69837 2.12233e-19 
0.0124141 2.72472 1.48698e-21 
0.0069005 1.8277 1.65499e-20 
-0.000906616 1.67509 6.99961e-21 
0.0185566 1.2926 0 
0.0241422 1.22476 0 
0.0484225 1.57348 1.05485e-20 
0.0296427 1.4464 5.49926e-21 
0.0385485 1.51165 -6.62454e-21 
0.0406719 1.59827 0 
-0.0304739 2.27818 5.74662e-20 
-0.0299396 2.56149 -2.24021e-20 
-0.0189847 2.45676 -8.31077e-22 
-0.00158384 1.84457 -2.00515e-20 
-0.024907 2.50684 -5.85428e-21 
-0.0202133 2.44803 3.39225e-20 
1.01949 0.0208425 -8.19885e-19 
1.01561 0.0265054 8.23791e-19 
1.01475 0.0162668 0 
1.01209 0.0697173 1.15714e-18 
0.990383 0.0585702 -1.29962e-18 
0.949372 0.0429817 1.45549e-18 
1.01376 0.106813 -1.54311e-19 
1.04234 -0.00596643 0 
1.05047 -0.00178067 7.42757e-19 
1.03865 -0.01004 -7.44239e-19 
1.06967 0.0413088 -4.42642e-20 
1.06355 0.0224446 3.80988e-19 
1.06241 0.0541368 0 
1.05294 0.0481387 -1.37041e-19 
1.03246 0.0410701 0 
1.02597 0.03733 0 
1.02783 0.0129482 0 
1.02421 0.0157408 0 
1.03992 0.0312737 2.82082e-19 
1.03913 0.0261349 -6.229e-19 
1.05047 0.0325906 -2.99153e-19 
1.04844 0.0324131 -3.29218e-19 
1.07011 0.0629818 6.44348e-19 
1.09476 0.0504839 0 
1.10282 0.0942787 0 
-0.0243511 2.28412 3.35423e-20 
-0.0165 2.03023 -1.51895e-21 
-0.0177671 2.03279 0 
-0.0306413 2.45458 -3.33963e-20 
-0.0249253 2.41015 2.49352e-21 
-0.0305228 2.48297 1.76062e-21 
-0.0218117 2.63089 1.39081e-20 
-0.023174 2.57355 -1.34418e-21 
-0.0218648 2.52335 4.09079e-21 
-0.0187062 2.62668 -1.30815e-21 
-0.0235672 2.62709 2.95958e-21 
-0.00305359 1.48345 -6.96329e-22 
0.00618553 1.6191 -9.39565e-21 
0.364374 1.42987 -9.86925e-20 
0.364014 1.36883 5.2004e-20 
0.647038 1.41514 -2.15611e-19 
0.515709 1.48132 -1.30959e-19 
0.570372 1.4503 0 
0.592641 2.42393 2.13814e-19 
0.660582 2.41704 3.42028e-19 
0.410178 2.51585 8.46118e-20 
0.40275 2.54375 -6.40719e-19 
0.511123 2.48878 6.27506e-19 
0.551991 2.46149 0 
0.488548 2.51635 -5.70525e-19 
0.247936 2.59045 1.18934e-18 
0.353317 2.56416 -8.13457e-20 
0.283884 2.65195 -1.63332e-18 
0.944612 2.38107 7.34124e-19 
0.836776 2.38377 0 
1.01101 0.000442956 2.69047e-20 
1.01525 -0.00548668 -2.18407e-20 
1.01764 -0.00362443 -3.98995e-19 
1.01494 -0.000951376 4.00885e-19 
1.01236 0.00106761 0 
0.635116 1.2843 0 
0.656603 1.1817 0 
0.76367 1.09271 0 
0.649476 1.14491 0 
1.18705 2.62271 5.85038e-20 
1.0754 2.36826 0 
0.839281 2.18634 3.9016e-21 
0.825743 2.44797 0 
0.922964 2.53932 -4.32718e-19 
0.958471 2.49507 2.88013e-19 
0.815004 0.170273 0 
0.77656 0.14182 1.66109e-19 
0.921957 0.143114 9.6692e-19 
0.837917 0.145585 -3.61266e-19 
0.806048 0.0833467 -1.11433e-18 
1.07764 0.231545 -9.33334e-19 
0.992143 0.289091 -1.5784e-20 
0.926084 0.289511 8.93767e-19 
1.00188 0.220106 7.47175e-19 
0.952711 0.186803 -1.28574e-18 
0.917273 0.188275 1.60714e-19 
0.953773 0.252228 -3.43476e-19 
0.931489 0.214748 0 
0.992061 0.182254 6.34721e-19 
1.04323 0.184666 0 
1.03988 0.210654 0 
1.10559 0.116946 3.00032e-19 
1.0667 0.173566 -1.42141e-20 
1.07237 0.232613 -1.64094e-19 
1.10405 0.20051 0 
1.02268 0.0450331 6.36282e-19 
1.0407 0.0575984 7.9361e-19 
1.03403 0.0438629 -6.31092e-19 
1.04321 0.0642498 -5.31768e-19 
1.01925 0.0721453 -8.13823e-19 
0.987804 0.15549 0 
0.999018 0.103126 0 
0.966418 0.0653726 -5.18511e-19 
0.914737 0.0884526 2.03645e-19 
1.0384 0.10251 7.35338e-19 
1.06785 0.119966 -8.66342e-19 
1.07311 0.152559 7.74001e-19 
1.02929 0.141282 0 
1.07398 0.106885 0 
1.05478 0.0894485 -3.54036e-19 
1.04466 0.0939137 -6.02071e-19 
0.581218 1.07622 1.43449e-19 
0.612948 1.40762 -4.50956e-20 
1.15757 2.73946 -2.32849e-19 
1.22405 3.08051 2.59144e-21 
1.24963 2.72175 -1.44349e-19 
1.27952 2.70549 -2.44271e-20 
1.20763 2.34586 -1.02736e-20 
1.21133 2.98459 -9.75117e-20 
1.23074 2.94989 2.41215e-19 
1.21501 3.23394 -1.41946e-19 
1.37569 2.96583 1.96294e-19 
1.3661 2.88399 0 
0.549652 0.840196 -5.07805e-20 
0.133687 1.25025 5.83628e-19 
0.535496 0.435213 6.12578e-19 
0.374143 0.185653 6.75389e-19 
0.522128 0.368812 7.32003e-19 
0.546853 0.46836 -1.17724e-18 
0.54829 0.46937 9.6131e-19 
0.493986 0.38574 -3.70028e-19 
0.410788 0.317655 8.38401e-19 
0.736242 0.249293 -3.69807e-19 
0.698975 0.276405 0 
0.675473 0.197799 8.85774e-21 
0.732981 0.506193 3.89226e-19 
0.70537 0.475899 -1.41935e-18 
0.61646 0.466552 1.4776e-20 
0.625102 0.45315 0 
0.680676 0.72855 4.10326e-19 
0.836045 0.773041 4.1884e-19 
0.758835 0.85571 -4.89387e-19 
0.880268 0.808586 -1.66791e-19 
0.909376 0.851657 -4.1812e-20 
0.917125 0.852062 4.28211e-20 
0.851189 0.644965 -7.25724e-19 
0.931373 0.702374 1.5496e-19 
0.986624 0.716112 0 
0.978024 0.691935 -2.1215e-19 
1.02188 0.326408 2.25785e-19 
1.14331 0.296145 3.10659e-19 
1.06455 0.266407 3.81778e-19 
1.01021 0.358263 -4.53938e-19 
1.05838 0.422201 0 
1.11238 0.407949 0 
0.916405 0.358839 6.17034e-21 
0.840583 0.29102 0 
0.878311 0.28677 4.20729e-19 
0.907387 0.295773 -4.67784e-21 
0.945676 0.428732 2.18286e-18 
0.904331 0.487436 5.64816e-19 
0.907389 0.451541 -5.99589e-19 
0.824251 0.435279 6.42197e-19 
0.807514 0.429177 3.85321e-19 
0.777315 0.411717 -3.78714e-19 
1.02717 -0.000509949 6.64681e-19 
1.02 -0.000129205 0 
1.01848 0.000799997 4.33235e-19 
1.0216 -0.00176573 -9.81469e-19 
1.0223 0.00424817 4.76792e-19 
1.02041 0.0111619 -9.98482e-19 
1.02136 0.010559 0 
1.02066 0.0108396 -2.08039e-19 
1.01599 0.00766223 5.21887e-19 
1.01671 0.0104213 -2.6039e-19 
1.01742 0.00976969 1.91782e-19 
0.0279734 1.31557 0 
0.0328623 1.35358 0 
0.0425739 1.31836 0 
0.0417872 1.27538 0 
0.070621 1.38003 6.64176e-21 
0.0772172 1.35178 5.13144e-21 
0.110822 1.51088 -2.75396e-20 
0.0939197 1.36163 7.19464e-21 
0.0341023 1.45156 -2.84369e-20 
0.037933 1.44462 2.22386e-20 
0.0617178 1.36413 -7.90034e-21 
0.0540036 1.36587 6.7429e-21 
0.0460556 1.34123 8.22218e-22 
0.0379576 1.36341 -2.33154e-21 
0.107504 2.37171 -1.78243e-19 
0.0964341 2.41881 0 
0.17063 2.0476 1.17955e-19 
0.109452 1.71034 5.12563e-20 
0.229561 2.04449 -9.65956e-20 
0.204507 2.43711 0 
0.264842 2.38856 -6.23476e-19 
0.302605 2.38664 4.423e-19 
0.229742 2.00437 -2.68867e-19 
0.15364 2.16487 1.77684e-19 
0.143851 2.27636 0 
0.0202355 1.87341 -3.62472e-20 
0.000472154 2.39709 -8.4064e-20 
0.00635303 2.15005 0 
0.0129208 2.45858 -1.39333e-20 
0.028632 2.30294 2.9826e-20 
0.023806 1.39245 -1.71367e-21 
0.0218179 1.37954 3.22134e-20 
0.0203931 1.38324 -1.37831e-20 
0.0249452 1.38218 -5.2649e-21 
0.0297842 1.41343 0 
0.0174314 1.36424 0 
0.00570418 1.28682 -1.78631e-20 
0.0124054 1.35418 4.41091e-21 
0.014007 1.35575 0 
0.0160992 1.28273 -1.31612e-20 
0.0223764 1.21522 2.77912e-20 
1.04039 0.0113001 0 
1.04644 0.00757031 -6.96836e-20 
1.03855 0.0209337 -5.02238e-19 
1.04802 0.0198192 0 
1.05186 0.0196606 0 
1.03628 0.0113381 -6.67148e-21 
1.03093 0.0111981 8.06353e-19 
1.03178 0.0161426 9.77916e-19 
1.0258 0.020064 0 
1.02299 0.0204518 0 
1.03514 0.0246273 5.00982e-19 
1.02611 0.0259877 0 
1.02436 0.0260485 0 
-0.0167755 2.02415 0 
0.00614114 1.65121 -5.44164e-21 
-0.00534212 1.75921 -2.2132e-20 
0.00522288 1.36449 0 
-0.00996446 1.54543 -2.94842e-21 
0.00537794 1.44765 3.35477e-21 
0.00321951 1.37311 0 
0.389977 1.66741 0 
0.366412 1.2974 -9.70492e-20 
0.30123 1.34146 0 
0.420143 1.29622 4.11337e-20 
0.466367 1.45699 0 
0.447191 1.40168 8.7485e-21 
1.03598 2.68711 -1.56272e-20 
0.965866 2.41146 -9.22849e-19 
0.916375 2.19305 1.05177e-18 
0.850313 2.37614 2.44908e-19 
0.847728 2.49787 0 
0.917612 2.49413 0 
0.927944 2.3745 0 
0.906842 2.36126 -9.51909e-19 
0.688997 2.46549 -4.05837e-19 
0.801339 2.45564 -9.97948e-20 
0.811941 2.42943 7.60412e-20 
0.694984 2.39198 0 
0.799892 2.38803 0 
0.758493 2.40029 -3.72043e-19 
0.769215 2.48751 0 
0.617129 1.09925 0 
0.486055 0.926112 -5.12117e-19 
0.556778 0.960817 -3.25618e-20 
0.522926 1.05558 0 
0.524004 1.00474 7.68879e-19 
0.781606 0.880526 -1.37722e-19 
0.788826 1.01757 0 
0.763414 0.978571 2.00465e-19 
0.649523 1.03563 0 
0.654277 0.942972 0 
1.16543 2.76152 -2.37975e-19 
1.14321 2.82493 -1.01628e-19 
0.932776 2.34461 1.07193e-19 
0.900356 2.32293 -8.558e-20 
1.13037 2.73489 0 
1.08367 2.705 1.03023e-19 
1.09033 2.48765 -3.2308e-19 
0.984388 2.23653 -3.06629e-20 
0.497171 1.35247 0 
0.511181 1.0758 -1.26513e-19 
0.565888 1.16764 0 
0.857961 0.227242 0 
0.784867 0.180913 0 
0.725159 0.142211 0 
0.85365 0.232381 -6.62229e-19 
0.756714 0.217213 3.88049e-19 
0.930333 0.0749435 -4.20626e-19 
0.945912 0.121082 0 
0.925385 0.134816 1.80314e-19 
0.86442 0.109952 7.23839e-19 
0.83376 0.0674764 -4.52892e-19 
1.16181 3.35918 -7.17717e-19 
1.20981 3.27849 0 
1.15994 3.38734 -1.48026e-18 
0.64733 3.54816 1.25743e-18 
0.871985 3.11559 6.60422e-20 
0.519887 0.845174 6.12914e-19 
0.434172 0.841404 0 
0.334307 0.472392 -1.55081e-19 
0.456277 0.675556 8.80187e-19 
0.538481 0.44009 -2.1201e-19 
0.510489 0.500108 2.43123e-19 
0.664239 0.524624 5.25086e-19 
0.694936 0.548622 0 
0.648356 0.605021 0 
0.605249 0.545883 0 
0.993598 0.60087 1.02961e-19 
0.908937 0.536713 -5.49571e-19 
0.935086 0.571235 4.18486e-19 
0.969013 0.507167 -4.24681e-19 
1.07362 0.479674 0 
1.08068 0.569592 -1.06334e-19 
0.847324 0.388043 -8.78685e-19 
0.850201 0.376579 -1.08587e-18 
0.795285 0.378502 6.85253e-19 
0.793126 0.349342 -7.0071e-19 
0.842502 0.310268 -5.47693e-19 
0.793666 0.308147 6.722e-19 
1.02669 0.00570405 -5.09051e-19 
1.02641 0.00593239 1.03728e-18 
1.02933 -0.000117218 6.4443e-19 
1.03339 0.000766601 -7.76191e-19 
1.03356 0.00864409 0 
1.03007 0.00924981 -1.26222e-18 
0.0648394 1.64469 2.78708e-20 
0.0458679 1.5756 0 
0.0865713 1.6957 1.72353e-19 
0.0959829 1.67701 -1.53025e-19 
0.0883622 1.52852 5.16604e-20 
0.087054 1.51152 0 
0.0164256 1.67457 0 
0.00386472 1.4773 -1.27943e-21 
0.00497565 1.42093 1.15126e-21 
-0.00248199 1.53882 4.98279e-21 
0.00354571 1.88181 -2.47677e-21 
-0.00888015 1.93454 4.73846e-21 
0.496412 1.37103 -2.88708e-19 
0.48981 1.37446 3.16638e-19 
0.44486 1.29337 -4.63674e-20 
0.434352 1.29203 8.68015e-21 
0.626997 1.29919 0 
0.544124 1.38739 8.57966e-20 
0.559636 1.39558 -8.35189e-20 
0.455542 1.27947 4.50892e-20 
0.510517 1.23441 0 
0.563096 1.20131 0 
0.655516 2.42431 5.96313e-19 
0.669817 2.46151 1.29011e-18 
0.71585 2.47337 -8.88745e-19 
0.614649 2.4484 -2.08485e-19 
0.560251 2.54092 2.90492e-19 
0.509572 2.51424 -7.74273e-19 
0.976675 2.38088 -5.88675e-19 
1.01283 2.39439 0 
0.92299 2.17121 -6.81788e-19 
1.05384 2.68433 0 
1.05607 2.67112 0 
0.611622 2.27203 -1.21324e-19 
1.04277 3.16218 1.31715e-19 
0.913754 3.03215 -3.51662e-20 
0.279577 0.902523 0 
0.317605 0.760168 -3.23615e-19 
0.479593 0.717491 -3.26053e-19 
0.388795 2.01855 0 
0.466807 2.78455 -4.5973e-20 
0.42277 2.54822 0 
0.696761 0.675948 -8.6991e-19 
0.779873 0.677744 1.18475e-18 
0.800165 0.620382 -1.17287e-18 
0.676488 0.638543 -1.12533e-19 
0.732017 0.591329 -4.65811e-19 
1.00519 2.76487 -1.00158e-19 
1.04279 2.82218 -1.70365e-19 
0.640052 2.14682 6.76086e-19 
0.596832 1.71337 -4.81432e-19 
0.700433 1.9066 -4.11814e-19 
0.99089 2.44837 -1.14481e-19 
0.995931 2.44166 3.03749e-19 
0.66093 1.84461 2.85262e-20 
0.452749 1.33409 1.48017e-19 
))
(300 (2 10 3 0 0 919 1018)(
0 0 0 
0 0 0 
0 0 0 
0 0 0 
0 0 0 
0 0 0 
0 0 0 
0 0 0 
0 0 0 
0 0 0 
0 0 0 
0 0 0 
0 0 0 
0 0 0 
0 0 0 
0 0 0 
0 0 0 
0 0 0 
0 0 0 
0 0 0 
0 0 0 
0 0 0 
0 0 0 
0 0 0 
0 0 0 
0 0 0 
0 0 0 
0 0 0 
0 0 0 
0 0 0 
0 0 0 
0 0 0 
0 0 0 
0 0 0 
0 0 0 
0 0 0 
0 0 0 
0 0 0 
0 0 0 
0 0 0 
0 0 0 
0 0 0 
0 0 0 
0 0 0 
0 0 0 
0 0 0 
0 0 0 
0 0 0 
0 0 0 
0 0 0 
0 0 0 
0 0 0 
0 0 0 
0 0 0 
0 0 0 
0 0 0 
0 0 0 
0 0 0 
0 0 0 
0 0 0 
0 0 0 
0 0 0 
0 0 0 
0 0 0 
0 0 0 
0 0 0 
0 0 0 
0 0 0 
0 0 0 
0 0 0 
0 0 0 
0 0 0 
0 0 0 
0 0 0 
0 0 0 
0 0 0 
0 0 0 
0 0 0 
0 0 0 
0 0 0 
0 0 0 
0 0 0 
0 0 0 
0 0 0 
0 0 0 
0 0 0 
0 0 0 
0 0 0 
0 0 0 
0 0 0 
0 0 0 
0 0 0 
0 0 0 
0 0 0 
0 0 0 
0 0 0 
0 0 0 
0 0 0 
0 0 0 
0 0 0 
))
(300 (2 11 3 0 0 1019 1026)(
1 0 0 
1 0 0 
1 0 0 
1 0 0 
1 0 0 
1 0 0 
1 0 0 
1 0 0 
))
(300 (2 12 3 0 0 1027 1030)(
0 3 0 
0 3 0 
0 3 0 
0 3 0 
))
(300 (2 13 3 0 0 1031 1038)(
0.00311084 0.833305 0 
-0.0114372 2.0417 3.73975e-20 
0.00479028 1.14695 0 
-0.0143978 2.61068 0 
-0.0211217 2.00856 0 
0.036408 1.38808 0 
0.00561637 1.56894 0 
-0.0206862 2.40292 0 
))
(300 (2 14 3 0 0 1039 1072)(
0 0 0 
0 0 0 
0 0 0 
0 0 0 
0 0 0 
0 0 0 
0 0 0 
0 0 0 
0 0 0 
0 0 0 
0 0 0 
0 0 0 
0 0 0 
0 0 0 
0 0 0 
0 0 0 
0 0 0 
0 0 0 
0 0 0 
0 0 0 
0 0 0 
0 0 0 
0 0 0 
0 0 0 
0 0 0 
0 0 0 
0 0 0 
0 0 0 
0 0 0 
0 0 0 
0 0 0 
0 0 0 
0 0 0 
0 0 0 
))
(300 (2 15 3 0 0 1073 1072)(
))
