(0 "FOAM to Fluent data File")

(33 (918 3444 1074))
(300 (1 1 1 0 0 1 918)(
0.454095
1.10758
0.00596433
0.453363
-0.0350625
1.0746
-0.605735
0.625734
0.434199
-0.188826
-0.133269
0.427777
0.935289
0.700096
-1.23252
-0.0247935
0.577128
-0.483474
0.433191
-0.220299
0.659142
0.44082
0.443858
0.434451
0.494203
0.681311
0.815949
-0.0680558
-0.00314056
-0.0504233
-0.0918534
-0.157014
-0.165925
0.958247
1.00933
1.03201
0.402745
0.229545
-0.464113
-0.536011
-0.527483
-0.654478
0.617695
0.620159
-0.271228
0.626015
0.636202
0.42148
0.433562
0.434465
0.435575
0.434511
0.435917
0.316578
-0.19776
-0.225769
-0.166813
-0.160717
-0.00795727
-0.130192
-0.134806
-0.136527
-0.147738
0.354928
0.424148
0.421299
0.432398
0.439661
1.04713
1.01905
1.04518
0.958861
0.975343
0.913273
0.885785
0.721676
0.743419
0.684231
0.671916
-1.67087
-2.63474
-0.635908
-0.381347
-0.0376722
0.0183689
-0.0144593
0.567439
0.568315
0.577694
0.590014
0.97535
-0.480468
-0.610072
0.433332
0.43212
0.440512
0.441199
0.437208
0.436302
-0.232175
-0.218924
-0.135261
-0.216334
-0.186978
0.647517
0.646406
0.434997
0.432021
0.447228
0.4671
0.45924
0.190117
0.499631
0.515204
0.501892
0.668837
0.664787
0.67298
0.789547
0.752256
0.853141
0.876533
-0.0396066
-0.0301953
-0.0251191
-0.112117
-0.0817752
0.398718
0.391499
0.417228
0.40608
0.408481
0.144637
0.00869036
0.316145
0.341477
-0.373972
-0.437681
-0.54121
-0.558964
-0.673521
0.494252
0.606004
0.606849
-0.290655
-0.210448
-0.349038
-0.136864
-0.199197
0.411966
0.418797
0.413894
0.429216
0.42373
0.42566
0.437783
0.434877
0.436426
0.379044
0.501677
0.242609
0.209639
-0.342904
-0.245707
-0.34287
-0.15045
-0.144882
-0.00471151
0.0152084
-0.013471
-0.0234649
-0.141667
-0.137609
-0.141686
-0.161513
-0.170104
0.347693
0.337108
0.36679
0.373749
0.415061
0.416064
0.41894
0.4176
0.836636
0.859095
0.866459
0.840169
-3.63741
-6.44406
-0.051682
0.0878159
-0.0844902
-0.0828959
-0.0409401
-0.0697304
-0.0320559
-0.0133848
-0.018484
-0.031382
-0.00393448
-0.00341459
0.552657
0.552774
0.891966
0.887904
0.876741
0.82704
0.421346
0.423491
0.429054
0.424902
-0.191837
-0.208816
-0.19891
0.634151
0.641532
0.641378
0.154206
0.0704657
0.237638
0.26481
0.538301
0.520807
0.535528
0.564295
0.599629
0.884065
0.902236
0.900492
0.908778
0.952824
0.969233
0.934559
0.379189
0.388557
0.383824
0.420508
0.418158
0.41913
0.41437
0.416027
0.413736
-0.144026
-0.528847
0.401246
0.417057
0.390504
0.400474
0.570058
0.641086
0.589146
0.597495
0.598383
-0.0706692
-0.128716
0.164967
0.134003
0.290784
0.325279
0.305434
0.807815
0.768059
0.818114
0.791654
0.752974
0.779284
-0.480849
-1.99675
-1.10691
0.443853
0.254663
0.343613
-0.0342807
-0.0358643
-0.0250376
0.878752
0.958451
0.558963
0.721258
0.732757
0.6387
0.669481
0.725376
0.64817
0.684712
0.721871
0.70319
0.452059
0.413223
0.413766
0.709047
0.764382
0.0435438
-0.0100013
-0.0547805
0.0322566
0.0909994
0.0651193
0.925866
0.822146
0.894871
0.431759
0.432445
-0.126766
-0.158742
0.436547
0.436561
-0.121321
-0.197144
0.325519
-0.942259
0.0318307
0.424978
0.41534
0.432202
-0.17888
0.271681
-0.12351
-0.0130945
-0.0547525
0.425212
0.364354
0.326307
-0.196612
-0.0672171
-0.234243
-0.305062
0.42943
0.427745
0.431669
0.432688
0.433336
-0.233955
-0.202569
-0.16318
-0.288514
-0.227478
-0.237662
0.397112
0.413887
-0.258874
0.431797
0.433934
0.433747
0.426899
0.432542
0.430797
-0.104796
-0.161645
-0.11381
0.140285
0.25739
0.573157
0.669417
0.537925
0.311123
0.0718191
0.472804
0.538586
0.440597
0.599584
0.599077
0.616764
0.0940092
-0.0535389
0.10258
0.0464475
0.422862
0.421514
0.413602
0.410734
0.42708
0.425173
0.429732
0.426676
0.429625
0.431068
-0.133233
-0.149572
-0.17537
-0.233518
0.231869
0.492122
0.165218
0.196793
0.0708522
-0.118796
-0.124389
-0.124571
-0.135479
-0.0776179
-0.0766292
-0.0246002
-0.00929001
-0.0316337
-0.0496308
-0.0783009
-0.0859032
-0.0948274
0.419078
0.417982
0.424028
0.431624
0.373417
0.377442
0.344057
0.363623
0.349457
0.291545
0.32559
0.300602
-0.118117
-0.195704
-0.106646
-0.0937923
-0.0415029
-0.282056
-0.306888
-0.328848
-0.260221
-0.274949
-0.22079
-0.221179
-0.264993
-0.378606
0.878379
0.820195
0.0154325
0.418673
0.425042
0.421876
0.426605
0.429708
0.430601
0.42835
0.424868
0.414517
0.416332
0.412665
0.413144
-0.199207
-0.336528
-0.160226
-0.227391
0.0378182
0.530848
0.270919
0.21203
0.205813
0.425471
0.820631
0.617392
0.616095
0.639832
-0.446309
-0.0497599
-0.379299
0.238884
0.0613444
0.572668
0.622904
0.644234
0.591702
0.543198
-0.215226
0.443945
-0.146863
-0.102604
0.0890323
-0.0176077
0.616488
0.582096
0.587001
0.604069
0.622745
0.58774
0.56619
0.561198
0.600695
0.606395
0.39971
0.172939
0.128363
0.0902824
0.565943
0.44114
0.499477
0.413111
0.417728
0.420579
0.419153
0.401853
0.409003
0.404806
0.410412
0.413558
0.422805
0.423133
0.41859
0.420788
-0.13714
-0.143687
-0.11653
-0.229923
-0.21784
-0.273797
-0.159134
-0.0249431
-0.0568835
0.131201
0.237774
-0.0511946
-0.164235
-0.134332
-0.105122
0.0757699
0.101325
-0.0109459
0.0874666
0.0648939
0.051936
0.15265
0.162063
-0.110598
-0.107853
-0.119706
-0.118213
-0.0440679
0.0202455
0.0330258
-0.10232
-0.0754389
-0.122924
-0.146058
-0.110365
-0.110047
-0.103174
-0.0711323
-0.234082
-0.143367
-0.115626
-0.111264
-0.0747668
-0.0822764
0.413117
0.414853
0.414723
0.422027
0.437716
0.45238
0.415041
0.395182
0.386352
0.389262
0.363657
0.373348
0.369912
0.38212
0.402013
0.410115
0.408619
0.411106
0.394435
0.396049
0.383658
0.386807
0.364011
0.345869
0.334554
-0.223378
-0.211694
-0.227796
-0.152066
-0.146434
-0.13889
-0.0569675
-0.0694714
-0.0680416
-0.0494674
-0.0482822
-0.305491
-0.293067
-0.176196
-0.0993174
-0.283379
-0.315353
-0.384347
0.785191
0.900218
0.711694
0.491098
0.497759
0.734006
0.823341
0.457031
0.632701
0.660709
0.466401
0.725394
0.42345
0.423018
0.420686
0.420157
0.421388
-0.112382
-0.012984
-0.00133104
0.0520928
0.169746
0.284382
0.199337
0.0718158
0.206615
0.213173
0.525346
0.541685
0.487768
0.512042
0.509648
0.337614
0.414787
0.470192
0.423346
0.468622
0.490925
0.451645
0.482024
0.428254
0.385793
0.38456
0.330382
0.351261
0.329115
0.311311
0.41304
0.391148
0.401447
0.392078
0.411743
0.438326
0.43273
0.459197
0.470717
0.39737
0.357709
0.367192
0.395191
0.356217
0.369155
0.384629
0.11929
0.0191542
0.104531
-0.187895
-0.106682
-0.122434
-0.168987
-0.123518
0.162984
-0.536163
-0.509716
-1.14321
0.384759
0.851842
0.571094
0.542002
0.618186
0.59638
0.599116
0.622477
0.629754
0.555652
0.572976
0.577485
0.531264
0.555047
0.577611
0.576043
0.416194
0.291896
0.282962
0.243905
0.120574
0.153408
0.356519
0.278291
0.205726
0.210631
0.373225
0.26325
0.329078
0.367284
0.299003
0.254541
0.456124
0.52321
0.51385
0.489098
0.404927
0.417109
0.442947
0.478445
0.505501
0.53787
0.41026
0.416057
0.417342
0.414921
0.412044
0.414891
0.414936
0.417476
0.418355
0.421282
0.420254
-0.133131
-0.123479
-0.131029
-0.139465
-0.109912
-0.116993
-0.0683324
-0.0793731
-0.0951009
-0.0873235
-0.116051
-0.120248
-0.111426
-0.104372
0.0057955
0.0217976
0.0116864
-0.034052
0.143984
0.277725
0.343225
0.223993
0.117061
0.143224
0.169608
-0.0985953
-0.0520282
-0.0720477
-0.0352017
-0.0519419
-0.125326
-0.142008
-0.14868
-0.0958497
-0.106051
-0.17326
-0.213595
-0.196112
-0.183301
-0.155082
-0.18917
0.397477
0.39113
0.392163
0.386386
0.385291
0.39867
0.402799
0.404573
0.409756
0.411502
0.402322
0.407627
0.410995
-0.168179
-0.25743
-0.230568
-0.188745
-0.216202
-0.262296
-0.226493
0.00992482
-0.0634371
-0.0574703
-0.0992217
-0.22141
-0.166811
0.374742
0.374308
0.383102
0.59986
0.452292
0.372307
0.468697
0.572486
0.1562
0.356815
0.188204
0.770339
0.660996
0.805257
0.427101
0.132287
0.2871
0.336567
0.145923
0.218586
0.223507
0.113096
0.145505
0.176226
0.27533
0.15618
0.130835
-0.112905
0.0733732
0.193138
0.173439
0.304696
0.369335
0.145881
0.0696061
0.0239299
0.517386
0.537413
0.556217
0.52588
0.550754
0.472947
0.464723
0.482862
0.490953
0.484862
-0.871094
-0.578579
-1.52374
-0.838753
-0.388284
0.415798
0.379641
0.652224
0.543026
0.60848
0.594114
0.554814
0.52046
0.532238
0.564785
0.266525
0.376237
0.350504
0.35707
0.259915
0.193446
0.49198
0.485341
0.522412
0.546382
0.512806
0.546503
0.408127
0.407782
0.407169
0.403877
0.402446
0.404469
-0.025928
-0.057364
-0.0251278
-0.0475784
-0.0717137
-0.0805591
-0.123884
-0.142467
-0.161929
-0.172531
-0.158335
-0.118873
0.0496929
-0.00716891
-0.0821616
-0.0532032
-0.110188
-0.173303
-0.193049
-0.0946228
-0.00565725
-0.0134258
0.28907
0.540125
0.363221
0.532389
0.370602
0.426511
0.374402
0.36537
0.395964
0.272133
0.34894
0.116103
-0.388294
-0.296912
0.668965
0.687852
0.472915
0.286522
0.0566059
0.244594
0.443665
0.381338
0.420451
0.488787
0.481285
-0.0985341
-0.0318609
0.230734
0.458972
0.125301
0.116218
0.111612
0.286493
0.21027
))
(300 (1 10 1 0 0 919 1018)(
0.454095
1.10758
0.00596433
0.453363
1.0746
-0.605735
0.625734
-0.188826
-0.133269
0.427777
0.935289
0.700096
-1.23252
0.577128
-0.483474
0.433191
-0.220299
0.659142
0.434451
0.494203
0.681311
0.815949
-0.0680558
0.958247
0.402745
-0.536011
-0.654478
0.620159
-0.271228
0.636202
0.42148
-0.225769
-0.160717
-0.134806
-0.147738
0.354928
0.421299
0.439661
0.975343
0.885785
0.743419
0.671916
-2.63474
-0.381347
0.568315
0.590014
-0.610072
0.43212
0.436302
-0.218924
-0.186978
0.646406
0.432021
0.45924
0.190117
0.515204
0.501892
0.67298
0.752256
0.876533
0.391499
0.417228
0.408481
-0.437681
-0.673521
0.606849
-0.349038
-0.199197
0.413894
0.42566
-0.34287
-0.144882
-0.141686
-0.170104
0.337108
0.373749
0.415061
0.4176
0.840169
0.0878159
0.552774
0.421346
0.424902
-0.19891
0.641378
0.0704657
0.26481
0.535528
0.599629
0.908778
0.383824
0.41913
0.413736
0.598383
-0.128716
0.305434
0.791654
0.343613
0.684712
-0.0547805
))
(300 (1 11 1 0 0 919 926)(
0.454095
0.453363
0.434199
0.44082
0.434465
0.435917
0.440512
0.436426
))
(300 (1 12 1 0 0 919 922)(
1.10758
1.0746
1.03201
1.04518
))
(300 (1 13 1 0 0 919 926)(
0
0
0
0
0
0
0
0
))
(300 (1 14 1 0 0 919 952)(
-0.0350625
-0.0247935
-0.165925
0.229545
0.316578
-0.00795727
-0.0144593
0.97535
-0.0817752
0.00869036
0.341477
0.494252
0.501677
0.209639
0.0152084
-0.0234649
-6.44406
-0.018484
-0.00341459
0.887904
0.82704
-0.528847
0.401246
0.400474
0.641086
0.134003
-1.10691
-0.0250376
0.958451
0.732757
0.413766
0.764382
0.0651193
0.894871
))
(300 (1 15 1 0 0 919 2754)(
0.454095
0.454095
1.10758
1.10758
0.00596433
0.00596433
0.453363
0.453363
-0.0350625
-0.0350625
1.0746
1.0746
-0.605735
-0.605735
0.625734
0.625734
0.434199
0.434199
-0.188826
-0.188826
-0.133269
-0.133269
0.427777
0.427777
0.935289
0.935289
0.700096
0.700096
-1.23252
-1.23252
-0.0247935
-0.0247935
0.577128
0.577128
-0.483474
-0.483474
0.433191
0.433191
-0.220299
-0.220299
0.659142
0.659142
0.44082
0.44082
0.443858
0.443858
0.434451
0.434451
0.494203
0.494203
0.681311
0.681311
0.815949
0.815949
-0.0680558
-0.0680558
-0.00314056
-0.00314056
-0.0504233
-0.0504233
-0.0918534
-0.0918534
-0.157014
-0.157014
-0.165925
-0.165925
0.958247
0.958247
1.00933
1.00933
1.03201
1.03201
0.402745
0.402745
0.229545
0.229545
-0.464113
-0.464113
-0.536011
-0.536011
-0.527483
-0.527483
-0.654478
-0.654478
0.617695
0.617695
0.620159
0.620159
-0.271228
-0.271228
0.626015
0.626015
0.636202
0.636202
0.42148
0.42148
0.433562
0.433562
0.434465
0.434465
0.435575
0.435575
0.434511
0.434511
0.435917
0.435917
0.316578
0.316578
-0.19776
-0.19776
-0.225769
-0.225769
-0.166813
-0.166813
-0.160717
-0.160717
-0.00795727
-0.00795727
-0.130192
-0.130192
-0.134806
-0.134806
-0.136527
-0.136527
-0.147738
-0.147738
0.354928
0.354928
0.424148
0.424148
0.421299
0.421299
0.432398
0.432398
0.439661
0.439661
1.04713
1.04713
1.01905
1.01905
1.04518
1.04518
0.958861
0.958861
0.975343
0.975343
0.913273
0.913273
0.885785
0.885785
0.721676
0.721676
0.743419
0.743419
0.684231
0.684231
0.671916
0.671916
-1.67087
-1.67087
-2.63474
-2.63474
-0.635908
-0.635908
-0.381347
-0.381347
-0.0376722
-0.0376722
0.0183689
0.0183689
-0.0144593
-0.0144593
0.567439
0.567439
0.568315
0.568315
0.577694
0.577694
0.590014
0.590014
0.97535
0.97535
-0.480468
-0.480468
-0.610072
-0.610072
0.433332
0.433332
0.43212
0.43212
0.440512
0.440512
0.441199
0.441199
0.437208
0.437208
0.436302
0.436302
-0.232175
-0.232175
-0.218924
-0.218924
-0.135261
-0.135261
-0.216334
-0.216334
-0.186978
-0.186978
0.647517
0.647517
0.646406
0.646406
0.434997
0.434997
0.432021
0.432021
0.447228
0.447228
0.4671
0.4671
0.45924
0.45924
0.190117
0.190117
0.499631
0.499631
0.515204
0.515204
0.501892
0.501892
0.668837
0.668837
0.664787
0.664787
0.67298
0.67298
0.789547
0.789547
0.752256
0.752256
0.853141
0.853141
0.876533
0.876533
-0.0396066
-0.0396066
-0.0301953
-0.0301953
-0.0251191
-0.0251191
-0.112117
-0.112117
-0.0817752
-0.0817752
0.398718
0.398718
0.391499
0.391499
0.417228
0.417228
0.40608
0.40608
0.408481
0.408481
0.144637
0.144637
0.00869036
0.00869036
0.316145
0.316145
0.341477
0.341477
-0.373972
-0.373972
-0.437681
-0.437681
-0.54121
-0.54121
-0.558964
-0.558964
-0.673521
-0.673521
0.494252
0.494252
0.606004
0.606004
0.606849
0.606849
-0.290655
-0.290655
-0.210448
-0.210448
-0.349038
-0.349038
-0.136864
-0.136864
-0.199197
-0.199197
0.411966
0.411966
0.418797
0.418797
0.413894
0.413894
0.429216
0.429216
0.42373
0.42373
0.42566
0.42566
0.437783
0.437783
0.434877
0.434877
0.436426
0.436426
0.379044
0.379044
0.501677
0.501677
0.242609
0.242609
0.209639
0.209639
-0.342904
-0.342904
-0.245707
-0.245707
-0.34287
-0.34287
-0.15045
-0.15045
-0.144882
-0.144882
-0.00471151
-0.00471151
0.0152084
0.0152084
-0.013471
-0.013471
-0.0234649
-0.0234649
-0.141667
-0.141667
-0.137609
-0.137609
-0.141686
-0.141686
-0.161513
-0.161513
-0.170104
-0.170104
0.347693
0.347693
0.337108
0.337108
0.36679
0.36679
0.373749
0.373749
0.415061
0.415061
0.416064
0.416064
0.41894
0.41894
0.4176
0.4176
0.836636
0.836636
0.859095
0.859095
0.866459
0.866459
0.840169
0.840169
-3.63741
-3.63741
-6.44406
-6.44406
-0.051682
-0.051682
0.0878159
0.0878159
-0.0844902
-0.0844902
-0.0828959
-0.0828959
-0.0409401
-0.0409401
-0.0697304
-0.0697304
-0.0320559
-0.0320559
-0.0133848
-0.0133848
-0.018484
-0.018484
-0.031382
-0.031382
-0.00393448
-0.00393448
-0.00341459
-0.00341459
0.552657
0.552657
0.552774
0.552774
0.891966
0.891966
0.887904
0.887904
0.876741
0.876741
0.82704
0.82704
0.421346
0.421346
0.423491
0.423491
0.429054
0.429054
0.424902
0.424902
-0.191837
-0.191837
-0.208816
-0.208816
-0.19891
-0.19891
0.634151
0.634151
0.641532
0.641532
0.641378
0.641378
0.154206
0.154206
0.0704657
0.0704657
0.237638
0.237638
0.26481
0.26481
0.538301
0.538301
0.520807
0.520807
0.535528
0.535528
0.564295
0.564295
0.599629
0.599629
0.884065
0.884065
0.902236
0.902236
0.900492
0.900492
0.908778
0.908778
0.952824
0.952824
0.969233
0.969233
0.934559
0.934559
0.379189
0.379189
0.388557
0.388557
0.383824
0.383824
0.420508
0.420508
0.418158
0.418158
0.41913
0.41913
0.41437
0.41437
0.416027
0.416027
0.413736
0.413736
-0.144026
-0.144026
-0.528847
-0.528847
0.401246
0.401246
0.417057
0.417057
0.390504
0.390504
0.400474
0.400474
0.570058
0.570058
0.641086
0.641086
0.589146
0.589146
0.597495
0.597495
0.598383
0.598383
-0.0706692
-0.0706692
-0.128716
-0.128716
0.164967
0.164967
0.134003
0.134003
0.290784
0.290784
0.325279
0.325279
0.305434
0.305434
0.807815
0.807815
0.768059
0.768059
0.818114
0.818114
0.791654
0.791654
0.752974
0.752974
0.779284
0.779284
-0.480849
-0.480849
-1.99675
-1.99675
-1.10691
-1.10691
0.443853
0.443853
0.254663
0.254663
0.343613
0.343613
-0.0342807
-0.0342807
-0.0358643
-0.0358643
-0.0250376
-0.0250376
0.878752
0.878752
0.958451
0.958451
0.558963
0.558963
0.721258
0.721258
0.732757
0.732757
0.6387
0.6387
0.669481
0.669481
0.725376
0.725376
0.64817
0.64817
0.684712
0.684712
0.721871
0.721871
0.70319
0.70319
0.452059
0.452059
0.413223
0.413223
0.413766
0.413766
0.709047
0.709047
0.764382
0.764382
0.0435438
0.0435438
-0.0100013
-0.0100013
-0.0547805
-0.0547805
0.0322566
0.0322566
0.0909994
0.0909994
0.0651193
0.0651193
0.925866
0.925866
0.822146
0.822146
0.894871
0.894871
0.431759
0.431759
0.432445
0.432445
-0.126766
-0.126766
-0.158742
-0.158742
0.436547
0.436547
0.436561
0.436561
-0.121321
-0.121321
-0.197144
-0.197144
0.325519
0.325519
-0.942259
-0.942259
0.0318307
0.0318307
0.424978
0.424978
0.41534
0.41534
0.432202
0.432202
-0.17888
-0.17888
0.271681
0.271681
-0.12351
-0.12351
-0.0130945
-0.0130945
-0.0547525
-0.0547525
0.425212
0.425212
0.364354
0.364354
0.326307
0.326307
-0.196612
-0.196612
-0.0672171
-0.0672171
-0.234243
-0.234243
-0.305062
-0.305062
0.42943
0.42943
0.427745
0.427745
0.431669
0.431669
0.432688
0.432688
0.433336
0.433336
-0.233955
-0.233955
-0.202569
-0.202569
-0.16318
-0.16318
-0.288514
-0.288514
-0.227478
-0.227478
-0.237662
-0.237662
0.397112
0.397112
0.413887
0.413887
-0.258874
-0.258874
0.431797
0.431797
0.433934
0.433934
0.433747
0.433747
0.426899
0.426899
0.432542
0.432542
0.430797
0.430797
-0.104796
-0.104796
-0.161645
-0.161645
-0.11381
-0.11381
0.140285
0.140285
0.25739
0.25739
0.573157
0.573157
0.669417
0.669417
0.537925
0.537925
0.311123
0.311123
0.0718191
0.0718191
0.472804
0.472804
0.538586
0.538586
0.440597
0.440597
0.599584
0.599584
0.599077
0.599077
0.616764
0.616764
0.0940092
0.0940092
-0.0535389
-0.0535389
0.10258
0.10258
0.0464475
0.0464475
0.422862
0.422862
0.421514
0.421514
0.413602
0.413602
0.410734
0.410734
0.42708
0.42708
0.425173
0.425173
0.429732
0.429732
0.426676
0.426676
0.429625
0.429625
0.431068
0.431068
-0.133233
-0.133233
-0.149572
-0.149572
-0.17537
-0.17537
-0.233518
-0.233518
0.231869
0.231869
0.492122
0.492122
0.165218
0.165218
0.196793
0.196793
0.0708522
0.0708522
-0.118796
-0.118796
-0.124389
-0.124389
-0.124571
-0.124571
-0.135479
-0.135479
-0.0776179
-0.0776179
-0.0766292
-0.0766292
-0.0246002
-0.0246002
-0.00929001
-0.00929001
-0.0316337
-0.0316337
-0.0496308
-0.0496308
-0.0783009
-0.0783009
-0.0859032
-0.0859032
-0.0948274
-0.0948274
0.419078
0.419078
0.417982
0.417982
0.424028
0.424028
0.431624
0.431624
0.373417
0.373417
0.377442
0.377442
0.344057
0.344057
0.363623
0.363623
0.349457
0.349457
0.291545
0.291545
0.32559
0.32559
0.300602
0.300602
-0.118117
-0.118117
-0.195704
-0.195704
-0.106646
-0.106646
-0.0937923
-0.0937923
-0.0415029
-0.0415029
-0.282056
-0.282056
-0.306888
-0.306888
-0.328848
-0.328848
-0.260221
-0.260221
-0.274949
-0.274949
-0.22079
-0.22079
-0.221179
-0.221179
-0.264993
-0.264993
-0.378606
-0.378606
0.878379
0.878379
0.820195
0.820195
0.0154325
0.0154325
0.418673
0.418673
0.425042
0.425042
0.421876
0.421876
0.426605
0.426605
0.429708
0.429708
0.430601
0.430601
0.42835
0.42835
0.424868
0.424868
0.414517
0.414517
0.416332
0.416332
0.412665
0.412665
0.413144
0.413144
-0.199207
-0.199207
-0.336528
-0.336528
-0.160226
-0.160226
-0.227391
-0.227391
0.0378182
0.0378182
0.530848
0.530848
0.270919
0.270919
0.21203
0.21203
0.205813
0.205813
0.425471
0.425471
0.820631
0.820631
0.617392
0.617392
0.616095
0.616095
0.639832
0.639832
-0.446309
-0.446309
-0.0497599
-0.0497599
-0.379299
-0.379299
0.238884
0.238884
0.0613444
0.0613444
0.572668
0.572668
0.622904
0.622904
0.644234
0.644234
0.591702
0.591702
0.543198
0.543198
-0.215226
-0.215226
0.443945
0.443945
-0.146863
-0.146863
-0.102604
-0.102604
0.0890323
0.0890323
-0.0176077
-0.0176077
0.616488
0.616488
0.582096
0.582096
0.587001
0.587001
0.604069
0.604069
0.622745
0.622745
0.58774
0.58774
0.56619
0.56619
0.561198
0.561198
0.600695
0.600695
0.606395
0.606395
0.39971
0.39971
0.172939
0.172939
0.128363
0.128363
0.0902824
0.0902824
0.565943
0.565943
0.44114
0.44114
0.499477
0.499477
0.413111
0.413111
0.417728
0.417728
0.420579
0.420579
0.419153
0.419153
0.401853
0.401853
0.409003
0.409003
0.404806
0.404806
0.410412
0.410412
0.413558
0.413558
0.422805
0.422805
0.423133
0.423133
0.41859
0.41859
0.420788
0.420788
-0.13714
-0.13714
-0.143687
-0.143687
-0.11653
-0.11653
-0.229923
-0.229923
-0.21784
-0.21784
-0.273797
-0.273797
-0.159134
-0.159134
-0.0249431
-0.0249431
-0.0568835
-0.0568835
0.131201
0.131201
0.237774
0.237774
-0.0511946
-0.0511946
-0.164235
-0.164235
-0.134332
-0.134332
-0.105122
-0.105122
0.0757699
0.0757699
0.101325
0.101325
-0.0109459
-0.0109459
0.0874666
0.0874666
0.0648939
0.0648939
0.051936
0.051936
0.15265
0.15265
0.162063
0.162063
-0.110598
-0.110598
-0.107853
-0.107853
-0.119706
-0.119706
-0.118213
-0.118213
-0.0440679
-0.0440679
0.0202455
0.0202455
0.0330258
0.0330258
-0.10232
-0.10232
-0.0754389
-0.0754389
-0.122924
-0.122924
-0.146058
-0.146058
-0.110365
-0.110365
-0.110047
-0.110047
-0.103174
-0.103174
-0.0711323
-0.0711323
-0.234082
-0.234082
-0.143367
-0.143367
-0.115626
-0.115626
-0.111264
-0.111264
-0.0747668
-0.0747668
-0.0822764
-0.0822764
0.413117
0.413117
0.414853
0.414853
0.414723
0.414723
0.422027
0.422027
0.437716
0.437716
0.45238
0.45238
0.415041
0.415041
0.395182
0.395182
0.386352
0.386352
0.389262
0.389262
0.363657
0.363657
0.373348
0.373348
0.369912
0.369912
0.38212
0.38212
0.402013
0.402013
0.410115
0.410115
0.408619
0.408619
0.411106
0.411106
0.394435
0.394435
0.396049
0.396049
0.383658
0.383658
0.386807
0.386807
0.364011
0.364011
0.345869
0.345869
0.334554
0.334554
-0.223378
-0.223378
-0.211694
-0.211694
-0.227796
-0.227796
-0.152066
-0.152066
-0.146434
-0.146434
-0.13889
-0.13889
-0.0569675
-0.0569675
-0.0694714
-0.0694714
-0.0680416
-0.0680416
-0.0494674
-0.0494674
-0.0482822
-0.0482822
-0.305491
-0.305491
-0.293067
-0.293067
-0.176196
-0.176196
-0.0993174
-0.0993174
-0.283379
-0.283379
-0.315353
-0.315353
-0.384347
-0.384347
0.785191
0.785191
0.900218
0.900218
0.711694
0.711694
0.491098
0.491098
0.497759
0.497759
0.734006
0.734006
0.823341
0.823341
0.457031
0.457031
0.632701
0.632701
0.660709
0.660709
0.466401
0.466401
0.725394
0.725394
0.42345
0.42345
0.423018
0.423018
0.420686
0.420686
0.420157
0.420157
0.421388
0.421388
-0.112382
-0.112382
-0.012984
-0.012984
-0.00133104
-0.00133104
0.0520928
0.0520928
0.169746
0.169746
0.284382
0.284382
0.199337
0.199337
0.0718158
0.0718158
0.206615
0.206615
0.213173
0.213173
0.525346
0.525346
0.541685
0.541685
0.487768
0.487768
0.512042
0.512042
0.509648
0.509648
0.337614
0.337614
0.414787
0.414787
0.470192
0.470192
0.423346
0.423346
0.468622
0.468622
0.490925
0.490925
0.451645
0.451645
0.482024
0.482024
0.428254
0.428254
0.385793
0.385793
0.38456
0.38456
0.330382
0.330382
0.351261
0.351261
0.329115
0.329115
0.311311
0.311311
0.41304
0.41304
0.391148
0.391148
0.401447
0.401447
0.392078
0.392078
0.411743
0.411743
0.438326
0.438326
0.43273
0.43273
0.459197
0.459197
0.470717
0.470717
0.39737
0.39737
0.357709
0.357709
0.367192
0.367192
0.395191
0.395191
0.356217
0.356217
0.369155
0.369155
0.384629
0.384629
0.11929
0.11929
0.0191542
0.0191542
0.104531
0.104531
-0.187895
-0.187895
-0.106682
-0.106682
-0.122434
-0.122434
-0.168987
-0.168987
-0.123518
-0.123518
0.162984
0.162984
-0.536163
-0.536163
-0.509716
-0.509716
-1.14321
-1.14321
0.384759
0.384759
0.851842
0.851842
0.571094
0.571094
0.542002
0.542002
0.618186
0.618186
0.59638
0.59638
0.599116
0.599116
0.622477
0.622477
0.629754
0.629754
0.555652
0.555652
0.572976
0.572976
0.577485
0.577485
0.531264
0.531264
0.555047
0.555047
0.577611
0.577611
0.576043
0.576043
0.416194
0.416194
0.291896
0.291896
0.282962
0.282962
0.243905
0.243905
0.120574
0.120574
0.153408
0.153408
0.356519
0.356519
0.278291
0.278291
0.205726
0.205726
0.210631
0.210631
0.373225
0.373225
0.26325
0.26325
0.329078
0.329078
0.367284
0.367284
0.299003
0.299003
0.254541
0.254541
0.456124
0.456124
0.52321
0.52321
0.51385
0.51385
0.489098
0.489098
0.404927
0.404927
0.417109
0.417109
0.442947
0.442947
0.478445
0.478445
0.505501
0.505501
0.53787
0.53787
0.41026
0.41026
0.416057
0.416057
0.417342
0.417342
0.414921
0.414921
0.412044
0.412044
0.414891
0.414891
0.414936
0.414936
0.417476
0.417476
0.418355
0.418355
0.421282
0.421282
0.420254
0.420254
-0.133131
-0.133131
-0.123479
-0.123479
-0.131029
-0.131029
-0.139465
-0.139465
-0.109912
-0.109912
-0.116993
-0.116993
-0.0683324
-0.0683324
-0.0793731
-0.0793731
-0.0951009
-0.0951009
-0.0873235
-0.0873235
-0.116051
-0.116051
-0.120248
-0.120248
-0.111426
-0.111426
-0.104372
-0.104372
0.0057955
0.0057955
0.0217976
0.0217976
0.0116864
0.0116864
-0.034052
-0.034052
0.143984
0.143984
0.277725
0.277725
0.343225
0.343225
0.223993
0.223993
0.117061
0.117061
0.143224
0.143224
0.169608
0.169608
-0.0985953
-0.0985953
-0.0520282
-0.0520282
-0.0720477
-0.0720477
-0.0352017
-0.0352017
-0.0519419
-0.0519419
-0.125326
-0.125326
-0.142008
-0.142008
-0.14868
-0.14868
-0.0958497
-0.0958497
-0.106051
-0.106051
-0.17326
-0.17326
-0.213595
-0.213595
-0.196112
-0.196112
-0.183301
-0.183301
-0.155082
-0.155082
-0.18917
-0.18917
0.397477
0.397477
0.39113
0.39113
0.392163
0.392163
0.386386
0.386386
0.385291
0.385291
0.39867
0.39867
0.402799
0.402799
0.404573
0.404573
0.409756
0.409756
0.411502
0.411502
0.402322
0.402322
0.407627
0.407627
0.410995
0.410995
-0.168179
-0.168179
-0.25743
-0.25743
-0.230568
-0.230568
-0.188745
-0.188745
-0.216202
-0.216202
-0.262296
-0.262296
-0.226493
-0.226493
0.00992482
0.00992482
-0.0634371
-0.0634371
-0.0574703
-0.0574703
-0.0992217
-0.0992217
-0.22141
-0.22141
-0.166811
-0.166811
0.374742
0.374742
0.374308
0.374308
0.383102
0.383102
0.59986
0.59986
0.452292
0.452292
0.372307
0.372307
0.468697
0.468697
0.572486
0.572486
0.1562
0.1562
0.356815
0.356815
0.188204
0.188204
0.770339
0.770339
0.660996
0.660996
0.805257
0.805257
0.427101
0.427101
0.132287
0.132287
0.2871
0.2871
0.336567
0.336567
0.145923
0.145923
0.218586
0.218586
0.223507
0.223507
0.113096
0.113096
0.145505
0.145505
0.176226
0.176226
0.27533
0.27533
0.15618
0.15618
0.130835
0.130835
-0.112905
-0.112905
0.0733732
0.0733732
0.193138
0.193138
0.173439
0.173439
0.304696
0.304696
0.369335
0.369335
0.145881
0.145881
0.0696061
0.0696061
0.0239299
0.0239299
0.517386
0.517386
0.537413
0.537413
0.556217
0.556217
0.52588
0.52588
0.550754
0.550754
0.472947
0.472947
0.464723
0.464723
0.482862
0.482862
0.490953
0.490953
0.484862
0.484862
-0.871094
-0.871094
-0.578579
-0.578579
-1.52374
-1.52374
-0.838753
-0.838753
-0.388284
-0.388284
0.415798
0.415798
0.379641
0.379641
0.652224
0.652224
0.543026
0.543026
0.60848
0.60848
0.594114
0.594114
0.554814
0.554814
0.52046
0.52046
0.532238
0.532238
0.564785
0.564785
0.266525
0.266525
0.376237
0.376237
0.350504
0.350504
0.35707
0.35707
0.259915
0.259915
0.193446
0.193446
0.49198
0.49198
0.485341
0.485341
0.522412
0.522412
0.546382
0.546382
0.512806
0.512806
0.546503
0.546503
0.408127
0.408127
0.407782
0.407782
0.407169
0.407169
0.403877
0.403877
0.402446
0.402446
0.404469
0.404469
-0.025928
-0.025928
-0.057364
-0.057364
-0.0251278
-0.0251278
-0.0475784
-0.0475784
-0.0717137
-0.0717137
-0.0805591
-0.0805591
-0.123884
-0.123884
-0.142467
-0.142467
-0.161929
-0.161929
-0.172531
-0.172531
-0.158335
-0.158335
-0.118873
-0.118873
0.0496929
0.0496929
-0.00716891
-0.00716891
-0.0821616
-0.0821616
-0.0532032
-0.0532032
-0.110188
-0.110188
-0.173303
-0.173303
-0.193049
-0.193049
-0.0946228
-0.0946228
-0.00565725
-0.00565725
-0.0134258
-0.0134258
0.28907
0.28907
0.540125
0.540125
0.363221
0.363221
0.532389
0.532389
0.370602
0.370602
0.426511
0.426511
0.374402
0.374402
0.36537
0.36537
0.395964
0.395964
0.272133
0.272133
0.34894
0.34894
0.116103
0.116103
-0.388294
-0.388294
-0.296912
-0.296912
0.668965
0.668965
0.687852
0.687852
0.472915
0.472915
0.286522
0.286522
0.0566059
0.0566059
0.244594
0.244594
0.443665
0.443665
0.381338
0.381338
0.420451
0.420451
0.488787
0.488787
0.481285
0.481285
-0.0985341
-0.0985341
-0.0318609
-0.0318609
0.230734
0.230734
0.458972
0.458972
0.125301
0.125301
0.116218
0.116218
0.111612
0.111612
0.286493
0.286493
0.21027
0.21027
))
(300 (2 1 3 0 0 1 918)(
0.985168 -0.000495031 0 
0.00500947 2.96625 0 
-0.0611078 1.11917 0 
0.979698 0.00215274 0 
-0.0120795 1.26681 1.40489e-19 
-0.00704273 2.94879 -2.29595e-18 
0.834045 1.17833 5.32923e-19 
0.34958 0.160686 -1.38684e-20 
0.999905 -0.000293501 0 
0.0593137 0.856325 0 
0.0117603 0.685802 0 
0.734303 -0.01023 0 
0.0111417 2.93032 0 
0.00248613 2.79498 0 
-0.017645 3.15748 8.77472e-19 
-0.124056 1.5922 3.03103e-21 
0.429896 0.0547845 8.99725e-19 
0.189348 1.19961 4.1556e-19 
0.962774 0.00502812 0 
-0.029128 0.666821 0 
0.084026 0.198378 -6.58081e-19 
1.00198 -0.00498478 0 
1.00022 -0.0098021 0 
0.975711 -0.00643841 0 
0.593896 -0.0429873 0 
0.0164285 2.63755 0 
-0.0149123 2.91007 8.32396e-19 
-0.111756 0.985819 0 
-0.207864 1.28836 0 
-0.0815698 1.05608 0 
-0.122891 2.39635 0 
0.0428149 1.42344 -1.10637e-19 
-0.0228206 1.02633 0 
-0.0206068 2.9876 -8.20039e-23 
-0.0166905 3.0053 1.78439e-18 
0.00210451 3.00018 0 
0.870331 -0.00940204 0 
0.404712 0.939437 1.12234e-19 
0.815297 1.19432 -6.59324e-19 
0.965267 1.03316 6.70133e-19 
0.684668 1.28781 -1.23509e-19 
0.683171 1.27342 7.04491e-19 
0.390232 0.248787 1.35301e-20 
0.371661 0.132555 0 
1.14687 0.557326 0 
0.351934 0.249564 6.20016e-20 
0.308165 0.165885 -6.43441e-20 
0.919646 -0.00747797 0 
1.00027 0.000132696 0 
0.999911 0.00032832 0 
1.00364 -0.00778219 0 
1.00096 -0.00092999 0 
1.00017 2.57894e-05 0 
0.0769304 1.78458 -6.04695e-19 
0.0304261 1.011 0 
0.0818459 0.917228 0 
0.0289741 0.95051 0 
0.0254112 0.78523 0 
0.0288609 2.00515 0 
-0.0182405 0.819944 0 
0.00471416 0.682737 0 
-0.00835721 0.799962 0 
-0.00720517 0.658744 0 
0.835667 -0.014555 0 
0.852143 0.0266191 0 
0.768316 -0.000800085 0 
0.826626 0.0353187 0 
0.701443 -0.0147742 0 
0.0146918 3.0004 8.48589e-19 
0.0115072 3.00803 0 
0.00611515 3.00279 0 
0.0135523 2.99737 9.58953e-24 
0.00797157 2.95846 -1.26121e-18 
0.0144849 2.982 0 
0.0108391 2.9036 0 
0.0246725 2.93037 1.87517e-24 
0.00442887 2.82521 0 
0.0313214 2.91605 0 
-0.00552501 2.74536 0 
0.308877 3.55484 0 
-0.131928 3.63647 0 
0.139781 3.24799 -8.1659e-19 
-0.0125754 2.983 0 
-0.314465 2.20632 0 
-0.126853 1.77591 -2.97252e-21 
-0.111348 1.78258 8.04613e-21 
0.511018 0.150658 -3.10911e-19 
0.428515 0.0319457 -3.00392e-19 
0.495331 0.175021 -9.37197e-19 
0.413862 0.077517 -6.20849e-19 
0.216254 0.924997 0 
0.270649 1.33753 -4.67419e-19 
0.37953 1.28285 7.75918e-19 
0.98748 0.00851891 0 
0.941957 0.00583975 0 
1.0003 0.000572246 0 
1.00287 0.00929858 0 
1.00303 0.0084545 -2.22007e-18 
0.991919 0.00970336 1.6765e-18 
-0.0122839 0.776889 0 
-0.00827349 0.624448 0 
-0.106226 0.975306 0 
-0.023483 0.79937 0 
-0.00658954 0.706746 0 
0.131212 0.206319 2.03546e-19 
0.186498 0.184935 0 
0.993527 -0.00840261 0 
0.954379 -0.00652716 0 
0.780493 0.0414024 0 
0.724904 0.0502457 0 
0.659933 -0.0321428 0 
0.948976 -0.0067648 0 
0.65052 0.0628766 0 
0.483829 -0.0208299 1.27789e-18 
-0.0363113 2.86418 5.68771e-19 
0.0418713 2.90952 0 
0.0549395 2.88467 0 
-0.00444715 2.69895 0 
-0.0131378 2.98516 7.82802e-19 
-0.0180391 2.89514 0 
-0.015432 2.98808 -2.43856e-18 
-0.0132948 2.9252 8.36728e-19 
-0.294197 1.29999 0 
-0.308493 1.4946 0 
-0.137521 1.57129 1.97454e-21 
-0.0785838 1.39756 0 
-0.106223 1.29197 0 
0.937608 -0.00765456 0 
0.855715 -0.00964311 0 
0.863721 0.00681401 0 
0.948911 -0.008079 0 
0.883448 -0.00811408 0 
0.517019 1.13325 -1.45482e-19 
0.566631 1.18462 0 
0.368306 0.883771 2.43938e-20 
0.310417 0.743801 0 
0.924802 1.07118 -1.87742e-19 
1.03829 0.874085 3.78573e-19 
0.373961 1.38126 0 
0.536753 1.35119 0 
0.545325 1.30717 0 
0.107928 0.180699 -2.46754e-19 
0.426349 0.229539 0 
0.395025 0.118557 1.75662e-19 
1.00839 0.928299 0 
1.07431 0.775974 0 
1.10001 0.718181 -3.0646e-19 
1.12656 0.617245 0 
1.17194 0.401101 5.57738e-20 
0.957348 -0.00888225 0 
0.962269 -0.0101011 0 
0.901339 -0.0080273 0 
0.98414 -0.00919552 0 
0.974579 -0.00936475 0 
0.936996 -0.00641469 0 
1.00019 0.00232763 0 
1.00091 0.0014127 0 
0.999908 0.000845436 0 
0.0357035 2.0512 3.42507e-19 
0.121768 1.72709 0 
0.0182564 2.16646 4.89827e-19 
0.0514507 1.84508 -3.88098e-19 
0.115896 1.19832 -3.4217e-19 
0.0441855 1.08129 0 
0.137457 1.06553 0 
0.0221992 0.906341 0 
0.0230546 0.721479 0 
-0.012906 2.18622 1.04552e-22 
0.0354127 1.99506 0 
-0.0169656 2.15288 1.60811e-20 
0.0320647 2.00256 -4.11367e-20 
0.0191882 0.863545 0 
-0.00144782 0.83141 0 
0.0101798 0.691346 0 
-0.0122673 0.780074 0 
-0.0259514 0.639931 0 
0.933378 0.00817662 0 
0.842471 -0.0153682 0 
0.924243 -0.000435039 0 
0.838432 -0.0115609 0 
0.813395 0.00326093 0 
0.903296 0.0188168 0 
0.881185 0.0226592 0 
0.790169 0.00208226 0 
0.00565234 3.06475 -7.80468e-21 
0.0165262 3.05784 0 
0.0146051 2.96908 0 
0.00856277 2.87631 0 
0.926187 3.97194 0 
1.24103 3.30411 9.58899e-19 
0.0701353 3.07535 0 
-0.0283216 2.90632 0 
-0.365278 1.58352 0 
-0.375913 2.12351 0 
-0.362205 1.86834 0 
-0.210834 2.43051 -8.42741e-20 
-0.279377 2.36601 0 
-0.23228 2.32791 0 
-0.0129786 1.96239 -1.93167e-21 
-0.0551872 2.03509 -2.15872e-20 
-0.113289 1.93914 -8.95177e-21 
-0.0624716 1.91122 0 
0.538724 0.123149 4.63891e-19 
0.444196 0.00802927 -4.55108e-19 
0.261096 1.55859 0 
0.26418 0.700886 -2.77874e-19 
0.177695 1.64474 -9.35903e-19 
0.225067 1.17247 9.38308e-19 
0.902458 0.00665645 0 
0.967597 0.0109497 0 
0.974667 0.0107282 0 
0.923573 0.00653627 0 
0.00751313 0.761691 0 
-0.0115125 0.76083 0 
-0.0144663 0.617373 0 
0.298081 0.243006 5.68497e-19 
0.243046 0.221072 -6.73881e-19 
0.257073 0.177892 0 
1.07609 0.0854314 1.81484e-20 
1.05793 0.0397739 0 
0.992365 0.0389829 0 
0.88887 -0.00570553 0 
0.562162 0.0955595 0 
0.59178 0.0723727 -2.0486e-18 
0.460348 -0.00270205 7.72583e-19 
0.00916568 2.98106 6.30918e-19 
-0.0330021 2.86587 4.57893e-20 
0.00369106 3.05025 -1.6604e-20 
0.0201056 3.04338 5.92043e-19 
-0.0149752 2.99656 2.75617e-20 
-0.0129857 2.94946 -1.11015e-22 
-0.0172853 3.01195 -5.12808e-19 
0.0148976 3.02376 3.71419e-19 
0.00739893 3.0369 -5.8675e-19 
0.931898 -0.00247848 0 
0.937974 -0.0038075 0 
0.843281 -0.00868205 0 
0.956891 0.0115733 0 
0.943327 0.0127638 0 
0.882006 0.00633586 0 
0.919009 0.0154822 0 
0.927025 0.014192 0 
0.839436 0.00485837 0 
0.720704 1.41196 1.35266e-19 
0.754302 1.52115 0 
0.196492 0.344133 5.78388e-20 
0.210611 0.648367 4.65699e-19 
0.256561 0.717865 -2.6887e-19 
0.270317 0.548878 5.29412e-19 
0.320165 0.761964 1.31211e-18 
0.125333 0.212021 3.17094e-19 
0.470772 0.198898 6.60629e-19 
0.447663 0.214245 1.69849e-19 
0.40491 0.1023 3.29219e-19 
1.16127 0.458869 1.15497e-19 
1.17254 0.253308 1.15144e-19 
0.00590842 2.20709 1.74181e-19 
0.051043 1.91469 0 
0.956614 0.0272778 0 
0.93466 0.0116789 0 
0.855376 -0.0178189 0 
0.0113483 3.07463 0 
0.0198974 2.94413 1.06776e-18 
0.0164448 2.95648 0 
0.0061792 2.85063 -1.05939e-18 
0.00619454 3.0913 2.57866e-19 
0.00708729 3.08223 0 
0.787393 1.82406 -1.86592e-19 
1.24877 2.50272 4.92107e-19 
0.769555 1.96393 -1.32318e-18 
0.0203833 2.98258 -5.26021e-19 
0.0358624 3.00284 0 
-0.0335132 2.87951 0 
-0.0117928 2.12918 -8.17408e-22 
-0.0295436 2.09123 5.07519e-20 
0.0120494 1.99133 -7.03492e-22 
0.275208 1.36562 9.0622e-19 
0.217527 0.483121 -6.22372e-19 
0.0622559 1.97319 6.70844e-19 
0.13768 1.8637 -8.05164e-19 
0.177927 1.46659 8.78773e-20 
0.00317881 3.11906 -1.58307e-18 
0.0121282 3.11925 1.73106e-18 
-0.00889513 2.9811 7.09666e-19 
-0.00415332 2.97761 -6.59057e-19 
-0.0212622 2.88109 -7.22783e-19 
0.00853481 3.10022 -1.91229e-18 
0.00217357 3.10479 1.90426e-18 
0.26462 0.671131 0 
0.222839 0.659802 -9.56625e-19 
0.101572 0.221342 4.2476e-19 
0.339239 0.88491 9.48011e-19 
0.18002 0.253276 -1.45957e-18 
1.16248 0.173232 3.09255e-20 
1.17332 0.307704 0 
1.15009 0.1209 2.43194e-20 
-0.00667138 2.20606 -4.52626e-22 
-0.00191207 2.20963 0 
0.0371635 1.96049 0 
0.336938 1.26816 -3.27757e-19 
0.360566 1.09358 -7.03789e-19 
0.192572 0.347016 1.24173e-18 
1.00587 -0.0108771 0 
1.00766 -0.00767004 4.0901e-19 
-0.275715 1.30647 0 
-0.221241 1.10735 0 
1.00221 0.00346874 1.77313e-21 
1.00367 0.00943075 8.35861e-19 
-0.216237 2.45604 1.05614e-19 
-0.224032 2.47634 0 
0.0361849 3.17958 3.20544e-19 
0.396241 3.49311 0 
1.13231 0.65277 -2.74771e-20 
1.013 0.0129864 -2.15439e-21 
1.02117 -0.0105159 0 
1.0017 0.000129212 6.82447e-23 
0.0978719 1.35386 0 
0.144232 2.58197 0 
0.0359324 1.29147 0 
0.00239078 2.62223 -2.74941e-20 
-0.0281702 2.57571 -3.2094e-20 
1.00446 0.0277671 2.59251e-21 
1.06157 0.00238716 0 
1.09048 0.0155311 0 
-0.343291 2.11609 0 
-0.177587 2.5504 0 
-0.0306849 1.07886 0 
0.279842 1.46327 -2.50334e-19 
1.01124 -0.00969422 0 
1.00938 -0.0149508 0 
1.00237 0.000711814 5.21899e-19 
1.00547 -0.00485106 -6.14248e-19 
1.00117 -0.00103401 0 
-0.336827 1.83363 0 
-0.297777 1.34684 0 
-0.341001 1.61625 0 
-0.0354806 1.03951 0 
-0.0958247 1.00936 0 
-0.0432361 0.934032 0 
1.03416 -0.00681196 0 
1.02092 0.0156819 -9.57444e-22 
0.793581 1.25715 3.34872e-19 
1.00232 0.000294171 -5.21615e-19 
1.00406 0.00521665 6.10057e-19 
1.00117 0.00204678 0 
1.01284 0.0102659 5.16344e-19 
1.00808 0.00828391 -6.27988e-19 
1.00861 0.0146967 0 
-0.218142 2.57596 0 
-0.235798 2.54107 -1.6575e-19 
-0.251012 2.5101 1.18194e-19 
1.20766 0.261068 3.98774e-19 
1.14551 0.0796369 0 
0.0455551 3.07755 -8.00592e-19 
0.0658952 2.85318 -5.95448e-20 
0.14251 3.19406 1.23279e-18 
0.137151 3.22293 -1.39392e-19 
0.135805 3.23575 0 
0.0202394 3.13792 1.99732e-19 
0.0771287 3.16064 7.87766e-19 
0.0696495 3.18709 -3.78134e-19 
0.0235191 3.12908 0 
0.660343 0.301975 0 
0.575872 0.364732 0 
1.10412 0.683275 3.75477e-20 
1.10111 0.814829 9.07125e-21 
1.16148 0.570301 0 
1.19123 0.512337 0 
1.01621 0.0132133 -9.6133e-19 
1.01499 0.0142147 1.20555e-18 
1.02507 -0.0100058 0 
1.02312 -0.0119762 0 
1.00643 0.0026212 0 
1.01037 0.00367496 0 
1.00449 0.00189757 0 
1.00985 0.00601209 0 
1.00793 0.00598549 0 
1.00447 0.00463862 0 
0.0897 1.34917 0 
0.0819389 1.31833 0 
0.113171 1.38273 0 
0.127319 1.40266 0 
0.144973 2.60525 0 
0.18623 2.66695 -3.60075e-19 
0.0993997 2.66188 0 
0.086567 2.66362 1.32208e-19 
0.0413329 2.67769 -5.84831e-20 
0.0475238 1.27907 0 
0.0590213 1.19622 0 
0.018094 1.31879 0 
0.0311749 1.26663 0 
-0.0161474 1.98398 6.57717e-20 
-0.0348802 2.6033 -7.46884e-20 
-0.0125673 2.66537 -7.16375e-20 
-0.0257959 2.67377 0 
-0.0432432 2.6076 9.82376e-20 
-0.0376231 2.602 6.71453e-20 
-0.0144072 1.98429 -5.07218e-20 
-0.0314137 2.41168 1.00155e-19 
-0.0236788 2.42976 8.12729e-20 
1.01345 0.0346196 9.72743e-19 
1.00851 0.0172412 -1.20331e-18 
1.00542 0.0415794 -9.79785e-19 
0.98478 0.0231724 1.248e-18 
1.06236 0.00620508 0 
1.04767 -0.00919511 0 
1.08885 0.0268816 0 
1.07094 0.00906614 0 
1.06805 -0.00165442 0 
1.12855 0.0713964 0 
1.10225 0.0350225 0 
1.10381 0.0242494 0 
-0.235241 2.49822 2.01169e-20 
-0.32255 2.36729 0 
-0.289952 2.40015 0 
-0.14968 2.59959 -7.47267e-20 
-0.084453 2.55987 5.17022e-22 
-0.154286 1.97131 -3.47655e-19 
-0.235128 1.84156 3.51936e-19 
-0.0294726 1.34371 0 
-0.158184 1.36509 0 
-0.233924 1.38934 0 
0.0256935 1.07571 0 
-0.0225576 0.961838 0 
0.373526 1.47692 4.49062e-19 
0.408882 1.48601 2.0196e-19 
0.594347 2.45194 -2.09658e-19 
0.405369 2.54509 6.0568e-19 
0.354982 2.07995 3.05283e-20 
1.02082 -0.00828327 0 
1.01539 -0.00985347 0 
1.01483 -0.0156529 0 
1.00745 -0.00129311 0 
1.00496 -0.000996024 0 
1.00775 -0.00482199 0 
1.00922 -0.00385912 0 
1.0141 -0.0045635 0 
1.02162 0.0158316 9.36429e-19 
1.01828 0.0157767 -1.20261e-18 
1.02211 0.0176725 -9.41842e-19 
1.01972 0.0163829 1.18103e-18 
0.761835 1.30623 0 
0.695347 1.36097 3.57486e-19 
0.870302 1.20335 1.70594e-19 
0.913683 1.15859 -2.27059e-19 
1.15922 2.6097 1.24503e-20 
0.818863 0.0955251 5.04347e-19 
1.14523 0.0983191 0 
1.18767 0.186274 -3.18373e-19 
1.17272 0.153402 -1.3332e-20 
1.00568 0.132657 0 
0.139084 2.96292 4.10224e-19 
0.115857 2.86873 -1.01955e-18 
0.0276166 2.3697 6.98311e-19 
0.0933502 0.0121166 -3.07836e-19 
0.340941 3.422 -2.86307e-19 
0.194995 3.31457 0 
0.237771 3.35682 3.72866e-19 
0.247213 3.03588 -1.46419e-18 
0.342082 3.19474 0 
0.00772117 3.12066 4.04026e-20 
0.0176523 3.12966 -4.83758e-19 
0.0160487 3.12565 7.12025e-19 
0.0364208 3.13964 0 
0.0347227 3.15096 0 
1.2171 2.60948 0 
0.533958 0.842771 -4.3622e-19 
1.0328 0.986656 -5.8326e-20 
0.97145 1.05666 0 
0.816504 0.958177 -6.05495e-20 
1.05603 0.874648 2.96613e-20 
0.368401 0.415004 -8.03826e-19 
0.701761 0.326306 -2.26102e-20 
0.685784 0.253946 3.68146e-19 
0.591737 0.395903 2.7471e-20 
0.51111 0.371239 -1.10946e-18 
0.67293 0.340621 0 
0.699231 0.427614 6.19528e-19 
0.706526 0.42606 0 
0.629574 0.37874 0 
0.608359 0.305729 0 
0.784046 0.616888 3.34369e-19 
1.20412 0.280185 -3.45043e-19 
1.20008 0.415473 0 
1.21247 0.364436 0 
0.763291 0.195998 5.47987e-19 
0.829553 0.538566 -3.3283e-19 
0.735339 0.5154 5.77504e-19 
0.929404 0.419733 -6.20756e-19 
1.01992 0.0145486 6.45391e-19 
1.01798 0.0140955 -6.50937e-19 
1.01595 0.0156839 0 
1.03556 -0.00635659 0 
1.02939 -0.0089016 -6.04983e-19 
1.02721 -0.012411 5.98915e-19 
1.02515 0.00953779 0 
1.02373 0.0130291 0 
1.01138 0.0039964 0 
1.01431 0.008837 0 
1.01507 0.00377606 0 
1.01418 0.002689 0 
0.0681014 1.33342 0 
0.068559 1.29473 0 
0.146571 1.34163 1.05386e-19 
0.259984 1.46098 1.37295e-19 
0.150935 1.43283 2.88279e-19 
0.181722 1.44103 -4.71495e-19 
0.16463 1.37025 0 
0.125372 1.59027 4.09231e-20 
0.108461 1.55847 0 
0.352313 2.03497 -4.43677e-20 
0.351583 2.36706 4.9271e-19 
0.1838 1.44008 -3.57036e-20 
0.261187 1.36457 7.82693e-20 
0.191768 1.3523 -6.31583e-20 
0.268872 1.30508 3.98134e-20 
0.236615 1.5737 0 
0.260969 1.61539 3.8993e-21 
0.025134 2.27554 9.28839e-21 
0.0382819 2.67111 0 
0.0626886 2.41227 3.70768e-20 
0.0568527 2.43317 0 
0.0672719 2.676 -1.46888e-19 
0.0502143 2.69979 0 
0.0302091 1.42544 1.17412e-19 
0.0176737 1.46523 0 
0.0227143 1.38993 0 
0.0348685 1.39567 -1.3052e-19 
-0.00176278 2.6504 -1.93631e-20 
0.0259926 2.69726 5.45501e-20 
0.010941 2.71842 3.60912e-22 
0.0312551 1.87466 -7.73167e-20 
-0.00485101 1.65373 -2.8803e-20 
0.0716413 1.1926 0 
0.0483459 1.07866 0 
0.0313105 1.57626 -1.47447e-19 
0.0196989 1.44729 -1.45878e-19 
0.0331467 1.50918 1.86545e-19 
0.0305299 1.60083 0 
-0.153245 2.46329 4.94081e-19 
-0.163494 2.60137 -2.12821e-19 
-0.0799685 2.54261 3.76602e-20 
-0.00483007 1.89093 9.30135e-20 
-0.0750132 2.51339 3.37961e-20 
-0.0255861 2.45089 -8.74592e-20 
1.02053 0.0202726 -6.4025e-19 
1.01721 0.0253422 6.42709e-19 
1.015 0.0163919 0 
1.01782 0.0640142 8.80742e-19 
0.99612 0.0552301 -1.02167e-18 
0.958123 0.0420252 1.14823e-18 
1.01762 0.097237 -1.20244e-19 
1.04178 -0.00641416 0 
1.0497 -0.00226241 5.7215e-19 
1.03804 -0.0105087 -5.73835e-19 
1.06865 0.0359774 -3.3709e-20 
1.06302 0.0192637 2.92246e-19 
1.06105 0.046858 0 
1.05524 0.0408556 -1.05238e-19 
1.03258 0.037934 0 
1.02653 0.0346125 0 
1.02763 0.0123251 0 
1.02437 0.0152354 0 
1.03864 0.0286648 2.17426e-19 
1.03824 0.0245516 -4.82324e-19 
1.0507 0.0298645 -2.29775e-19 
1.04747 0.0296873 -2.53357e-19 
1.07008 0.052671 4.90926e-19 
1.08946 0.0415767 0 
1.09616 0.0871775 0 
-0.164017 2.47426 2.51626e-19 
-0.251399 2.3532 2.76048e-20 
-0.24042 2.37176 0 
-0.23408 2.53031 -2.34184e-19 
-0.247847 2.50986 -4.55502e-20 
-0.228389 2.53211 4.32901e-20 
-0.0530746 2.60816 -5.45573e-20 
-0.094966 2.56551 4.82813e-21 
-0.0629941 2.53915 -2.20482e-20 
-0.0816743 2.59179 3.18396e-20 
-0.046576 2.59061 -3.9716e-20 
0.0261778 1.61498 6.47167e-21 
-0.0278033 1.97438 -3.52324e-19 
0.36387 1.41509 -2.0861e-19 
0.361714 1.35535 -1.12676e-19 
0.64282 1.40656 -3.45685e-19 
0.509616 1.47202 -1.95473e-19 
0.561075 1.44554 0 
0.590269 2.42672 1.81961e-19 
0.657428 2.41735 2.99617e-19 
0.410936 2.52143 8.12009e-20 
0.405266 2.55639 -4.67156e-19 
0.515475 2.50718 4.8872e-19 
0.548852 2.46535 0 
0.488183 2.51726 -4.91736e-19 
0.247232 2.59376 9.78232e-19 
0.353072 2.57029 -8.16082e-20 
0.284339 2.65433 -1.36897e-18 
0.937091 2.38405 5.66203e-19 
0.831513 2.38791 0 
1.01106 0.000279476 2.10994e-20 
1.01534 -0.00556221 -1.71771e-20 
1.01749 -0.00368178 -3.12133e-19 
1.01488 -0.00115653 3.14348e-19 
1.01235 0.000804208 0 
0.630227 1.27322 0 
0.651965 1.1684 0 
0.752185 1.07568 0 
0.643306 1.13589 0 
1.18714 2.625 5.86688e-20 
1.07759 2.36954 0 
0.843754 2.19273 1.98821e-21 
0.82814 2.46103 0 
0.92313 2.54864 -2.7092e-19 
0.959905 2.50287 1.80461e-19 
0.830474 0.146172 0 
0.801218 0.131668 1.3972e-19 
0.924914 0.122956 7.87232e-19 
0.849152 0.119658 -3.0058e-19 
0.82954 0.0611864 -9.12519e-19 
1.06401 0.222394 -7.0951e-19 
0.983638 0.276833 -1.56348e-20 
0.911676 0.272829 7.32471e-19 
0.997707 0.204998 5.97941e-19 
0.94779 0.163634 -1.03707e-18 
0.917621 0.169907 1.30612e-19 
0.945409 0.233071 -2.75492e-19 
0.924279 0.19362 0 
0.993828 0.165312 5.09086e-19 
1.04073 0.171082 0 
1.03679 0.197587 0 
1.09435 0.108861 2.26973e-19 
1.06778 0.162065 -1.35674e-20 
1.05809 0.226206 -1.23997e-19 
1.09002 0.194819 0 
1.02327 0.0422634 4.95244e-19 
1.04299 0.0514732 6.11535e-19 
1.03354 0.0394903 -4.91594e-19 
1.04436 0.0566089 -4.10014e-19 
1.01876 0.0653157 -6.23364e-19 
0.991418 0.137347 0 
1.00296 0.0921462 0 
0.973634 0.0579867 -4.09779e-19 
0.925711 0.0744677 1.63087e-19 
1.04173 0.0924055 5.69059e-19 
1.06879 0.109735 -6.59241e-19 
1.07322 0.141069 5.91278e-19 
1.03438 0.130117 0 
1.07448 0.0955302 0 
1.06027 0.0776071 -2.68945e-19 
1.04957 0.0859688 -4.64655e-19 
0.586406 1.08649 6.37796e-20 
0.616544 1.41376 3.54328e-20 
1.15847 2.74144 -1.20456e-19 
1.22453 3.08264 -2.23257e-20 
1.25045 2.72381 9.73495e-20 
1.28053 2.70762 -1.33185e-19 
1.20897 2.34815 -9.89126e-21 
1.21185 2.98654 1.4069e-21 
1.23135 2.95163 8.71377e-20 
1.2155 3.23646 -1.85253e-19 
1.37665 2.96835 2.56231e-19 
1.36737 2.88673 0 
0.540443 0.849598 -3.78333e-20 
0.139973 1.26227 5.07319e-19 
0.526815 0.470838 5.22798e-19 
0.361198 0.222869 5.73091e-19 
0.530582 0.401274 6.24826e-19 
0.538631 0.489567 -1.01887e-18 
0.541457 0.495413 8.33605e-19 
0.495689 0.420923 -3.15455e-19 
0.424922 0.35979 7.20256e-19 
0.766282 0.25287 -3.12121e-19 
0.725906 0.290801 0 
0.722175 0.225419 9.94475e-21 
0.714792 0.514263 3.24476e-19 
0.686648 0.487392 -1.18556e-18 
0.607254 0.488309 1.6504e-20 
0.623029 0.471535 0 
0.666963 0.739244 3.20651e-19 
0.812936 0.769191 2.93938e-19 
0.742334 0.853123 -3.46533e-19 
0.855134 0.800861 -1.16593e-19 
0.888372 0.841421 -2.32055e-20 
0.896688 0.842945 2.37521e-20 
0.823406 0.643399 -5.57393e-19 
0.900237 0.695912 1.0832e-19 
0.958467 0.709716 0 
0.947446 0.686004 -1.48195e-19 
1.00922 0.317986 1.72601e-19 
1.11742 0.289638 2.11644e-19 
1.04844 0.260387 2.89883e-19 
0.990042 0.351222 -3.52793e-19 
1.03124 0.417825 0 
1.08523 0.40523 0 
0.899647 0.349054 4.61993e-21 
0.838292 0.283073 0 
0.86081 0.274858 3.50457e-19 
0.896182 0.279135 -6.27881e-21 
0.920653 0.422978 1.72513e-18 
0.877134 0.484632 4.43719e-19 
0.882714 0.449403 -4.86062e-19 
0.813313 0.437269 5.2077e-19 
0.795213 0.43139 3.19771e-19 
0.767463 0.417288 -3.14256e-19 
1.02704 -0.000730319 5.18417e-19 
1.02005 -0.000366847 0 
1.01858 0.000542027 3.38481e-19 
1.02127 -0.00208113 -7.65965e-19 
1.02246 0.00401685 3.72315e-19 
1.02051 0.01081 -7.79784e-19 
1.02153 0.0102306 0 
1.02084 0.0105194 -1.62803e-19 
1.0161 0.00738372 4.08404e-19 
1.01679 0.0101781 -2.03762e-19 
1.01748 0.00955186 1.50098e-19 
0.0407584 1.31957 0 
0.0334287 1.36162 0 
0.0521813 1.31662 0 
0.0352402 1.27776 0 
0.076171 1.3698 -2.43472e-19 
0.0816502 1.34111 8.14998e-20 
0.103258 1.49161 4.09832e-20 
0.0881658 1.33691 -5.37772e-20 
0.0294579 1.45236 1.32357e-19 
0.0349913 1.44336 -1.0179e-19 
0.0670595 1.35115 -6.12288e-21 
0.0590514 1.35361 1.56685e-19 
0.0503771 1.33159 2.2402e-20 
0.0359939 1.35884 1.78578e-20 
0.105151 2.38742 -3.96001e-20 
0.0932654 2.42943 0 
0.163893 2.06467 6.20931e-20 
0.110848 1.70931 -5.64868e-21 
0.227159 2.05963 -4.93937e-20 
0.211016 2.45594 0 
0.268191 2.40859 -4.30143e-19 
0.304417 2.40733 3.06282e-19 
0.228655 2.01811 -1.36604e-19 
0.149897 2.18463 1.06632e-19 
0.145611 2.30659 0 
0.0216658 1.88639 1.40745e-19 
-0.0106462 2.40411 8.70607e-20 
-0.00442973 2.15774 0 
0.00519047 2.46417 -1.27818e-20 
0.0199126 2.31395 -5.70319e-20 
0.06197 1.42696 -2.4238e-20 
0.111613 1.37827 4.27509e-19 
0.0996443 1.4268 -1.42928e-19 
0.0510799 1.43133 -1.17993e-19 
0.0475633 1.4412 0 
0.0953801 1.40395 0 
0.00948907 1.10012 -2.28942e-19 
0.107318 1.35306 6.88402e-20 
0.121873 1.36087 0 
0.0544986 1.11286 -1.43059e-19 
0.0380151 0.948147 3.1139e-19 
1.04035 0.0106696 0 
1.04548 0.00713162 -5.37282e-20 
1.03837 0.0205266 -3.87908e-19 
1.04757 0.0190851 0 
1.05206 0.0187122 0 
1.03592 0.0104659 -6.4152e-21 
1.03141 0.0103275 6.24057e-19 
1.0316 0.0152471 7.59053e-19 
1.02606 0.0191011 0 
1.02351 0.0198165 0 
1.03481 0.0234055 3.87536e-19 
1.02609 0.0247697 0 
1.02534 0.02437 0 
0.0115172 2.15058 0 
0.00297789 1.95845 2.07528e-20 
-0.00752083 2.0546 -1.22168e-19 
0.0812397 1.355 0 
0.111715 1.68838 -1.28394e-19 
0.109695 1.49256 1.21605e-19 
0.0709779 1.34577 0 
0.395265 1.69015 0 
0.362182 1.28219 1.75013e-19 
0.305702 1.33711 0 
0.417635 1.28181 -2.77385e-19 
0.461595 1.44495 0 
0.442975 1.38934 1.45398e-19 
1.033 2.69436 -1.18578e-20 
0.95993 2.41512 -7.12417e-19 
0.907169 2.18626 8.235e-19 
0.844274 2.38015 2.01597e-19 
0.845569 2.5084 0 
0.915952 2.50229 0 
0.9204 2.37795 0 
0.897974 2.36319 -7.8003e-19 
0.692994 2.48061 -2.63252e-19 
0.802001 2.4722 -6.83707e-20 
0.813789 2.44325 5.22888e-20 
0.691907 2.39396 0 
0.795812 2.39135 0 
0.754791 2.40284 -3.19799e-19 
0.769871 2.4994 0 
0.614138 1.09041 0 
0.486923 0.931825 -3.41267e-19 
0.55575 0.965148 -2.20734e-20 
0.527748 1.06291 0 
0.526582 1.01179 5.13127e-19 
0.766239 0.87768 -8.57395e-20 
0.777706 1.01 0 
0.750511 0.965255 1.10959e-19 
0.64096 1.03151 0 
0.644843 0.942961 0 
1.16582 2.7629 -1.38311e-19 
1.14385 2.82649 -2.62974e-20 
0.935246 2.34834 -2.31292e-20 
0.902384 2.32762 -4.48067e-20 
1.13063 2.7372 0 
1.08351 2.7079 5.40316e-20 
1.09003 2.49038 -2.41206e-19 
0.985641 2.2359 -3.07953e-20 
0.505368 1.36807 0 
0.518958 1.08187 -5.63096e-20 
0.558925 1.15676 0 
0.860065 0.213224 0 
0.807243 0.169254 0 
0.764667 0.148335 0 
0.854495 0.222625 -5.51511e-19 
0.784165 0.21359 3.27702e-19 
0.935804 0.0608171 -3.3632e-19 
0.950287 0.106071 0 
0.926671 0.111331 1.46223e-19 
0.872945 0.0884235 5.88232e-19 
0.854563 0.0493848 -3.66724e-19 
1.16263 3.36209 -8.08462e-19 
1.21032 3.28127 0 
1.16111 3.39029 -1.63885e-18 
0.648335 3.55116 1.39744e-18 
0.872972 3.11853 1.74922e-19 
0.514099 0.855853 4.79425e-19 
0.433292 0.851208 0 
0.339586 0.503908 -1.2972e-19 
0.441538 0.687916 7.07324e-19 
0.529281 0.476707 -1.77948e-19 
0.504503 0.526917 2.02789e-19 
0.650391 0.542577 4.3966e-19 
0.678599 0.560891 0 
0.631862 0.624716 0 
0.589602 0.562234 0 
0.956373 0.595822 5.33696e-20 
0.880455 0.534557 -4.31315e-19 
0.903096 0.566297 3.10957e-19 
0.938466 0.501871 -3.31885e-19 
1.04255 0.47587 0 
1.05177 0.565077 -7.38832e-20 
0.837518 0.387021 -7.25573e-19 
0.841737 0.371947 -8.83356e-19 
0.790555 0.385679 5.6664e-19 
0.784538 0.356443 -5.9308e-19 
0.837331 0.310585 -4.56755e-19 
0.792357 0.308945 5.61598e-19 
1.02668 0.0055533 -4.01367e-19 
1.0263 0.00586165 8.22019e-19 
1.02936 -0.000402629 5.0086e-19 
1.03313 0.000578642 -6.0319e-19 
1.03295 0.00763186 0 
1.02998 0.00857916 -9.75601e-19 
0.0540976 1.6441 -3.91692e-21 
0.0374192 1.57163 0 
0.077853 1.69296 -7.29169e-20 
0.0823831 1.67776 7.22312e-20 
0.0824885 1.5216 -7.69007e-20 
0.0892613 1.50505 0 
0.0819173 1.7696 0 
0.0716199 1.60543 5.01073e-20 
0.100246 1.48861 -4.49877e-20 
0.0921676 1.6648 1.7341e-20 
0.0355736 2.02092 9.14068e-20 
0.0300885 2.01231 -2.58946e-20 
0.499829 1.37897 -3.98586e-20 
0.492867 1.38481 4.69646e-20 
0.439524 1.27988 1.19552e-19 
0.435412 1.29509 -3.39177e-21 
0.624316 1.28751 0 
0.538658 1.37512 2.40198e-19 
0.556658 1.38382 -2.33922e-19 
0.446001 1.26935 -1.15374e-19 
0.503841 1.2224 0 
0.560179 1.19328 0 
0.65945 2.44002 3.86809e-19 
0.669803 2.47308 1.01409e-18 
0.717368 2.48811 -6.97874e-19 
0.619756 2.46901 -1.77385e-19 
0.563347 2.559 2.20657e-19 
0.512799 2.53151 -5.96021e-19 
0.973743 2.38043 -4.57718e-19 
1.01238 2.396 0 
0.91962 2.16595 -5.39768e-19 
1.0528 2.68811 0 
1.05505 2.67509 0 
0.61319 2.27814 -9.78104e-22 
1.0431 3.16485 2.49572e-19 
0.914206 3.03522 -1.68334e-19 
0.283766 0.921608 0 
0.322655 0.782639 -2.64232e-19 
0.479632 0.736775 -2.38249e-19 
0.389989 2.02667 0 
0.468996 2.78755 -1.21785e-19 
0.424239 2.5518 0 
0.677124 0.687738 -6.77348e-19 
0.757033 0.680242 9.17733e-19 
0.775869 0.624823 -9.07217e-19 
0.657349 0.650002 -8.99132e-20 
0.712866 0.600614 -3.72561e-19 
1.00555 2.76851 -1.89768e-19 
1.0426 2.82414 -1.56914e-20 
0.640125 2.15291 4.75321e-19 
0.598398 1.7212 -3.49446e-19 
0.702045 1.91123 -2.38391e-19 
0.991716 2.45165 -9.99196e-20 
0.996319 2.44403 1.47254e-19 
0.661317 1.85003 1.73171e-20 
0.454772 1.34116 7.26502e-20 
))
(300 (2 10 3 0 0 919 1018)(
0 0 0 
0 0 0 
0 0 0 
0 0 0 
0 0 0 
0 0 0 
0 0 0 
0 0 0 
0 0 0 
0 0 0 
0 0 0 
0 0 0 
0 0 0 
0 0 0 
0 0 0 
0 0 0 
0 0 0 
0 0 0 
0 0 0 
0 0 0 
0 0 0 
0 0 0 
0 0 0 
0 0 0 
0 0 0 
0 0 0 
0 0 0 
0 0 0 
0 0 0 
0 0 0 
0 0 0 
0 0 0 
0 0 0 
0 0 0 
0 0 0 
0 0 0 
0 0 0 
0 0 0 
0 0 0 
0 0 0 
0 0 0 
0 0 0 
0 0 0 
0 0 0 
0 0 0 
0 0 0 
0 0 0 
0 0 0 
0 0 0 
0 0 0 
0 0 0 
0 0 0 
0 0 0 
0 0 0 
0 0 0 
0 0 0 
0 0 0 
0 0 0 
0 0 0 
0 0 0 
0 0 0 
0 0 0 
0 0 0 
0 0 0 
0 0 0 
0 0 0 
0 0 0 
0 0 0 
0 0 0 
0 0 0 
0 0 0 
0 0 0 
0 0 0 
0 0 0 
0 0 0 
0 0 0 
0 0 0 
0 0 0 
0 0 0 
0 0 0 
0 0 0 
0 0 0 
0 0 0 
0 0 0 
0 0 0 
0 0 0 
0 0 0 
0 0 0 
0 0 0 
0 0 0 
0 0 0 
0 0 0 
0 0 0 
0 0 0 
0 0 0 
0 0 0 
0 0 0 
0 0 0 
0 0 0 
0 0 0 
))
(300 (2 11 3 0 0 1019 1026)(
1 0 0 
1 0 0 
1 0 0 
1 0 0 
1 0 0 
1 0 0 
1 0 0 
1 0 0 
))
(300 (2 12 3 0 0 1027 1030)(
0 3 0 
0 3 0 
0 3 0 
0 3 0 
))
(300 (2 13 3 0 0 1031 1038)(
-0.0611078 1.11917 0 
-0.0120795 1.26681 1.40489e-19 
-0.207864 1.28836 0 
-0.122891 2.39635 0 
-0.314465 2.20632 0 
-0.308493 1.4946 0 
-0.362205 1.86834 0 
-0.23228 2.32791 0 
))
(300 (2 14 3 0 0 1039 1072)(
0 0 0 
0 0 0 
0 0 0 
0 0 0 
0 0 0 
0 0 0 
0 0 0 
0 0 0 
0 0 0 
0 0 0 
0 0 0 
0 0 0 
0 0 0 
0 0 0 
0 0 0 
0 0 0 
0 0 0 
0 0 0 
0 0 0 
0 0 0 
0 0 0 
0 0 0 
0 0 0 
0 0 0 
0 0 0 
0 0 0 
0 0 0 
0 0 0 
0 0 0 
0 0 0 
0 0 0 
0 0 0 
0 0 0 
0 0 0 
))
(300 (2 15 3 0 0 1073 1072)(
))
