(0 "FOAM to Fluent data File")

(33 (918 3444 1074))
(300 (1 1 1 0 0 1 918)(
0.621938
1.27356
0.00748371
0.621254
0.0149908
1.24061
-0.436358
0.789114
0.602073
-0.0263405
0.0361587
0.59689
1.10117
0.867309
-1.06276
0.0930091
0.739961
-0.316201
0.601076
0.0230648
0.823836
0.608667
0.611702
0.60229
0.664073
0.848826
0.982017
0.00648062
-0.0133874
-0.00873197
0.0703225
0.0671771
0.0626118
1.12425
1.17535
1.19803
0.570457
0.396075
-0.29609
-0.366324
-0.359003
-0.482838
0.780659
0.78287
-0.105056
0.790439
0.800062
0.589298
0.601434
0.60232
0.603425
0.60237
0.603768
0.478151
-0.0320996
-0.0648442
-0.0059498
0.00524771
0.138168
0.0379554
0.0349833
0.0382108
0.0432614
0.521608
0.592834
0.589996
0.601906
0.610062
1.21311
1.18501
1.21116
1.12486
1.14136
1.07913
1.05179
0.887917
0.909737
0.853183
0.842099
-1.50091
-2.46382
-0.466515
-0.211827
-0.0154725
0.0883096
0.09669
0.73099
0.729953
0.741299
0.753594
1.1472
-0.311459
-0.43412
0.601204
0.6
0.608396
0.609091
0.605103
0.604198
0.029394
0.0347377
0.00345514
0.0197583
0.0186942
0.813114
0.811624
0.602834
0.599855
0.617342
0.638018
0.629867
0.354375
0.668166
0.680963
0.67024
0.838136
0.832797
0.841254
0.955403
0.919161
1.01925
1.04234
-0.0207021
-0.0287832
0.0739314
0.0714934
0.0880762
0.566409
0.559173
0.585207
0.57381
0.576216
0.31167
0.176632
0.481815
0.507145
-0.206824
-0.268923
-0.370786
-0.389109
-0.501143
0.671197
0.770792
0.77069
-0.125384
-0.0468685
-0.181733
0.0262344
-0.0339232
0.579718
0.586623
0.581686
0.59705
0.59156
0.593504
0.605659
0.602735
0.604297
0.541802
0.665647
0.404138
0.370758
-0.176695
-0.0842228
-0.178876
0.0173344
0.0228424
0.148258
0.174825
0.12711
0.116091
0.0280714
0.0349377
0.0314327
0.0499143
0.0479033
0.514758
0.504272
0.533838
0.541043
0.583248
0.584333
0.587484
0.586089
1.00248
1.02478
1.03246
1.00628
-3.46554
-6.2697
0.117696
0.256648
-0.0576166
-0.0414957
-0.0307893
0.0638024
-0.00142292
0.00709902
0.0919369
0.0891897
0.0929663
0.093478
0.715568
0.714755
1.06464
1.06304
1.04784
0.996535
0.589264
0.591389
0.596966
0.592801
0.0454278
0.0359188
0.0444835
0.799945
0.807225
0.806465
0.317767
0.232103
0.403109
0.430522
0.70135
0.685505
0.698805
0.731178
0.768499
1.04978
1.06811
1.06628
1.07479
1.11884
1.13525
1.10061
0.546575
0.556156
0.551336
0.588418
0.586105
0.587051
0.582516
0.584014
0.581779
0.0244644
-0.359297
0.561783
0.578585
0.5561
0.563789
0.749435
0.823483
0.753285
0.762679
0.761881
0.0918999
0.0352397
0.328734
0.293863
0.457293
0.491967
0.471997
0.973683
0.934231
0.984285
0.957494
0.918988
0.944294
-0.311003
-1.82544
-0.936079
0.612327
0.422988
0.511792
0.102366
0.0929923
0.0984426
1.05726
1.13643
0.722113
0.887806
0.897818
0.807814
0.837674
0.892571
0.818661
0.852663
0.887465
0.868007
0.627602
0.575065
0.583807
0.891957
0.947094
0.206165
0.151831
0.107685
0.194751
0.248642
0.22361
1.10155
1.00338
1.07478
0.599602
0.600294
-0.0176832
0.00480721
0.604421
0.604466
0.0670777
0.0858949
0.494114
-0.772552
0.195455
0.592898
0.583176
0.600083
-0.00759169
0.436006
0.0322812
0.134829
0.0933635
0.594316
0.531828
0.492942
-0.000933119
0.0799743
0.031502
-0.138185
0.597276
0.595586
0.599545
0.600534
0.601191
-0.00705435
-0.000651162
-0.0381191
0.0193
0.0180173
0.0167811
0.564864
0.581977
-0.0913103
0.599661
0.601793
0.601604
0.594759
0.600456
0.598659
0.079148
0.0758167
0.0725356
0.302581
0.423195
0.741485
0.836681
0.707138
0.480088
0.241312
0.640846
0.706663
0.608884
0.767674
0.763848
0.782908
0.258603
0.111287
0.266826
0.208953
0.590764
0.589407
0.581409
0.578522
0.594935
0.593039
0.597587
0.594535
0.597525
0.598941
0.0300295
0.00831988
-0.00635813
-0.0684295
0.392465
0.653186
0.329949
0.361172
0.226173
0.0440646
0.0435984
0.0311607
0.0290373
0.0838099
0.0776794
0.130818
0.136411
0.113058
0.0922602
0.0787904
0.0752043
0.0683942
0.588089
0.586669
0.592755
0.601468
0.541094
0.544904
0.511279
0.530959
0.517143
0.45787
0.49238
0.467946
0.0486856
0.0340543
0.0274323
0.0763358
0.086447
0.0298135
0.0184956
0.0177243
0.0316561
0.0336225
0.0432338
0.0452251
-0.0966021
-0.209205
1.05194
0.989966
0.192917
0.586475
0.592891
0.58968
0.594485
0.597586
0.598429
0.596192
0.592773
0.58255
0.584335
0.580732
0.581387
-0.0295554
-0.166852
0.00738569
-0.0605231
0.205754
0.694767
0.436071
0.376212
0.370396
0.592346
0.991913
0.787467
0.782531
0.805049
-0.276899
0.119856
-0.209772
0.408852
0.231036
0.738861
0.78978
0.812371
0.759318
0.71072
-0.0457775
0.614353
0.0187121
0.0642218
0.257444
0.148862
0.783625
0.747194
0.752904
0.770637
0.789901
0.752715
0.733096
0.728331
0.766412
0.770254
0.568262
0.335682
0.290933
0.251896
0.730622
0.609045
0.6665
0.578813
0.585683
0.588482
0.58705
0.569514
0.576848
0.572556
0.578337
0.581557
0.590678
0.591025
0.586432
0.588615
0.028384
0.0272285
0.0441133
-0.062845
-0.0514638
-0.111417
0.00597478
0.145102
0.108458
0.302547
0.408899
0.121932
0.00621277
0.0356742
0.06814
0.247286
0.271936
0.15049
0.24449
0.226274
0.212501
0.316162
0.324642
0.0599189
0.0507547
0.0493839
0.0482274
0.104759
0.174767
0.185316
0.0857297
0.0776546
0.0441339
0.0506713
0.0561924
0.0532798
0.0551588
0.0934334
0.00951278
0.0662068
0.0854681
0.0882846
0.0834984
0.0787185
0.581354
0.583303
0.583086
0.590689
0.607304
0.622601
0.582351
0.56287
0.553841
0.556815
0.530461
0.54038
0.536579
0.549376
0.569711
0.578365
0.576542
0.579051
0.562431
0.5638
0.551148
0.554902
0.531141
0.512765
0.501131
0.0241182
0.0219636
0.0324071
0.0320044
0.0443264
0.0456076
0.0915215
0.103849
0.0869302
0.0882172
0.0816269
0.0456326
0.0491823
-0.00478427
0.0734382
-0.112301
-0.144552
-0.213209
0.956168
1.07585
0.880943
0.657092
0.669478
0.908437
0.994423
0.619654
0.802917
0.826423
0.643662
0.907707
0.591303
0.590883
0.588477
0.587966
0.589201
0.0594185
0.160206
0.169035
0.223399
0.337962
0.45117
0.376818
0.252253
0.385417
0.390132
0.690104
0.705653
0.653613
0.677053
0.67455
0.502529
0.580776
0.635958
0.58829
0.634602
0.657118
0.617794
0.648337
0.593827
0.550119
0.54846
0.495903
0.516744
0.495051
0.476997
0.580823
0.558668
0.569044
0.560074
0.57929
0.604969
0.600693
0.629133
0.640139
0.564171
0.523767
0.533556
0.562273
0.522671
0.536028
0.551737
0.28931
0.188886
0.272796
-0.0193164
0.0616264
0.0464807
-0.000610646
0.0449662
0.330967
-0.367599
-0.3404
-0.973268
0.553863
1.02281
0.737031
0.709271
0.785654
0.764484
0.767204
0.790011
0.796962
0.720144
0.738429
0.741924
0.698812
0.722339
0.745112
0.742727
0.588242
0.462385
0.453839
0.413476
0.287948
0.321736
0.52433
0.446885
0.373041
0.376253
0.538855
0.427438
0.493756
0.532313
0.463902
0.418974
0.622918
0.689443
0.679537
0.65471
0.570627
0.584121
0.609194
0.645284
0.67243
0.704488
0.578154
0.583927
0.585208
0.582681
0.57989
0.582809
0.5829
0.585411
0.586267
0.589173
0.58816
0.0368384
0.0485121
0.0377082
0.0300589
0.0542423
0.0491559
0.094021
0.0809268
0.0690328
0.0760917
0.0484102
0.0446489
0.0501688
0.0596193
0.16909
0.183437
0.169276
0.129358
0.314921
0.447472
0.516746
0.393805
0.287781
0.312659
0.336144
0.0652938
0.0947258
0.0796499
0.120293
0.110373
0.0582806
0.0473979
0.0505243
0.0585563
0.0708489
0.051132
0.0597054
0.0635122
0.0568973
0.050997
0.0430419
0.564932
0.55853
0.559641
0.553909
0.552932
0.566338
0.570698
0.572412
0.577719
0.579667
0.570306
0.575671
0.579205
0.084243
0.058395
0.0579873
0.065435
0.0640246
0.0628128
0.0633856
0.186574
0.112613
0.118105
0.0746267
-0.0505491
0.00581817
0.550981
0.54891
0.547708
0.778824
0.630035
0.549502
0.645823
0.75183
0.335699
0.534285
0.367596
0.947635
0.840666
0.986129
0.603935
0.302418
0.45675
0.506985
0.316338
0.388795
0.393716
0.283236
0.314745
0.346505
0.446928
0.325677
0.300115
0.0586375
0.247189
0.362846
0.343994
0.471487
0.534191
0.323041
0.24281
0.1977
0.682148
0.701419
0.721208
0.691258
0.715849
0.640206
0.630794
0.648812
0.656586
0.651721
-0.701758
-0.409824
-1.3538
-0.668977
-0.219823
0.583022
0.546952
0.825109
0.713113
0.777532
0.762896
0.723103
0.689369
0.700849
0.733372
0.432156
0.542853
0.517104
0.523106
0.424943
0.358182
0.657971
0.65211
0.687836
0.712027
0.679778
0.712895
0.575854
0.575489
0.575163
0.571607
0.57
0.572153
0.131402
0.102048
0.134248
0.117639
0.0959329
0.0836674
0.0805287
0.0737375
0.0703471
0.0675766
0.084954
0.0825067
0.22852
0.170147
0.0926657
0.123549
0.063279
-0.00314781
-0.0213953
0.0782417
0.171027
0.161218
0.466321
0.717132
0.538648
0.70688
0.54643
0.601998
0.537817
0.528696
0.557075
0.44161
0.521376
0.282456
-0.219873
-0.128902
0.839986
0.858632
0.640047
0.453818
0.225092
0.414409
0.614711
0.550745
0.589159
0.658159
0.65031
0.0696318
0.137173
0.395558
0.623576
0.293571
0.285043
0.280081
0.453887
0.378854
))
(300 (1 10 1 0 0 919 1018)(
0.621938
1.27356
0.00748371
0.621254
1.24061
-0.436358
0.789114
-0.0263405
0.0361587
0.59689
1.10117
0.867309
-1.06276
0.739961
-0.316201
0.601076
0.0230648
0.823836
0.60229
0.664073
0.848826
0.982017
0.00648062
1.12425
0.570457
-0.366324
-0.482838
0.78287
-0.105056
0.800062
0.589298
-0.0648442
0.00524771
0.0349833
0.0432614
0.521608
0.589996
0.610062
1.14136
1.05179
0.909737
0.842099
-2.46382
-0.211827
0.729953
0.753594
-0.43412
0.6
0.604198
0.0347377
0.0186942
0.811624
0.599855
0.629867
0.354375
0.680963
0.67024
0.841254
0.919161
1.04234
0.559173
0.585207
0.576216
-0.268923
-0.501143
0.77069
-0.181733
-0.0339232
0.581686
0.593504
-0.178876
0.0228424
0.0314327
0.0479033
0.504272
0.541043
0.583248
0.586089
1.00628
0.256648
0.714755
0.589264
0.592801
0.0444835
0.806465
0.232103
0.430522
0.698805
0.768499
1.07479
0.551336
0.587051
0.581779
0.761881
0.0352397
0.471997
0.957494
0.511792
0.852663
0.107685
))
(300 (1 11 1 0 0 919 926)(
0.621938
0.621254
0.602073
0.608667
0.60232
0.603768
0.608396
0.604297
))
(300 (1 12 1 0 0 919 922)(
1.27356
1.24061
1.19803
1.21116
))
(300 (1 13 1 0 0 919 926)(
0
0
0
0
0
0
0
0
))
(300 (1 14 1 0 0 919 952)(
0.0149908
0.0930091
0.0626118
0.396075
0.478151
0.138168
0.09669
1.1472
0.0880762
0.176632
0.507145
0.671197
0.665647
0.370758
0.174825
0.116091
-6.2697
0.0919369
0.093478
1.06304
0.996535
-0.359297
0.561783
0.563789
0.823483
0.293863
-0.936079
0.0984426
1.13643
0.897818
0.583807
0.947094
0.22361
1.07478
))
(300 (1 15 1 0 0 919 2754)(
0.621938
0.621938
1.27356
1.27356
0.00748371
0.00748371
0.621254
0.621254
0.0149908
0.0149908
1.24061
1.24061
-0.436358
-0.436358
0.789114
0.789114
0.602073
0.602073
-0.0263405
-0.0263405
0.0361587
0.0361587
0.59689
0.59689
1.10117
1.10117
0.867309
0.867309
-1.06276
-1.06276
0.0930091
0.0930091
0.739961
0.739961
-0.316201
-0.316201
0.601076
0.601076
0.0230648
0.0230648
0.823836
0.823836
0.608667
0.608667
0.611702
0.611702
0.60229
0.60229
0.664073
0.664073
0.848826
0.848826
0.982017
0.982017
0.00648062
0.00648062
-0.0133874
-0.0133874
-0.00873197
-0.00873197
0.0703225
0.0703225
0.0671771
0.0671771
0.0626118
0.0626118
1.12425
1.12425
1.17535
1.17535
1.19803
1.19803
0.570457
0.570457
0.396075
0.396075
-0.29609
-0.29609
-0.366324
-0.366324
-0.359003
-0.359003
-0.482838
-0.482838
0.780659
0.780659
0.78287
0.78287
-0.105056
-0.105056
0.790439
0.790439
0.800062
0.800062
0.589298
0.589298
0.601434
0.601434
0.60232
0.60232
0.603425
0.603425
0.60237
0.60237
0.603768
0.603768
0.478151
0.478151
-0.0320996
-0.0320996
-0.0648442
-0.0648442
-0.0059498
-0.0059498
0.00524771
0.00524771
0.138168
0.138168
0.0379554
0.0379554
0.0349833
0.0349833
0.0382108
0.0382108
0.0432614
0.0432614
0.521608
0.521608
0.592834
0.592834
0.589996
0.589996
0.601906
0.601906
0.610062
0.610062
1.21311
1.21311
1.18501
1.18501
1.21116
1.21116
1.12486
1.12486
1.14136
1.14136
1.07913
1.07913
1.05179
1.05179
0.887917
0.887917
0.909737
0.909737
0.853183
0.853183
0.842099
0.842099
-1.50091
-1.50091
-2.46382
-2.46382
-0.466515
-0.466515
-0.211827
-0.211827
-0.0154725
-0.0154725
0.0883096
0.0883096
0.09669
0.09669
0.73099
0.73099
0.729953
0.729953
0.741299
0.741299
0.753594
0.753594
1.1472
1.1472
-0.311459
-0.311459
-0.43412
-0.43412
0.601204
0.601204
0.6
0.6
0.608396
0.608396
0.609091
0.609091
0.605103
0.605103
0.604198
0.604198
0.029394
0.029394
0.0347377
0.0347377
0.00345514
0.00345514
0.0197583
0.0197583
0.0186942
0.0186942
0.813114
0.813114
0.811624
0.811624
0.602834
0.602834
0.599855
0.599855
0.617342
0.617342
0.638018
0.638018
0.629867
0.629867
0.354375
0.354375
0.668166
0.668166
0.680963
0.680963
0.67024
0.67024
0.838136
0.838136
0.832797
0.832797
0.841254
0.841254
0.955403
0.955403
0.919161
0.919161
1.01925
1.01925
1.04234
1.04234
-0.0207021
-0.0207021
-0.0287832
-0.0287832
0.0739314
0.0739314
0.0714934
0.0714934
0.0880762
0.0880762
0.566409
0.566409
0.559173
0.559173
0.585207
0.585207
0.57381
0.57381
0.576216
0.576216
0.31167
0.31167
0.176632
0.176632
0.481815
0.481815
0.507145
0.507145
-0.206824
-0.206824
-0.268923
-0.268923
-0.370786
-0.370786
-0.389109
-0.389109
-0.501143
-0.501143
0.671197
0.671197
0.770792
0.770792
0.77069
0.77069
-0.125384
-0.125384
-0.0468685
-0.0468685
-0.181733
-0.181733
0.0262344
0.0262344
-0.0339232
-0.0339232
0.579718
0.579718
0.586623
0.586623
0.581686
0.581686
0.59705
0.59705
0.59156
0.59156
0.593504
0.593504
0.605659
0.605659
0.602735
0.602735
0.604297
0.604297
0.541802
0.541802
0.665647
0.665647
0.404138
0.404138
0.370758
0.370758
-0.176695
-0.176695
-0.0842228
-0.0842228
-0.178876
-0.178876
0.0173344
0.0173344
0.0228424
0.0228424
0.148258
0.148258
0.174825
0.174825
0.12711
0.12711
0.116091
0.116091
0.0280714
0.0280714
0.0349377
0.0349377
0.0314327
0.0314327
0.0499143
0.0499143
0.0479033
0.0479033
0.514758
0.514758
0.504272
0.504272
0.533838
0.533838
0.541043
0.541043
0.583248
0.583248
0.584333
0.584333
0.587484
0.587484
0.586089
0.586089
1.00248
1.00248
1.02478
1.02478
1.03246
1.03246
1.00628
1.00628
-3.46554
-3.46554
-6.2697
-6.2697
0.117696
0.117696
0.256648
0.256648
-0.0576166
-0.0576166
-0.0414957
-0.0414957
-0.0307893
-0.0307893
0.0638024
0.0638024
-0.00142292
-0.00142292
0.00709902
0.00709902
0.0919369
0.0919369
0.0891897
0.0891897
0.0929663
0.0929663
0.093478
0.093478
0.715568
0.715568
0.714755
0.714755
1.06464
1.06464
1.06304
1.06304
1.04784
1.04784
0.996535
0.996535
0.589264
0.589264
0.591389
0.591389
0.596966
0.596966
0.592801
0.592801
0.0454278
0.0454278
0.0359188
0.0359188
0.0444835
0.0444835
0.799945
0.799945
0.807225
0.807225
0.806465
0.806465
0.317767
0.317767
0.232103
0.232103
0.403109
0.403109
0.430522
0.430522
0.70135
0.70135
0.685505
0.685505
0.698805
0.698805
0.731178
0.731178
0.768499
0.768499
1.04978
1.04978
1.06811
1.06811
1.06628
1.06628
1.07479
1.07479
1.11884
1.11884
1.13525
1.13525
1.10061
1.10061
0.546575
0.546575
0.556156
0.556156
0.551336
0.551336
0.588418
0.588418
0.586105
0.586105
0.587051
0.587051
0.582516
0.582516
0.584014
0.584014
0.581779
0.581779
0.0244644
0.0244644
-0.359297
-0.359297
0.561783
0.561783
0.578585
0.578585
0.5561
0.5561
0.563789
0.563789
0.749435
0.749435
0.823483
0.823483
0.753285
0.753285
0.762679
0.762679
0.761881
0.761881
0.0918999
0.0918999
0.0352397
0.0352397
0.328734
0.328734
0.293863
0.293863
0.457293
0.457293
0.491967
0.491967
0.471997
0.471997
0.973683
0.973683
0.934231
0.934231
0.984285
0.984285
0.957494
0.957494
0.918988
0.918988
0.944294
0.944294
-0.311003
-0.311003
-1.82544
-1.82544
-0.936079
-0.936079
0.612327
0.612327
0.422988
0.422988
0.511792
0.511792
0.102366
0.102366
0.0929923
0.0929923
0.0984426
0.0984426
1.05726
1.05726
1.13643
1.13643
0.722113
0.722113
0.887806
0.887806
0.897818
0.897818
0.807814
0.807814
0.837674
0.837674
0.892571
0.892571
0.818661
0.818661
0.852663
0.852663
0.887465
0.887465
0.868007
0.868007
0.627602
0.627602
0.575065
0.575065
0.583807
0.583807
0.891957
0.891957
0.947094
0.947094
0.206165
0.206165
0.151831
0.151831
0.107685
0.107685
0.194751
0.194751
0.248642
0.248642
0.22361
0.22361
1.10155
1.10155
1.00338
1.00338
1.07478
1.07478
0.599602
0.599602
0.600294
0.600294
-0.0176832
-0.0176832
0.00480721
0.00480721
0.604421
0.604421
0.604466
0.604466
0.0670777
0.0670777
0.0858949
0.0858949
0.494114
0.494114
-0.772552
-0.772552
0.195455
0.195455
0.592898
0.592898
0.583176
0.583176
0.600083
0.600083
-0.00759169
-0.00759169
0.436006
0.436006
0.0322812
0.0322812
0.134829
0.134829
0.0933635
0.0933635
0.594316
0.594316
0.531828
0.531828
0.492942
0.492942
-0.000933119
-0.000933119
0.0799743
0.0799743
0.031502
0.031502
-0.138185
-0.138185
0.597276
0.597276
0.595586
0.595586
0.599545
0.599545
0.600534
0.600534
0.601191
0.601191
-0.00705435
-0.00705435
-0.000651162
-0.000651162
-0.0381191
-0.0381191
0.0193
0.0193
0.0180173
0.0180173
0.0167811
0.0167811
0.564864
0.564864
0.581977
0.581977
-0.0913103
-0.0913103
0.599661
0.599661
0.601793
0.601793
0.601604
0.601604
0.594759
0.594759
0.600456
0.600456
0.598659
0.598659
0.079148
0.079148
0.0758167
0.0758167
0.0725356
0.0725356
0.302581
0.302581
0.423195
0.423195
0.741485
0.741485
0.836681
0.836681
0.707138
0.707138
0.480088
0.480088
0.241312
0.241312
0.640846
0.640846
0.706663
0.706663
0.608884
0.608884
0.767674
0.767674
0.763848
0.763848
0.782908
0.782908
0.258603
0.258603
0.111287
0.111287
0.266826
0.266826
0.208953
0.208953
0.590764
0.590764
0.589407
0.589407
0.581409
0.581409
0.578522
0.578522
0.594935
0.594935
0.593039
0.593039
0.597587
0.597587
0.594535
0.594535
0.597525
0.597525
0.598941
0.598941
0.0300295
0.0300295
0.00831988
0.00831988
-0.00635813
-0.00635813
-0.0684295
-0.0684295
0.392465
0.392465
0.653186
0.653186
0.329949
0.329949
0.361172
0.361172
0.226173
0.226173
0.0440646
0.0440646
0.0435984
0.0435984
0.0311607
0.0311607
0.0290373
0.0290373
0.0838099
0.0838099
0.0776794
0.0776794
0.130818
0.130818
0.136411
0.136411
0.113058
0.113058
0.0922602
0.0922602
0.0787904
0.0787904
0.0752043
0.0752043
0.0683942
0.0683942
0.588089
0.588089
0.586669
0.586669
0.592755
0.592755
0.601468
0.601468
0.541094
0.541094
0.544904
0.544904
0.511279
0.511279
0.530959
0.530959
0.517143
0.517143
0.45787
0.45787
0.49238
0.49238
0.467946
0.467946
0.0486856
0.0486856
0.0340543
0.0340543
0.0274323
0.0274323
0.0763358
0.0763358
0.086447
0.086447
0.0298135
0.0298135
0.0184956
0.0184956
0.0177243
0.0177243
0.0316561
0.0316561
0.0336225
0.0336225
0.0432338
0.0432338
0.0452251
0.0452251
-0.0966021
-0.0966021
-0.209205
-0.209205
1.05194
1.05194
0.989966
0.989966
0.192917
0.192917
0.586475
0.586475
0.592891
0.592891
0.58968
0.58968
0.594485
0.594485
0.597586
0.597586
0.598429
0.598429
0.596192
0.596192
0.592773
0.592773
0.58255
0.58255
0.584335
0.584335
0.580732
0.580732
0.581387
0.581387
-0.0295554
-0.0295554
-0.166852
-0.166852
0.00738569
0.00738569
-0.0605231
-0.0605231
0.205754
0.205754
0.694767
0.694767
0.436071
0.436071
0.376212
0.376212
0.370396
0.370396
0.592346
0.592346
0.991913
0.991913
0.787467
0.787467
0.782531
0.782531
0.805049
0.805049
-0.276899
-0.276899
0.119856
0.119856
-0.209772
-0.209772
0.408852
0.408852
0.231036
0.231036
0.738861
0.738861
0.78978
0.78978
0.812371
0.812371
0.759318
0.759318
0.71072
0.71072
-0.0457775
-0.0457775
0.614353
0.614353
0.0187121
0.0187121
0.0642218
0.0642218
0.257444
0.257444
0.148862
0.148862
0.783625
0.783625
0.747194
0.747194
0.752904
0.752904
0.770637
0.770637
0.789901
0.789901
0.752715
0.752715
0.733096
0.733096
0.728331
0.728331
0.766412
0.766412
0.770254
0.770254
0.568262
0.568262
0.335682
0.335682
0.290933
0.290933
0.251896
0.251896
0.730622
0.730622
0.609045
0.609045
0.6665
0.6665
0.578813
0.578813
0.585683
0.585683
0.588482
0.588482
0.58705
0.58705
0.569514
0.569514
0.576848
0.576848
0.572556
0.572556
0.578337
0.578337
0.581557
0.581557
0.590678
0.590678
0.591025
0.591025
0.586432
0.586432
0.588615
0.588615
0.028384
0.028384
0.0272285
0.0272285
0.0441133
0.0441133
-0.062845
-0.062845
-0.0514638
-0.0514638
-0.111417
-0.111417
0.00597478
0.00597478
0.145102
0.145102
0.108458
0.108458
0.302547
0.302547
0.408899
0.408899
0.121932
0.121932
0.00621277
0.00621277
0.0356742
0.0356742
0.06814
0.06814
0.247286
0.247286
0.271936
0.271936
0.15049
0.15049
0.24449
0.24449
0.226274
0.226274
0.212501
0.212501
0.316162
0.316162
0.324642
0.324642
0.0599189
0.0599189
0.0507547
0.0507547
0.0493839
0.0493839
0.0482274
0.0482274
0.104759
0.104759
0.174767
0.174767
0.185316
0.185316
0.0857297
0.0857297
0.0776546
0.0776546
0.0441339
0.0441339
0.0506713
0.0506713
0.0561924
0.0561924
0.0532798
0.0532798
0.0551588
0.0551588
0.0934334
0.0934334
0.00951278
0.00951278
0.0662068
0.0662068
0.0854681
0.0854681
0.0882846
0.0882846
0.0834984
0.0834984
0.0787185
0.0787185
0.581354
0.581354
0.583303
0.583303
0.583086
0.583086
0.590689
0.590689
0.607304
0.607304
0.622601
0.622601
0.582351
0.582351
0.56287
0.56287
0.553841
0.553841
0.556815
0.556815
0.530461
0.530461
0.54038
0.54038
0.536579
0.536579
0.549376
0.549376
0.569711
0.569711
0.578365
0.578365
0.576542
0.576542
0.579051
0.579051
0.562431
0.562431
0.5638
0.5638
0.551148
0.551148
0.554902
0.554902
0.531141
0.531141
0.512765
0.512765
0.501131
0.501131
0.0241182
0.0241182
0.0219636
0.0219636
0.0324071
0.0324071
0.0320044
0.0320044
0.0443264
0.0443264
0.0456076
0.0456076
0.0915215
0.0915215
0.103849
0.103849
0.0869302
0.0869302
0.0882172
0.0882172
0.0816269
0.0816269
0.0456326
0.0456326
0.0491823
0.0491823
-0.00478427
-0.00478427
0.0734382
0.0734382
-0.112301
-0.112301
-0.144552
-0.144552
-0.213209
-0.213209
0.956168
0.956168
1.07585
1.07585
0.880943
0.880943
0.657092
0.657092
0.669478
0.669478
0.908437
0.908437
0.994423
0.994423
0.619654
0.619654
0.802917
0.802917
0.826423
0.826423
0.643662
0.643662
0.907707
0.907707
0.591303
0.591303
0.590883
0.590883
0.588477
0.588477
0.587966
0.587966
0.589201
0.589201
0.0594185
0.0594185
0.160206
0.160206
0.169035
0.169035
0.223399
0.223399
0.337962
0.337962
0.45117
0.45117
0.376818
0.376818
0.252253
0.252253
0.385417
0.385417
0.390132
0.390132
0.690104
0.690104
0.705653
0.705653
0.653613
0.653613
0.677053
0.677053
0.67455
0.67455
0.502529
0.502529
0.580776
0.580776
0.635958
0.635958
0.58829
0.58829
0.634602
0.634602
0.657118
0.657118
0.617794
0.617794
0.648337
0.648337
0.593827
0.593827
0.550119
0.550119
0.54846
0.54846
0.495903
0.495903
0.516744
0.516744
0.495051
0.495051
0.476997
0.476997
0.580823
0.580823
0.558668
0.558668
0.569044
0.569044
0.560074
0.560074
0.57929
0.57929
0.604969
0.604969
0.600693
0.600693
0.629133
0.629133
0.640139
0.640139
0.564171
0.564171
0.523767
0.523767
0.533556
0.533556
0.562273
0.562273
0.522671
0.522671
0.536028
0.536028
0.551737
0.551737
0.28931
0.28931
0.188886
0.188886
0.272796
0.272796
-0.0193164
-0.0193164
0.0616264
0.0616264
0.0464807
0.0464807
-0.000610646
-0.000610646
0.0449662
0.0449662
0.330967
0.330967
-0.367599
-0.367599
-0.3404
-0.3404
-0.973268
-0.973268
0.553863
0.553863
1.02281
1.02281
0.737031
0.737031
0.709271
0.709271
0.785654
0.785654
0.764484
0.764484
0.767204
0.767204
0.790011
0.790011
0.796962
0.796962
0.720144
0.720144
0.738429
0.738429
0.741924
0.741924
0.698812
0.698812
0.722339
0.722339
0.745112
0.745112
0.742727
0.742727
0.588242
0.588242
0.462385
0.462385
0.453839
0.453839
0.413476
0.413476
0.287948
0.287948
0.321736
0.321736
0.52433
0.52433
0.446885
0.446885
0.373041
0.373041
0.376253
0.376253
0.538855
0.538855
0.427438
0.427438
0.493756
0.493756
0.532313
0.532313
0.463902
0.463902
0.418974
0.418974
0.622918
0.622918
0.689443
0.689443
0.679537
0.679537
0.65471
0.65471
0.570627
0.570627
0.584121
0.584121
0.609194
0.609194
0.645284
0.645284
0.67243
0.67243
0.704488
0.704488
0.578154
0.578154
0.583927
0.583927
0.585208
0.585208
0.582681
0.582681
0.57989
0.57989
0.582809
0.582809
0.5829
0.5829
0.585411
0.585411
0.586267
0.586267
0.589173
0.589173
0.58816
0.58816
0.0368384
0.0368384
0.0485121
0.0485121
0.0377082
0.0377082
0.0300589
0.0300589
0.0542423
0.0542423
0.0491559
0.0491559
0.094021
0.094021
0.0809268
0.0809268
0.0690328
0.0690328
0.0760917
0.0760917
0.0484102
0.0484102
0.0446489
0.0446489
0.0501688
0.0501688
0.0596193
0.0596193
0.16909
0.16909
0.183437
0.183437
0.169276
0.169276
0.129358
0.129358
0.314921
0.314921
0.447472
0.447472
0.516746
0.516746
0.393805
0.393805
0.287781
0.287781
0.312659
0.312659
0.336144
0.336144
0.0652938
0.0652938
0.0947258
0.0947258
0.0796499
0.0796499
0.120293
0.120293
0.110373
0.110373
0.0582806
0.0582806
0.0473979
0.0473979
0.0505243
0.0505243
0.0585563
0.0585563
0.0708489
0.0708489
0.051132
0.051132
0.0597054
0.0597054
0.0635122
0.0635122
0.0568973
0.0568973
0.050997
0.050997
0.0430419
0.0430419
0.564932
0.564932
0.55853
0.55853
0.559641
0.559641
0.553909
0.553909
0.552932
0.552932
0.566338
0.566338
0.570698
0.570698
0.572412
0.572412
0.577719
0.577719
0.579667
0.579667
0.570306
0.570306
0.575671
0.575671
0.579205
0.579205
0.084243
0.084243
0.058395
0.058395
0.0579873
0.0579873
0.065435
0.065435
0.0640246
0.0640246
0.0628128
0.0628128
0.0633856
0.0633856
0.186574
0.186574
0.112613
0.112613
0.118105
0.118105
0.0746267
0.0746267
-0.0505491
-0.0505491
0.00581817
0.00581817
0.550981
0.550981
0.54891
0.54891
0.547708
0.547708
0.778824
0.778824
0.630035
0.630035
0.549502
0.549502
0.645823
0.645823
0.75183
0.75183
0.335699
0.335699
0.534285
0.534285
0.367596
0.367596
0.947635
0.947635
0.840666
0.840666
0.986129
0.986129
0.603935
0.603935
0.302418
0.302418
0.45675
0.45675
0.506985
0.506985
0.316338
0.316338
0.388795
0.388795
0.393716
0.393716
0.283236
0.283236
0.314745
0.314745
0.346505
0.346505
0.446928
0.446928
0.325677
0.325677
0.300115
0.300115
0.0586375
0.0586375
0.247189
0.247189
0.362846
0.362846
0.343994
0.343994
0.471487
0.471487
0.534191
0.534191
0.323041
0.323041
0.24281
0.24281
0.1977
0.1977
0.682148
0.682148
0.701419
0.701419
0.721208
0.721208
0.691258
0.691258
0.715849
0.715849
0.640206
0.640206
0.630794
0.630794
0.648812
0.648812
0.656586
0.656586
0.651721
0.651721
-0.701758
-0.701758
-0.409824
-0.409824
-1.3538
-1.3538
-0.668977
-0.668977
-0.219823
-0.219823
0.583022
0.583022
0.546952
0.546952
0.825109
0.825109
0.713113
0.713113
0.777532
0.777532
0.762896
0.762896
0.723103
0.723103
0.689369
0.689369
0.700849
0.700849
0.733372
0.733372
0.432156
0.432156
0.542853
0.542853
0.517104
0.517104
0.523106
0.523106
0.424943
0.424943
0.358182
0.358182
0.657971
0.657971
0.65211
0.65211
0.687836
0.687836
0.712027
0.712027
0.679778
0.679778
0.712895
0.712895
0.575854
0.575854
0.575489
0.575489
0.575163
0.575163
0.571607
0.571607
0.57
0.57
0.572153
0.572153
0.131402
0.131402
0.102048
0.102048
0.134248
0.134248
0.117639
0.117639
0.0959329
0.0959329
0.0836674
0.0836674
0.0805287
0.0805287
0.0737375
0.0737375
0.0703471
0.0703471
0.0675766
0.0675766
0.084954
0.084954
0.0825067
0.0825067
0.22852
0.22852
0.170147
0.170147
0.0926657
0.0926657
0.123549
0.123549
0.063279
0.063279
-0.00314781
-0.00314781
-0.0213953
-0.0213953
0.0782417
0.0782417
0.171027
0.171027
0.161218
0.161218
0.466321
0.466321
0.717132
0.717132
0.538648
0.538648
0.70688
0.70688
0.54643
0.54643
0.601998
0.601998
0.537817
0.537817
0.528696
0.528696
0.557075
0.557075
0.44161
0.44161
0.521376
0.521376
0.282456
0.282456
-0.219873
-0.219873
-0.128902
-0.128902
0.839986
0.839986
0.858632
0.858632
0.640047
0.640047
0.453818
0.453818
0.225092
0.225092
0.414409
0.414409
0.614711
0.614711
0.550745
0.550745
0.589159
0.589159
0.658159
0.658159
0.65031
0.65031
0.0696318
0.0696318
0.137173
0.137173
0.395558
0.395558
0.623576
0.623576
0.293571
0.293571
0.285043
0.285043
0.280081
0.280081
0.453887
0.453887
0.378854
0.378854
))
(300 (2 1 3 0 0 1 918)(
0.985165 -0.000498681 0 
0.00501201 2.96625 0 
-0.0309445 0.819581 0 
0.979702 0.00215025 0 
-0.0932948 1.62375 -5.96826e-20 
-0.00704253 2.94879 -2.66054e-18 
0.831441 1.17485 3.83884e-19 
0.318185 0.145275 -1.75194e-20 
0.999908 -0.000287826 0 
0.0492566 0.834686 0 
0.000853722 0.643427 0 
0.734535 -0.0118613 0 
0.011092 2.9304 0 
0.00225544 2.79498 0 
-0.0176634 3.15713 7.20369e-19 
-0.0168846 1.82799 -8.52078e-20 
0.391406 0.0451882 1.15505e-18 
0.190428 1.18485 2.51723e-19 
0.96279 0.00502377 0 
-0.00471791 0.631183 0 
0.07563 0.190739 -8.25201e-19 
1.00198 -0.00498249 0 
1.00022 -0.0097964 0 
0.975719 -0.00644346 0 
0.585808 -0.0373808 0 
0.0161215 2.63848 0 
-0.0149727 2.91007 9.92215e-19 
-0.028228 0.812102 0 
-0.101794 1.01086 0 
-0.0271843 0.802236 0 
-0.198318 2.56811 0 
-0.139066 1.79556 4.72529e-20 
-0.0852677 1.62602 0 
-0.0206167 2.9876 -9.62096e-23 
-0.0166922 3.0053 2.06784e-18 
0.00210046 3.00019 0 
0.870558 -0.00948365 0 
0.40324 0.936516 2.20455e-19 
0.812319 1.19122 -3.80207e-19 
0.960447 1.03006 4.47726e-19 
0.681941 1.28435 -8.80725e-20 
0.679431 1.27015 5.15024e-19 
0.3598 0.231633 1.70917e-20 
0.333464 0.115337 0 
1.13599 0.55339 0 
0.325073 0.228917 7.81229e-20 
0.287056 0.154755 -8.10706e-20 
0.919709 -0.00745608 0 
1.00027 0.000138595 0 
0.999909 0.000328285 0 
1.00363 -0.00777756 0 
1.00096 -0.000929835 0 
1.00017 2.82882e-05 0 
0.0800514 1.80064 -9.15876e-19 
0.0332006 1.00128 0 
0.0870586 0.90037 0 
0.0170824 0.956379 0 
0.0356017 0.770585 0 
0.0227647 1.99943 0 
0.00316425 0.810263 0 
0.0236176 0.655757 0 
-0.00519556 0.809104 0 
-0.00675199 0.648956 0 
0.836797 -0.0154727 0 
0.850065 0.0278246 0 
0.768137 -0.00203142 0 
0.822875 0.0366992 0 
0.702898 -0.017168 0 
0.0146901 3.0004 9.88935e-19 
0.0115018 3.00798 0 
0.00612083 3.00279 0 
0.0135309 2.99734 1.12617e-23 
0.00798218 2.95848 -1.4698e-18 
0.0144899 2.98208 0 
0.0108341 2.9036 0 
0.0245739 2.93085 2.31043e-24 
0.00451467 2.82492 0 
0.0304854 2.9162 0 
-0.00539387 2.74462 0 
0.308379 3.55391 0 
-0.131915 3.63542 0 
0.139614 3.24759 -6.70387e-19 
-0.012505 2.98292 0 
-0.182872 2.34095 0 
-0.0405303 2.05274 8.40282e-20 
0.00812083 1.8925 -8.66285e-20 
0.480403 0.146641 -3.99672e-19 
0.389117 0.0253964 -3.85834e-19 
0.465498 0.169676 -1.20366e-18 
0.376201 0.0652806 -7.93563e-19 
0.218236 0.942842 0 
0.272518 1.32478 -3.20051e-19 
0.377011 1.26984 5.40019e-19 
0.987498 0.00856656 0 
0.941938 0.00587871 0 
1.0003 0.000577969 0 
1.00286 0.0093045 0 
1.00302 0.00846494 -3.07346e-18 
0.991915 0.00969379 2.32102e-18 
0.000909904 0.784903 0 
-0.0089412 0.634792 0 
0.0125317 0.844271 0 
-0.0199656 0.787838 0 
0.0100434 0.62806 0 
0.11903 0.19731 2.55136e-19 
0.175195 0.175078 0 
0.993535 -0.00838333 0 
0.954401 -0.00652552 0 
0.774905 0.0454688 0 
0.712133 0.0557037 0 
0.661266 -0.0302132 0 
0.953397 -0.010603 0 
0.628948 0.0701955 0 
0.456776 -0.0178843 1.68529e-18 
-0.0368945 2.86309 7.71432e-19 
0.0420012 2.90897 0 
0.0544815 2.88509 0 
-0.00475906 2.69906 0 
-0.0131636 2.9853 9.44764e-19 
-0.0179653 2.89527 0 
-0.0153356 2.98811 -2.91834e-18 
-0.0133668 2.92521 9.97182e-19 
-0.0470251 1.17568 0 
-0.09633 1.30648 0 
-0.0548999 2.02279 -2.18935e-21 
-0.0887663 1.92376 0 
-0.0682353 1.73844 0 
0.937766 -0.00769047 0 
0.856087 -0.0093645 0 
0.863543 0.00656772 0 
0.949055 -0.00797576 0 
0.883534 -0.00818816 0 
0.515406 1.13043 -2.76322e-19 
0.564981 1.18235 0 
0.367182 0.880385 3.92911e-20 
0.309518 0.739817 0 
0.9197 1.06822 -1.18656e-19 
1.0306 0.87014 2.32648e-19 
0.372231 1.37564 0 
0.535606 1.34586 0 
0.544915 1.29997 0 
0.112386 0.182533 -3.29365e-19 
0.393763 0.217624 0 
0.360283 0.108685 2.237e-19 
1.00076 0.924808 0 
1.06497 0.772562 0 
1.09015 0.713513 -1.59604e-19 
1.11619 0.614138 0 
1.16059 0.397852 5.46157e-20 
0.957422 -0.00885461 0 
0.96232 -0.0101315 0 
0.901406 -0.00795649 0 
0.984163 -0.0091808 0 
0.974617 -0.00941157 0 
0.937027 -0.0063774 0 
1.00019 0.00233893 0 
1.00091 0.001391 0 
0.999913 0.000852809 0 
0.0334425 2.05872 5.0178e-19 
0.121201 1.7424 0 
0.0128607 2.17354 8.02961e-19 
0.0556035 1.86007 -6.91843e-19 
0.104906 1.18918 -2.04852e-19 
0.0463579 1.07644 0 
0.141603 1.04641 0 
0.0109231 0.909277 0 
0.0190201 0.729044 0 
-0.00456687 2.21131 -1.96773e-21 
0.0307984 1.98875 0 
-0.00616318 2.18636 -1.05917e-19 
0.0285156 2.0005 2.00583e-19 
0.0121914 0.868624 0 
0.0118699 0.833879 0 
0.0245459 0.692361 0 
-0.00296868 0.806864 0 
-0.0181843 0.639701 0 
0.93457 0.00884022 0 
0.843758 -0.0146886 0 
0.924943 -0.000448187 0 
0.8393 -0.0126139 0 
0.812594 0.00212186 0 
0.90244 0.0193066 0 
0.87958 0.0236344 0 
0.789474 0.000361422 0 
0.00578813 3.06488 -9.33422e-21 
0.0166623 3.05782 0 
0.0147219 2.96907 0 
0.00864275 2.87623 0 
0.925457 3.97036 0 
1.24016 3.30244 9.20215e-19 
0.0703032 3.07494 0 
-0.0280296 2.90581 0 
0.0343885 1.4852 0 
-0.0603177 2.10536 0 
-0.12747 1.84477 0 
-0.147052 2.51236 5.50958e-20 
-0.14889 2.44758 0 
-0.19902 2.49623 0 
0.0201804 1.97613 1.67604e-21 
-0.0144747 2.10482 7.91398e-20 
-0.0270391 2.07502 8.82588e-20 
0.016194 1.94427 0 
0.506298 0.12091 5.99543e-19 
0.405471 0.00472037 -5.89018e-19 
0.260918 1.56968 0 
0.266939 0.718968 -3.32657e-19 
0.177674 1.65424 -1.12273e-18 
0.227286 1.18712 1.12564e-18 
0.902292 0.00656276 0 
0.967532 0.0109884 0 
0.974621 0.0107591 0 
0.923471 0.00651902 0 
-0.0134426 0.812854 0 
-0.00319819 0.80134 0 
-0.00654156 0.637725 0 
0.277845 0.225712 7.18998e-19 
0.228849 0.208745 -8.50372e-19 
0.240533 0.167736 0 
1.07514 0.0811236 3.5094e-20 
1.05617 0.0361276 0 
0.997265 0.0369407 0 
0.89537 -0.00873828 0 
0.53119 0.0958294 0 
0.564667 0.0750995 -2.69677e-18 
0.425118 -0.0032109 1.01175e-18 
0.00919095 2.98147 8.12591e-19 
-0.0322938 2.86645 4.77641e-20 
0.00364471 3.05021 -1.96809e-20 
0.0201626 3.04342 6.99148e-19 
-0.0150206 2.99657 3.26659e-20 
-0.0129468 2.94946 -1.31336e-22 
-0.0172541 3.01196 -6.0162e-19 
0.0148153 3.02394 4.3509e-19 
0.00733143 3.03674 -6.9137e-19 
0.932279 -0.00207454 0 
0.938333 -0.00394604 0 
0.843841 -0.00871197 0 
0.956782 0.0116562 0 
0.943185 0.0128326 0 
0.881885 0.00619881 0 
0.918486 0.0159396 0 
0.926799 0.0145267 0 
0.838906 0.00432681 0 
0.719119 1.40989 -9.8773e-21 
0.752925 1.51935 0 
0.190627 0.329933 8.07358e-20 
0.215955 0.6542 6.50853e-19 
0.258727 0.716879 -3.76042e-19 
0.266325 0.536846 7.49124e-19 
0.329389 0.78092 1.72065e-18 
0.130077 0.21949 3.95812e-19 
0.44031 0.191527 8.42097e-19 
0.417547 0.208142 2.18531e-19 
0.37147 0.0905388 4.18195e-19 
1.15021 0.456346 -2.28473e-20 
1.1611 0.250829 -3.15333e-20 
0.00213905 2.21248 3.25108e-19 
0.0547369 1.92375 0 
0.961906 0.0270117 0 
0.937791 0.0124974 0 
0.860502 -0.0185969 0 
0.0111224 3.07425 0 
0.0197036 2.94412 1.29543e-18 
0.0164571 2.95629 0 
0.00634629 2.85065 -1.28484e-18 
0.00631602 3.0914 3.15754e-19 
0.00726666 3.08268 0 
0.786101 1.82237 -1.46894e-19 
1.24786 2.50122 3.666e-19 
0.768341 1.96239 -1.19907e-18 
0.0201761 2.98156 -7.13382e-19 
0.0360813 3.00212 0 
-0.0336091 2.87861 0 
-0.00879335 2.16297 -7.34152e-21 
-0.0117072 2.13561 -1.6546e-19 
0.0223078 1.99526 -4.08864e-21 
0.27441 1.37604 1.08394e-18 
0.221914 0.504167 -7.43114e-19 
0.0627341 1.98376 8.40957e-19 
0.137531 1.87352 -9.88642e-19 
0.178602 1.48097 9.03529e-20 
0.00328238 3.11804 -1.99047e-18 
0.0172242 3.11796 2.13149e-18 
-0.00900853 2.98088 8.77729e-19 
-0.00310178 2.97739 -8.37997e-19 
-0.021391 2.88167 -8.93941e-19 
0.00871369 3.09886 -2.35436e-18 
0.00201305 3.10681 2.29666e-18 
0.272219 0.679893 0 
0.233877 0.668589 -1.34382e-18 
0.0976229 0.221775 5.94583e-19 
0.345486 0.905688 1.17728e-18 
0.184949 0.262729 -1.81658e-18 
1.1554 0.16997 9.84178e-20 
1.16281 0.305269 0 
1.14186 0.118451 -4.78168e-20 
-0.00287701 2.21952 -2.64314e-21 
-0.00340835 2.22228 0 
0.0392725 1.96425 0 
0.338008 1.28381 -3.90953e-19 
0.364447 1.11505 -8.42638e-19 
0.198149 0.357937 1.50383e-18 
1.00587 -0.0108729 0 
1.00765 -0.00765609 5.67668e-19 
0.0290996 1.20867 0 
0.00113374 1.06863 0 
1.00222 0.00349594 1.79994e-21 
1.00364 0.00942145 1.15784e-18 
-0.120326 2.52193 -7.13895e-20 
-0.0975629 2.52751 0 
0.0365477 3.17927 4.90902e-19 
0.39548 3.49257 0 
1.13885 0.652435 -9.87429e-20 
1.01292 0.0130742 -2.13168e-21 
1.0212 -0.0104402 0 
1.00168 9.53419e-05 6.23436e-23 
0.097568 1.35175 0 
0.148411 2.58284 0 
0.0195236 1.30561 0 
-0.00214578 2.62948 1.04705e-19 
-0.0251441 2.57902 7.97634e-20 
1.00311 0.02719 2.44218e-21 
1.06147 0.00331789 0 
1.09419 0.0216789 0 
-0.0497914 1.95445 0 
-0.0305929 2.56791 0 
0.0329018 1.22642 0 
0.286977 1.46569 -1.02946e-19 
1.01125 -0.00965759 0 
1.0094 -0.0149418 0 
1.00233 0.000683675 7.24764e-19 
1.00547 -0.00485317 -8.52613e-19 
1.00118 -0.0010002 0 
0.102848 1.66501 0 
0.0709889 1.30719 0 
0.0195686 1.52083 0 
0.0267813 1.19861 0 
0.0373195 1.09997 0 
0.00271271 1.05149 0 
1.03423 -0.00655718 0 
1.0208 0.0157151 -9.40008e-22 
0.796815 1.26297 1.93185e-19 
1.00229 0.000246014 -7.24599e-19 
1.00406 0.00523332 8.45386e-19 
1.00118 0.00205971 0 
1.01285 0.0102609 7.19812e-19 
1.00803 0.0082693 -8.70613e-19 
1.00861 0.0146688 0 
-0.0570644 2.58421 0 
-0.0854699 2.5497 7.79819e-20 
-0.0648891 2.56363 -5.90781e-20 
1.21651 0.254562 7.59997e-19 
1.15258 0.078102 0 
0.045409 3.07768 -1.04352e-18 
0.065924 2.85373 -7.55705e-20 
0.142833 3.19387 1.5777e-18 
0.137797 3.22271 -2.52644e-19 
0.136153 3.23539 0 
0.0201758 3.13759 2.73256e-19 
0.0771445 3.16095 1.03095e-18 
0.0700216 3.18687 -5.14015e-19 
0.0229052 3.12966 0 
0.654333 0.303162 0 
0.576086 0.348206 0 
1.10871 0.684931 2.59034e-19 
1.10453 0.81405 -2.82826e-19 
1.16737 0.572059 0 
1.19688 0.512223 0 
1.01618 0.0132853 -1.34288e-18 
1.015 0.0142599 1.68568e-18 
1.02514 -0.0100423 0 
1.02317 -0.0119897 0 
1.00648 0.00258758 0 
1.0104 0.00365676 0 
1.00461 0.00183368 0 
1.00988 0.00613695 0 
1.00781 0.00600696 0 
1.0045 0.00458258 0 
0.0873278 1.34834 0 
0.0791184 1.3228 0 
0.118545 1.38458 0 
0.127272 1.39883 0 
0.146105 2.60693 0 
0.186965 2.67206 -4.83307e-19 
0.0994047 2.66442 0 
0.0883033 2.66681 2.57985e-19 
0.0389665 2.68617 -2.56351e-19 
0.0347666 1.31138 0 
0.00086217 1.23631 0 
0.0293601 1.32381 0 
0.0413761 1.27013 0 
-0.00647072 1.98973 -6.46447e-20 
-0.0278487 2.6074 6.96524e-20 
-0.0154456 2.67124 1.09161e-19 
-0.0225316 2.68042 0 
-0.0313427 2.61112 -1.87015e-19 
-0.0299972 2.60306 -1.15075e-19 
0.00316422 1.9902 4.94842e-20 
-0.0203891 2.41345 -9.34091e-20 
-0.0220639 2.43028 -1.23797e-19 
1.01183 0.0353018 1.36254e-18 
1.00815 0.0167783 -1.68881e-18 
1.00448 0.0415392 -1.36889e-18 
0.982864 0.0218236 1.73903e-18 
1.06255 0.00698799 0 
1.04793 -0.00911472 0 
1.09093 0.0323079 0 
1.07214 0.0110302 0 
1.06972 -0.00130431 0 
1.13494 0.073979 0 
1.10693 0.0396615 0 
1.10924 0.0273585 0 
-0.139187 2.48317 -7.79358e-21 
-0.0250165 2.23203 0 
-0.115776 2.39448 0 
-0.0438728 2.58518 4.20458e-20 
-0.0341195 2.59597 -2.01953e-21 
0.0601919 1.7378 2.76977e-20 
0.055443 1.62164 -2.88796e-20 
0.0593112 1.41045 0 
0.0605014 1.41265 0 
0.0764138 1.40895 0 
0.0395737 1.25135 0 
0.0249032 1.1163 0 
0.377423 1.48055 1.47541e-19 
0.415615 1.48661 1.03138e-19 
0.596518 2.45157 -2.53211e-19 
0.403655 2.54639 7.5228e-19 
0.355257 2.07106 9.39015e-20 
1.02092 -0.00826066 0 
1.01543 -0.0098278 0 
1.01487 -0.0155584 0 
1.00747 -0.00122191 0 
1.0049 -0.000973301 0 
1.00776 -0.00477392 0 
1.00923 -0.00376292 0 
1.01414 -0.00455052 0 
1.02148 0.0159388 1.31572e-18 
1.01815 0.0157784 -1.68741e-18 
1.02197 0.017898 -1.325e-18 
1.01978 0.0165621 1.66201e-18 
0.764411 1.31096 0 
0.699184 1.36481 1.61231e-19 
0.87259 1.20864 2.69546e-20 
0.914978 1.16317 -3.5856e-20 
1.15602 2.60803 4.27245e-19 
0.811031 0.0984511 6.63187e-19 
1.1539 0.0964295 0 
1.19664 0.180941 -6.1021e-19 
1.18069 0.145314 -2.57765e-20 
1.00533 0.140297 0 
0.138178 2.96197 6.25948e-19 
0.115144 2.86784 -1.31552e-18 
0.0262967 2.37046 8.88288e-19 
0.0926215 -0.00125929 -4.00601e-19 
0.34024 3.42155 -1.67502e-19 
0.194856 3.31414 0 
0.237393 3.35643 2.18144e-19 
0.246542 3.03526 -2.01557e-18 
0.341093 3.1943 0 
0.00585913 3.12106 5.22365e-20 
0.0163574 3.12975 -6.11338e-19 
0.0143295 3.12576 8.99771e-19 
0.035593 3.1401 0 
0.0341419 3.15072 0 
1.2149 2.60792 0 
0.530967 0.841067 -5.83068e-19 
1.03444 0.989226 5.28423e-20 
0.971594 1.06343 0 
0.818487 0.963176 -1.47644e-19 
1.05747 0.877468 2.94594e-20 
0.369454 0.40766 -1.0296e-18 
0.700236 0.325843 -2.2784e-20 
0.672861 0.244512 4.73724e-19 
0.591681 0.38336 3.49329e-20 
0.509151 0.359914 -1.40618e-18 
0.669592 0.342237 0 
0.702766 0.427297 8.04342e-19 
0.709783 0.425193 0 
0.628009 0.369546 0 
0.604221 0.296415 0 
0.791507 0.616443 4.87321e-19 
1.21331 0.277317 -6.43381e-19 
1.20744 0.416679 0 
1.21914 0.360513 0 
0.753774 0.191338 7.06484e-19 
0.837651 0.536078 -4.41079e-19 
0.741585 0.511636 7.82776e-19 
0.940371 0.422236 -8.73074e-19 
1.01984 0.0145733 9.05051e-19 
1.0179 0.014163 -9.09656e-19 
1.01596 0.0155697 0 
1.03573 -0.00619636 0 
1.02949 -0.00867676 -8.55195e-19 
1.02745 -0.0122279 8.46887e-19 
1.02513 0.00953945 0 
1.02374 0.013146 0 
1.01141 0.00401644 0 
1.01431 0.00893573 0 
1.01508 0.00392161 0 
1.01419 0.00273323 0 
0.0593402 1.3323 0 
0.062062 1.29394 0 
0.14731 1.35315 -6.8212e-20 
0.265085 1.4631 4.83075e-20 
0.155789 1.4337 9.65212e-20 
0.186128 1.44237 -1.60292e-19 
0.159859 1.37835 0 
0.131181 1.58852 -1.47655e-19 
0.116092 1.55855 0 
0.354544 2.02494 -1.36491e-19 
0.348866 2.35788 7.03219e-19 
0.184227 1.44163 1.28738e-19 
0.260673 1.37472 -1.00097e-20 
0.197828 1.35921 8.11717e-21 
0.27229 1.31547 -1.78614e-19 
0.242004 1.5736 0 
0.261294 1.6154 1.70895e-19 
0.0293799 2.27647 -6.25039e-20 
0.039193 2.67749 0 
0.0630532 2.41372 2.10102e-19 
0.0561328 2.43559 0 
0.0694773 2.6797 -2.85376e-19 
0.0502031 2.70618 0 
0.021372 1.4086 -5.42454e-20 
0.0302122 1.45988 0 
0.0323782 1.37659 0 
0.0208689 1.38171 6.1207e-20 
-0.00452415 2.65879 -2.01728e-20 
0.0267976 2.70417 2.99325e-19 
0.008113 2.72702 2.10716e-21 
-0.00744675 1.83865 6.50766e-20 
-0.0178658 1.67678 2.91941e-20 
0.0124244 1.29548 0 
0.0165111 1.19403 0 
0.0446101 1.5654 8.13634e-20 
0.028041 1.44187 7.56865e-20 
0.0333824 1.50755 -9.51789e-20 
0.036772 1.58947 0 
-0.0378187 2.29751 -8.14631e-20 
-0.0608542 2.54309 3.25073e-20 
-0.0227506 2.45269 -2.24318e-20 
-0.0212645 1.85237 -7.88598e-20 
-0.0373304 2.49629 -2.96964e-20 
-0.0289617 2.44321 1.31824e-19 
1.02004 0.0205674 -9.00484e-19 
1.01635 0.0257703 9.03009e-19 
1.01525 0.0162139 0 
1.01281 0.0651407 1.26697e-18 
0.993102 0.0555502 -1.41521e-18 
0.955105 0.0430416 1.58061e-18 
1.01616 0.101693 -1.69425e-19 
1.04189 -0.00627014 0 
1.04998 -0.00212153 8.19665e-19 
1.0382 -0.010206 -8.20275e-19 
1.06992 0.0400917 -4.9028e-20 
1.06341 0.021882 4.22058e-19 
1.06392 0.0518882 0 
1.05219 0.0466139 -1.51221e-19 
1.03309 0.0393362 0 
1.02628 0.0356082 0 
1.02775 0.0126594 0 
1.02445 0.0154926 0 
1.03924 0.0300885 3.11038e-19 
1.03941 0.0253815 -6.85095e-19 
1.05025 0.0322156 -3.30655e-19 
1.04699 0.0325919 -3.63544e-19 
1.06759 0.0596583 7.14854e-19 
1.09309 0.0470046 0 
1.10067 0.0892439 0 
-0.0618888 2.29437 -3.54657e-20 
-0.0233577 2.17886 -5.20294e-21 
-0.00386911 2.12925 0 
-0.0614879 2.46854 3.79086e-20 
-0.0802773 2.46129 1.2376e-20 
-0.0993712 2.47706 -1.90981e-20 
-0.0317674 2.61472 9.99602e-20 
-0.0473548 2.5527 -8.08863e-21 
-0.0325692 2.5128 3.1241e-20 
-0.0303504 2.6042 -5.27643e-20 
-0.0325753 2.6077 6.51398e-20 
0.0885229 1.58644 2.87284e-21 
0.0407755 1.74721 6.08816e-20 
0.366963 1.4202 -4.84668e-20 
0.365032 1.36369 1.12685e-19 
0.646249 1.41067 -1.55948e-19 
0.513608 1.47498 -9.98425e-20 
0.565649 1.44824 0 
0.591968 2.42712 2.26806e-19 
0.658744 2.41867 3.57745e-19 
0.410823 2.52204 8.2687e-20 
0.405473 2.55024 -7.11043e-19 
0.514247 2.4956 6.74088e-19 
0.551483 2.46527 0 
0.488835 2.5208 -6.01302e-19 
0.248852 2.59712 1.28457e-18 
0.353617 2.57117 -8.39821e-20 
0.284862 2.65886 -1.74276e-18 
0.941767 2.37881 8.05852e-19 
0.834075 2.38365 0 
1.01091 0.000380446 2.94578e-20 
1.01521 -0.00557183 -2.39329e-20 
1.01766 -0.00366868 -4.37419e-19 
1.01493 -0.00103172 4.39515e-19 
1.01229 0.000998032 0 
0.634633 1.28053 0 
0.652719 1.17518 0 
0.754375 1.08238 0 
0.644071 1.14197 0 
1.18536 2.62251 5.94739e-20 
1.07407 2.36647 0 
0.83752 2.18715 4.74513e-21 
0.826453 2.44957 0 
0.92207 2.53942 -5.01831e-19 
0.957613 2.49524 3.34125e-19 
0.819798 0.14905 0 
0.789892 0.127949 1.81415e-19 
0.925172 0.132838 1.05492e-18 
0.841274 0.127452 -3.95699e-19 
0.82079 0.0698243 -1.21015e-18 
1.07401 0.221599 -1.05775e-18 
0.994655 0.279356 -1.53578e-20 
0.91895 0.275009 9.86602e-19 
1.00542 0.207938 8.28978e-19 
0.952254 0.174082 -1.40871e-18 
0.918501 0.175306 1.75903e-19 
0.9501 0.236165 -3.79906e-19 
0.929092 0.198135 0 
0.996274 0.173111 6.96101e-19 
1.04632 0.173387 0 
1.04504 0.199941 0 
1.10103 0.106887 3.36524e-19 
1.07236 0.161947 -1.36786e-20 
1.06787 0.224107 -1.8314e-19 
1.09748 0.190338 0 
1.02302 0.0438181 6.99645e-19 
1.04117 0.0555779 8.74069e-19 
1.03319 0.0415302 -6.93671e-19 
1.04148 0.0609382 -5.85726e-19 
1.0168 0.0682129 -8.91553e-19 
0.990442 0.147132 0 
0.999692 0.098269 0 
0.970845 0.0635396 -5.62506e-19 
0.92304 0.0844636 2.20838e-19 
1.03789 0.0967701 8.106e-19 
1.06822 0.109579 -9.68396e-19 
1.07253 0.142108 8.63586e-19 
1.03157 0.134193 0 
1.07352 0.0998201 0 
1.05684 0.0828553 -3.93028e-19 
1.04484 0.0898252 -6.64582e-19 
0.578757 1.07801 1.77629e-19 
0.611404 1.41373 -8.03822e-20 
1.15591 2.74142 -2.79467e-19 
1.2227 3.08241 1.22822e-20 
1.2482 2.72232 -2.45449e-19 
1.27835 2.70637 2.00593e-20 
1.2063 2.34557 -1.00859e-20 
1.20982 2.98608 -1.37365e-19 
1.22919 2.95102 3.04075e-19 
1.21383 3.23606 -1.25399e-19 
1.37505 2.9675 1.73443e-19 
1.36577 2.88561 0 
0.537182 0.848714 -5.55259e-20 
0.138777 1.25977 6.10911e-19 
0.530228 0.46492 6.64598e-19 
0.365404 0.215882 7.35276e-19 
0.530165 0.392094 7.93599e-19 
0.542189 0.481849 -1.30242e-18 
0.545148 0.487648 1.06377e-18 
0.497792 0.412617 -4.00604e-19 
0.424108 0.34908 9.09259e-19 
0.75714 0.249379 -4.04738e-19 
0.719661 0.285426 0 
0.711111 0.214191 9.84653e-21 
0.725794 0.514472 4.23902e-19 
0.696855 0.482028 -1.54421e-18 
0.614273 0.478867 1.64447e-20 
0.625021 0.45995 0 
0.66697 0.735073 4.47561e-19 
0.81732 0.771417 4.73747e-19 
0.743782 0.853983 -5.52389e-19 
0.858979 0.803471 -1.92233e-19 
0.89252 0.847383 -5.15925e-20 
0.900875 0.848967 5.28217e-20 
0.83146 0.64269 -8.08639e-19 
0.90908 0.69891 1.78541e-19 
0.96618 0.71342 0 
0.956893 0.689535 -2.48342e-19 
1.0197 0.319463 2.55679e-19 
1.13003 0.289844 3.69398e-19 
1.05978 0.259064 4.3244e-19 
1.00379 0.354515 -5.10331e-19 
1.04249 0.421146 0 
1.09461 0.406458 0 
0.906683 0.349688 5.23456e-21 
0.840695 0.283067 0 
0.868205 0.275761 4.61742e-19 
0.902574 0.281204 -5.74345e-21 
0.932153 0.425329 2.43663e-18 
0.887915 0.486308 6.29763e-19 
0.893435 0.450448 -6.61608e-19 
0.81739 0.434056 7.08696e-19 
0.799953 0.430467 4.21927e-19 
0.770402 0.418234 -4.14767e-19 
1.02719 -0.000481633 7.29568e-19 
1.01999 -0.000260862 0 
1.0185 0.000682825 4.75278e-19 
1.02166 -0.00197493 -1.07692e-18 
1.02228 0.00403345 5.23067e-19 
1.02043 0.0109583 -1.09548e-18 
1.02138 0.0103587 0 
1.02075 0.0106279 -2.28064e-19 
1.016 0.00754527 5.7211e-19 
1.01678 0.0102818 -2.85391e-19 
1.01748 0.00961844 2.1027e-19 
0.0310073 1.30922 0 
0.0395268 1.34519 0 
0.0432767 1.31091 0 
0.0508616 1.27546 0 
0.0686856 1.36754 1.10374e-19 
0.0767302 1.34025 -2.56212e-20 
0.11188 1.49761 -5.53356e-20 
0.0911799 1.3401 3.60461e-20 
0.0322199 1.44379 -1.03249e-19 
0.0361448 1.43459 7.99844e-20 
0.0619558 1.3501 -5.66638e-21 
0.0555401 1.35134 -6.06051e-20 
0.0515175 1.33192 -9.17076e-21 
0.0407718 1.35224 -1.19794e-20 
0.106722 2.38574 -2.32297e-19 
0.095669 2.43 0 
0.173047 2.06001 1.41264e-19 
0.108507 1.70867 7.53694e-20 
0.232394 2.05171 -1.13845e-19 
0.208536 2.44766 0 
0.267711 2.39886 -6.91855e-19 
0.30698 2.39673 4.90543e-19 
0.234079 2.00991 -3.18736e-19 
0.154437 2.17547 2.01907e-19 
0.14576 2.29411 0 
0.0118587 1.88124 -1.14921e-19 
-0.00983586 2.41104 -1.85498e-19 
-0.00163912 2.16402 0 
0.00980062 2.46948 -1.42365e-20 
0.0196053 2.3172 6.84667e-20 
0.0146741 1.393 9.62778e-21 
0.0123278 1.38189 -1.46561e-19 
0.0146624 1.39027 3.55858e-20 
0.0124043 1.38916 5.32336e-20 
0.0204598 1.41254 0 
0.0177309 1.37141 0 
0.0558698 1.26071 6.13323e-20 
0.0541312 1.3729 -2.17437e-20 
0.0194219 1.36482 0 
0.035399 1.27448 3.86428e-20 
0.00894639 1.14899 -8.08999e-20 
1.03991 0.0109009 0 
1.04611 0.00715694 -7.6888e-20 
1.03855 0.0201298 -5.52484e-19 
1.04767 0.019041 0 
1.05121 0.0192784 0 
1.03653 0.0108388 -6.60775e-21 
1.03105 0.0106182 8.86694e-19 
1.03202 0.0157009 1.07513e-18 
1.02599 0.0196498 0 
1.0233 0.020098 0 
1.03519 0.0236864 5.5161e-19 
1.02637 0.0250807 0 
1.02473 0.0251054 0 
-0.047028 2.01864 0 
0.0241051 1.73317 3.2007e-21 
-0.0120513 1.81088 3.94686e-21 
0.0634127 1.37867 0 
0.0207622 1.59829 4.3034e-20 
0.0543632 1.5065 -2.33723e-20 
0.0870718 1.43982 0 
0.395873 1.6774 0 
0.366813 1.29288 -2.01868e-19 
0.307374 1.34105 0 
0.423635 1.29331 1.72713e-19 
0.466559 1.44878 0 
0.447659 1.39363 -4.97654e-20 
1.03441 2.68668 -1.73213e-20 
0.963687 2.409 -1.01275e-18 
0.91305 2.18722 1.17144e-18 
0.847368 2.3754 2.62978e-19 
0.846234 2.49832 0 
0.91644 2.49375 0 
0.925149 2.37224 0 
0.90289 2.35921 -1.02299e-18 
0.691587 2.4681 -4.61664e-19 
0.801842 2.45876 -1.12008e-19 
0.812658 2.43151 8.54864e-20 
0.693696 2.39302 0 
0.797411 2.38815 0 
0.756355 2.40105 -3.90275e-19 
0.769353 2.48933 0 
0.611595 1.09822 0 
0.481528 0.928555 -5.79216e-19 
0.549054 0.964194 -3.67322e-20 
0.519156 1.0559 0 
0.519023 1.00546 8.6973e-19 
0.767618 0.880466 -1.60609e-19 
0.778554 1.01312 0 
0.751953 0.97149 2.41955e-19 
0.63996 1.03497 0 
0.644242 0.944344 0 
1.16405 2.76222 -2.8167e-19 
1.14154 2.82602 -1.34612e-19 
0.931071 2.34661 1.64292e-19 
0.898973 2.32519 -1.0365e-19 
1.12893 2.73469 0 
1.08249 2.70469 1.24753e-19 
1.08876 2.48634 -3.59901e-19 
0.983534 2.2334 -3.03723e-20 
0.498359 1.35827 0 
0.510822 1.07637 -1.56694e-19 
0.562311 1.16289 0 
0.860953 0.213073 0 
0.797378 0.166769 0 
0.748556 0.140461 0 
0.855545 0.219195 -7.26797e-19 
0.77392 0.211195 4.2476e-19 
0.936687 0.0713349 -4.56169e-19 
0.950261 0.116124 0 
0.928795 0.124764 1.95931e-19 
0.870282 0.100623 7.84889e-19 
0.847508 0.0601718 -4.91205e-19 
1.16146 3.36159 -6.84553e-19 
1.20891 3.2809 0 
1.16007 3.38958 -1.42283e-18 
0.647644 3.55048 1.20662e-18 
0.872489 3.11799 2.95264e-20 
0.511229 0.854359 6.58046e-19 
0.429047 0.847151 0 
0.339629 0.499403 -1.651e-19 
0.446191 0.684482 9.45623e-19 
0.533275 0.471333 -2.29533e-19 
0.507785 0.523133 2.59568e-19 
0.658197 0.535217 5.6992e-19 
0.686168 0.552979 0 
0.637671 0.618558 0 
0.596148 0.555687 0 
0.969173 0.59825 1.33345e-19 
0.889476 0.535485 -6.12865e-19 
0.913207 0.568607 4.78006e-19 
0.949236 0.503876 -4.76518e-19 
1.05221 0.48013 0 
1.06077 0.568656 -1.25158e-19 
0.840881 0.385846 -9.64434e-19 
0.844822 0.371111 -1.1965e-18 
0.792674 0.38345 7.5187e-19 
0.789872 0.351714 -7.65672e-19 
0.840022 0.307127 -5.99793e-19 
0.793845 0.306388 7.36977e-19 
1.02673 0.00540723 -5.59851e-19 
1.02648 0.00562592 1.14193e-18 
1.02905 -0.000550565 7.08219e-19 
1.03333 0.000512455 -8.52555e-19 
1.03297 0.00805234 0 
1.03003 0.00865726 -1.38794e-18 
0.0603307 1.64346 4.15971e-20 
0.0414298 1.56742 0 
0.0863606 1.69545 2.70834e-19 
0.0936828 1.67498 -2.43313e-19 
0.089627 1.51498 1.03854e-19 
0.0826774 1.49512 0 
0.00015695 1.6958 0 
-0.0101901 1.50673 -2.38048e-20 
0.00929197 1.44708 2.14404e-20 
0.0160603 1.58823 5.99848e-21 
-0.00677944 1.89114 -4.45307e-20 
-0.0355614 1.93862 2.40621e-20 
0.497601 1.37416 -3.93288e-19 
0.493131 1.37873 4.2986e-19 
0.44652 1.28979 -1.18018e-19 
0.438282 1.29438 1.40601e-20 
0.626206 1.2938 0 
0.543636 1.38085 1.59155e-20 
0.560996 1.38927 -1.54964e-20 
0.455785 1.27672 1.13687e-19 
0.511499 1.23127 0 
0.564502 1.19832 0 
0.658754 2.42785 6.78192e-19 
0.670838 2.46469 1.39746e-18 
0.716884 2.47713 -9.62026e-19 
0.616332 2.45455 -2.21181e-19 
0.563615 2.54563 3.17279e-19 
0.512397 2.51896 -8.38273e-19 
0.975372 2.37748 -6.56569e-19 
1.01187 2.39211 0 
0.921167 2.16592 -7.54773e-19 
1.05253 2.68385 0 
1.05466 2.67046 0 
0.612652 2.27833 -1.59426e-19 
1.04176 3.16465 9.04135e-20 
0.913007 3.03499 8.05301e-21 
0.282517 0.918944 0 
0.323783 0.78097 -3.44084e-19 
0.480539 0.734892 -3.5517e-19 
0.39201 2.02599 0 
0.468009 2.78707 -2.05543e-20 
0.424627 2.55115 0 
0.680084 0.682041 -9.50803e-19 
0.762525 0.681454 1.30633e-18 
0.782393 0.623544 -1.29485e-18 
0.662179 0.644237 -1.22527e-19 
0.719024 0.598081 -5.09758e-19 
1.00358 2.76836 -6.87464e-20 
1.04043 2.82477 -2.31668e-19 
0.641054 2.15533 7.38512e-19 
0.596169 1.72032 -5.22444e-19 
0.699228 1.91034 -4.83711e-19 
0.989019 2.45124 -1.21805e-19 
0.993909 2.44535 3.68371e-19 
0.66083 1.85117 3.29835e-20 
0.450569 1.33758 1.79694e-19 
))
(300 (2 10 3 0 0 919 1018)(
0 0 0 
0 0 0 
0 0 0 
0 0 0 
0 0 0 
0 0 0 
0 0 0 
0 0 0 
0 0 0 
0 0 0 
0 0 0 
0 0 0 
0 0 0 
0 0 0 
0 0 0 
0 0 0 
0 0 0 
0 0 0 
0 0 0 
0 0 0 
0 0 0 
0 0 0 
0 0 0 
0 0 0 
0 0 0 
0 0 0 
0 0 0 
0 0 0 
0 0 0 
0 0 0 
0 0 0 
0 0 0 
0 0 0 
0 0 0 
0 0 0 
0 0 0 
0 0 0 
0 0 0 
0 0 0 
0 0 0 
0 0 0 
0 0 0 
0 0 0 
0 0 0 
0 0 0 
0 0 0 
0 0 0 
0 0 0 
0 0 0 
0 0 0 
0 0 0 
0 0 0 
0 0 0 
0 0 0 
0 0 0 
0 0 0 
0 0 0 
0 0 0 
0 0 0 
0 0 0 
0 0 0 
0 0 0 
0 0 0 
0 0 0 
0 0 0 
0 0 0 
0 0 0 
0 0 0 
0 0 0 
0 0 0 
0 0 0 
0 0 0 
0 0 0 
0 0 0 
0 0 0 
0 0 0 
0 0 0 
0 0 0 
0 0 0 
0 0 0 
0 0 0 
0 0 0 
0 0 0 
0 0 0 
0 0 0 
0 0 0 
0 0 0 
0 0 0 
0 0 0 
0 0 0 
0 0 0 
0 0 0 
0 0 0 
0 0 0 
0 0 0 
0 0 0 
0 0 0 
0 0 0 
0 0 0 
0 0 0 
))
(300 (2 11 3 0 0 1019 1026)(
1 0 0 
1 0 0 
1 0 0 
1 0 0 
1 0 0 
1 0 0 
1 0 0 
1 0 0 
))
(300 (2 12 3 0 0 1027 1030)(
0 3 0 
0 3 0 
0 3 0 
0 3 0 
))
(300 (2 13 3 0 0 1031 1038)(
-0.0309445 0.819581 0 
-0.0932948 1.62375 -5.96826e-20 
-0.101794 1.01086 0 
-0.198318 2.56811 0 
-0.182872 2.34095 0 
-0.09633 1.30648 0 
-0.12747 1.84477 0 
-0.19902 2.49623 0 
))
(300 (2 14 3 0 0 1039 1072)(
0 0 0 
0 0 0 
0 0 0 
0 0 0 
0 0 0 
0 0 0 
0 0 0 
0 0 0 
0 0 0 
0 0 0 
0 0 0 
0 0 0 
0 0 0 
0 0 0 
0 0 0 
0 0 0 
0 0 0 
0 0 0 
0 0 0 
0 0 0 
0 0 0 
0 0 0 
0 0 0 
0 0 0 
0 0 0 
0 0 0 
0 0 0 
0 0 0 
0 0 0 
0 0 0 
0 0 0 
0 0 0 
0 0 0 
0 0 0 
))
(300 (2 15 3 0 0 1073 1072)(
))
