(0 "FOAM to Fluent data File")

(33 (918 3444 1074))
(300 (1 1 1 0 0 1 918)(
0.223894
0.905148
0.00726864
0.22311
0.000228635
0.872338
-0.840331
0.409129
0.203858
-0.166055
0.0187856
0.1953
0.732792
0.499715
-1.47157
0.0141885
0.362417
-0.701949
0.20221
0.0061862
0.478486
0.210616
0.213634
0.204314
0.260348
0.492388
0.613245
0.00198861
-0.00321848
-0.00207586
0.00370135
-0.00250065
0.00290594
0.755929
0.807085
0.829741
0.173665
-0.0108167
-0.689057
-0.770212
-0.743976
-0.898341
0.397159
0.4017
-0.497114
0.408817
0.42362
0.191739
0.203151
0.204157
0.205293
0.204264
0.205582
0.275311
-0.213093
-0.284022
-0.10264
-0.0773224
0.0730554
0.0211111
0.0121631
0.0221727
0.0220851
0.132465
0.192057
0.18843
0.200231
0.209125
0.844703
0.816524
0.84268
0.756636
0.77307
0.710689
0.683234
0.519797
0.541332
0.486223
0.476585
-1.91579
-2.89037
-0.869469
-0.610093
0.00194384
0.0210558
0.0261688
0.343471
0.351074
0.354237
0.366685
0.764152
-0.690569
-0.802058
0.202067
0.200971
0.210284
0.210971
0.207003
0.206166
0.0136291
0.0210994
-0.00327017
0.00507062
0.00365706
0.45891
0.45501
0.204933
0.20177
0.216843
0.240371
0.229129
-0.0243469
0.275848
0.302084
0.294412
0.473473
0.471419
0.478599
0.586524
0.549935
0.650597
0.673686
0.0070841
0.00179036
0.0108799
0.00786592
0.011188
0.170684
0.165377
0.184581
0.175159
0.17776
-0.087694
-0.217654
0.0638359
0.0843438
-0.595985
-0.671121
-0.752209
-0.778882
-0.862986
0.188523
0.383724
0.386946
-0.512143
-0.425583
-0.579249
-0.349552
-0.423658
0.181082
0.189413
0.183975
0.198752
0.193586
0.195007
0.207428
0.204587
0.206067
0.292599
0.360459
0.228129
0.2114
-0.535791
-0.354952
-0.499115
-0.0423714
-0.0289299
0.0850082
0.0966641
0.0630555
0.0610955
-0.00790314
0.00885992
-0.00169045
0.0231626
0.0243259
0.126324
0.117248
0.14107
0.148495
0.18359
0.1845
0.185937
0.187042
0.633779
0.656001
0.663794
0.637569
-3.90302
-6.7282
-0.27548
-0.132127
0.00186202
0.00302265
0.00127732
0.0037467
0.00387735
0.00142853
0.0385644
0.0371658
0.0297863
0.0341139
0.330462
0.336447
0.746478
0.790525
0.674137
0.675924
0.190306
0.192828
0.197791
0.193469
0.0242631
0.0224881
0.0256095
0.423173
0.440553
0.442815
-0.0578568
-0.146155
0.0235281
0.0504699
0.319046
0.303146
0.322974
0.357904
0.396352
0.68112
0.699699
0.697852
0.706613
0.750545
0.766901
0.732337
0.154056
0.162907
0.158438
0.189958
0.186022
0.187366
0.183021
0.185279
0.183062
-0.369425
-0.754023
0.161822
0.155202
0.118397
0.129686
0.263155
0.333535
0.363576
0.371693
0.378329
-0.283358
-0.35179
0.177001
0.161791
0.0754283
0.104968
0.0893042
0.605075
0.56555
0.615552
0.588758
0.55044
0.575626
-0.704467
-2.23889
-1.33603
0.234384
0.0380263
0.130289
0.0544373
0.0409708
0.0468257
0.710331
0.732974
0.406703
0.551089
0.523785
0.439145
0.47011
0.523252
0.447985
0.482538
0.519141
0.500304
0.158168
0.174223
0.139837
0.404148
0.471814
-0.171345
-0.218157
-0.278897
0.105002
0.137967
0.125629
0.649784
0.54443
0.631315
0.201827
0.202257
0.0116884
0.0201701
0.206178
0.206387
0.00692771
0.00858836
0.109412
-1.18291
-0.17938
0.194302
0.185357
0.201673
-0.202132
0.314886
0.014888
0.0827132
0.0582641
0.19309
0.143322
0.108216
0.00697528
0.0199688
0.0144588
-0.479801
0.199471
0.197529
0.201307
0.202399
0.203133
0.00863507
0.0102941
0.00651896
0.0118259
0.0109459
0.00952023
0.169002
0.181396
-0.492309
0.201402
0.203521
0.203421
0.196808
0.201995
0.199993
0.0159081
0.0109604
0.0105957
-0.0728724
0.0435724
0.3682
0.48206
0.314186
0.0898183
-0.152593
0.264445
0.333854
0.2297
0.399771
0.365337
0.393157
-0.122545
-0.269179
-0.11024
-0.163675
0.192026
0.190955
0.183968
0.180947
0.19715
0.195511
0.199396
0.196906
0.199327
0.200442
-0.11938
-0.0869999
-0.256097
-0.316913
0.318172
0.413732
0.206738
0.241613
0.134199
0.0201874
0.0212748
0.0164717
0.0145489
0.0508489
0.061968
0.0776688
0.0626108
0.0494356
0.0440725
0.0517625
0.057686
0.0613572
0.187711
0.186249
0.192039
0.19903
0.150947
0.154355
0.125516
0.14223
0.132078
0.0761237
0.10679
0.0864789
0.008369
0.00856163
0.00697084
0.0237712
0.0277823
0.0144608
0.0119587
0.013412
0.0107044
0.0106491
0.0177969
0.0211062
-0.496454
-0.580312
0.633261
0.604297
-0.583868
0.188098
0.194387
0.191336
0.196442
0.199478
0.200016
0.197892
0.195187
0.182299
0.184649
0.180314
0.181162
-0.430979
-0.569942
-0.396208
-0.461421
-0.19331
0.307174
0.055242
-0.00486349
-0.00814074
0.2022
0.566784
0.381205
0.434553
0.456968
-0.679848
-0.279398
-0.610902
0.00214936
-0.16737
0.367529
0.42191
0.44629
0.391113
0.338543
-0.446024
0.188614
-0.370709
-0.339158
-0.150937
-0.239166
0.411628
0.349649
0.356169
0.379844
0.403471
0.35477
0.336624
0.334449
0.371992
0.376566
0.166681
-0.0361589
-0.0844832
-0.118634
0.332337
0.21116
0.266365
0.184754
0.186882
0.189442
0.188677
0.173041
0.178851
0.174502
0.180673
0.182511
0.192998
0.192397
0.188291
0.190937
-0.0535748
-0.0365366
-0.226536
-0.465412
-0.329964
-0.436234
-0.323413
-0.144
-0.0619462
-0.340745
0.0510327
-0.332341
-0.578572
-0.431794
-0.640379
-0.315828
-0.452565
0.0853159
0.145328
0.150652
0.141538
0.196392
0.183151
0.0365665
0.0429815
0.0230117
0.0258707
0.0824626
0.103191
0.105669
0.0438113
0.0471569
0.0231214
0.0234128
0.0507678
0.0301551
0.0399239
0.0546734
0.0204592
0.0235702
0.0278584
0.0336197
0.0373722
0.0388704
0.181293
0.183823
0.182595
0.195329
0.206316
0.220074
0.190402
0.167439
0.159899
0.163513
0.141486
0.148581
0.14723
0.156054
0.173983
0.179833
0.178799
0.180593
0.167798
0.168745
0.155847
0.159846
0.14257
0.125378
0.113977
0.0175901
0.0115189
0.0149379
0.0152078
0.0109132
0.0126605
0.0407608
0.0317613
0.0357342
0.0320349
0.0371254
0.0171131
0.0176773
-0.571026
-0.610888
-0.53055
-0.568843
-0.62081
0.562675
0.639023
0.486213
0.273025
0.255991
0.484671
0.598879
0.372489
0.435326
0.487247
0.153082
0.407062
0.193838
0.1935
0.190649
0.190356
0.191752
-0.335593
-0.238054
-0.234264
-0.185232
-0.06808
0.0358577
0.0526069
-0.13667
0.00265089
0.0422528
0.301549
0.317706
0.262982
0.287566
0.285815
0.116771
0.19099
0.236969
0.20114
0.240563
0.259819
0.22326
0.251968
0.204005
0.164663
0.164811
0.113051
0.12811
0.108947
0.0941735
0.183962
0.16403
0.173371
0.165819
0.184589
0.21451
0.206489
0.229908
0.24576
0.173565
0.134877
0.143896
0.172491
0.132903
0.144774
0.15953
-0.150228
-0.258362
-0.180678
-0.454256
-0.347031
-0.361647
-0.405503
-0.393049
-0.11705
-0.800686
-0.75484
-1.39103
0.122406
0.601868
0.36626
0.331366
0.399677
0.373567
0.3728
0.408886
0.416611
0.324828
0.3408
0.344405
0.29754
0.323067
0.350644
0.348477
0.166207
0.0588963
0.0485004
0.0171779
-0.109226
-0.0795335
0.133907
0.0566453
-0.0203442
-0.0123539
0.151103
0.049301
0.106696
0.144391
0.0771911
0.0356016
0.224748
0.292376
0.28482
0.254961
0.176769
0.190251
0.213265
0.245213
0.273707
0.312055
0.181484
0.184858
0.186701
0.185651
0.180979
0.184163
0.184104
0.186304
0.186572
0.189544
0.188737
0.0119224
0.0119389
-0.0130509
-4.50762e-05
-0.0563608
-0.0882068
-0.0839968
-0.12361
0.0206757
0.00903182
-0.0372821
-0.0255383
-0.0111898
0.00181045
0.0808526
0.0897772
0.0405381
-0.00332753
-0.0962346
0.193808
0.16963
0.0437655
-0.0504809
0.039198
0.152049
0.0622013
0.075879
0.0679809
0.0795836
0.0742018
0.0324576
0.0269532
0.0292859
0.0399036
0.0365575
0.0247367
0.0224942
0.0244432
0.0251283
0.0244435
0.0241157
0.167651
0.163367
0.165458
0.159748
0.158532
0.170692
0.173617
0.175101
0.179734
0.181364
0.173321
0.177232
0.18092
0.0271551
0.0211633
0.0232628
0.0232919
0.0219725
0.0195319
0.0200412
-0.207694
-0.551905
-0.617413
-0.436578
-0.512445
-0.487262
0.162349
0.0956052
0.158449
0.278456
0.181829
0.0862478
0.13995
0.238711
-0.0101222
0.107143
-0.0287088
0.51207
0.373551
0.515613
0.145145
-0.121091
0.0139956
0.0679127
-0.122646
-0.0558019
-0.0124202
-0.124514
-0.0938085
-0.06847
0.0267005
-0.0862444
-0.119732
-0.32381
-0.116128
-0.0495459
-0.0681303
0.0505726
0.10382
-0.0237108
-0.169632
-0.209964
0.290013
0.310388
0.326273
0.300022
0.319894
0.248941
0.238514
0.257039
0.267365
0.26195
-1.12725
-0.841239
-1.77629
-1.08515
-0.646968
0.153407
0.103176
0.393849
0.294977
0.374528
0.357533
0.323653
0.289935
0.29157
0.32869
0.0445425
0.150898
0.126425
0.130386
0.0367345
-0.0251694
0.257423
0.253287
0.291619
0.315869
0.284244
0.317763
0.177689
0.177267
0.179444
0.175865
0.171877
0.1738
0.0568252
0.0503685
0.0132793
-0.00989259
-0.00675396
0.0197258
0.0303433
0.0269447
0.0252564
0.0251378
0.0284555
0.0320969
-0.139604
-0.245819
-0.365503
-0.287249
-0.343624
-0.447027
-0.446168
-0.367361
-0.236766
-0.258069
-0.00781476
0.252232
0.0611841
0.223592
-0.0878952
0.0557781
0.159799
0.119366
0.154766
0.0477507
0.142395
-0.171223
-0.652467
-0.564318
0.416218
0.437478
0.220391
0.0255063
-0.192916
0.0107947
0.200874
0.145375
0.185029
0.250856
0.249784
-0.369441
-0.294888
-0.0887992
0.140354
-0.180702
-0.172047
-0.193043
-0.00766916
-0.0765268
))
(300 (1 10 1 0 0 919 1018)(
0.223894
0.905148
0.00726864
0.22311
0.872338
-0.840331
0.409129
-0.166055
0.0187856
0.1953
0.732792
0.499715
-1.47157
0.362417
-0.701949
0.20221
0.0061862
0.478486
0.204314
0.260348
0.492388
0.613245
0.00198861
0.755929
0.173665
-0.770212
-0.898341
0.4017
-0.497114
0.42362
0.191739
-0.284022
-0.0773224
0.0121631
0.0220851
0.132465
0.18843
0.209125
0.77307
0.683234
0.541332
0.476585
-2.89037
-0.610093
0.351074
0.366685
-0.802058
0.200971
0.206166
0.0210994
0.00365706
0.45501
0.20177
0.229129
-0.0243469
0.302084
0.294412
0.478599
0.549935
0.673686
0.165377
0.184581
0.17776
-0.671121
-0.862986
0.386946
-0.579249
-0.423658
0.183975
0.195007
-0.499115
-0.0289299
-0.00169045
0.0243259
0.117248
0.148495
0.18359
0.187042
0.637569
-0.132127
0.336447
0.190306
0.193469
0.0256095
0.442815
-0.146155
0.0504699
0.322974
0.396352
0.706613
0.158438
0.187366
0.183062
0.378329
-0.35179
0.0893042
0.588758
0.130289
0.482538
-0.278897
))
(300 (1 11 1 0 0 919 926)(
0.223894
0.22311
0.203858
0.210616
0.204157
0.205582
0.210284
0.206067
))
(300 (1 12 1 0 0 919 922)(
0.905148
0.872338
0.829741
0.84268
))
(300 (1 13 1 0 0 919 926)(
0
0
0
0
0
0
0
0
))
(300 (1 14 1 0 0 919 952)(
0.000228635
0.0141885
0.00290594
-0.0108167
0.275311
0.0730554
0.0261688
0.764152
0.011188
-0.217654
0.0843438
0.188523
0.360459
0.2114
0.0966641
0.0610955
-6.7282
0.0385644
0.0341139
0.790525
0.675924
-0.754023
0.161822
0.129686
0.333535
0.161791
-1.33603
0.0468257
0.732974
0.523785
0.139837
0.471814
0.125629
0.631315
))
(300 (1 15 1 0 0 919 2754)(
0.223894
0.223894
0.905148
0.905148
0.00726864
0.00726864
0.22311
0.22311
0.000228635
0.000228635
0.872338
0.872338
-0.840331
-0.840331
0.409129
0.409129
0.203858
0.203858
-0.166055
-0.166055
0.0187856
0.0187856
0.1953
0.1953
0.732792
0.732792
0.499715
0.499715
-1.47157
-1.47157
0.0141885
0.0141885
0.362417
0.362417
-0.701949
-0.701949
0.20221
0.20221
0.0061862
0.0061862
0.478486
0.478486
0.210616
0.210616
0.213634
0.213634
0.204314
0.204314
0.260348
0.260348
0.492388
0.492388
0.613245
0.613245
0.00198861
0.00198861
-0.00321848
-0.00321848
-0.00207586
-0.00207586
0.00370135
0.00370135
-0.00250065
-0.00250065
0.00290594
0.00290594
0.755929
0.755929
0.807085
0.807085
0.829741
0.829741
0.173665
0.173665
-0.0108167
-0.0108167
-0.689057
-0.689057
-0.770212
-0.770212
-0.743976
-0.743976
-0.898341
-0.898341
0.397159
0.397159
0.4017
0.4017
-0.497114
-0.497114
0.408817
0.408817
0.42362
0.42362
0.191739
0.191739
0.203151
0.203151
0.204157
0.204157
0.205293
0.205293
0.204264
0.204264
0.205582
0.205582
0.275311
0.275311
-0.213093
-0.213093
-0.284022
-0.284022
-0.10264
-0.10264
-0.0773224
-0.0773224
0.0730554
0.0730554
0.0211111
0.0211111
0.0121631
0.0121631
0.0221727
0.0221727
0.0220851
0.0220851
0.132465
0.132465
0.192057
0.192057
0.18843
0.18843
0.200231
0.200231
0.209125
0.209125
0.844703
0.844703
0.816524
0.816524
0.84268
0.84268
0.756636
0.756636
0.77307
0.77307
0.710689
0.710689
0.683234
0.683234
0.519797
0.519797
0.541332
0.541332
0.486223
0.486223
0.476585
0.476585
-1.91579
-1.91579
-2.89037
-2.89037
-0.869469
-0.869469
-0.610093
-0.610093
0.00194384
0.00194384
0.0210558
0.0210558
0.0261688
0.0261688
0.343471
0.343471
0.351074
0.351074
0.354237
0.354237
0.366685
0.366685
0.764152
0.764152
-0.690569
-0.690569
-0.802058
-0.802058
0.202067
0.202067
0.200971
0.200971
0.210284
0.210284
0.210971
0.210971
0.207003
0.207003
0.206166
0.206166
0.0136291
0.0136291
0.0210994
0.0210994
-0.00327017
-0.00327017
0.00507062
0.00507062
0.00365706
0.00365706
0.45891
0.45891
0.45501
0.45501
0.204933
0.204933
0.20177
0.20177
0.216843
0.216843
0.240371
0.240371
0.229129
0.229129
-0.0243469
-0.0243469
0.275848
0.275848
0.302084
0.302084
0.294412
0.294412
0.473473
0.473473
0.471419
0.471419
0.478599
0.478599
0.586524
0.586524
0.549935
0.549935
0.650597
0.650597
0.673686
0.673686
0.0070841
0.0070841
0.00179036
0.00179036
0.0108799
0.0108799
0.00786592
0.00786592
0.011188
0.011188
0.170684
0.170684
0.165377
0.165377
0.184581
0.184581
0.175159
0.175159
0.17776
0.17776
-0.087694
-0.087694
-0.217654
-0.217654
0.0638359
0.0638359
0.0843438
0.0843438
-0.595985
-0.595985
-0.671121
-0.671121
-0.752209
-0.752209
-0.778882
-0.778882
-0.862986
-0.862986
0.188523
0.188523
0.383724
0.383724
0.386946
0.386946
-0.512143
-0.512143
-0.425583
-0.425583
-0.579249
-0.579249
-0.349552
-0.349552
-0.423658
-0.423658
0.181082
0.181082
0.189413
0.189413
0.183975
0.183975
0.198752
0.198752
0.193586
0.193586
0.195007
0.195007
0.207428
0.207428
0.204587
0.204587
0.206067
0.206067
0.292599
0.292599
0.360459
0.360459
0.228129
0.228129
0.2114
0.2114
-0.535791
-0.535791
-0.354952
-0.354952
-0.499115
-0.499115
-0.0423714
-0.0423714
-0.0289299
-0.0289299
0.0850082
0.0850082
0.0966641
0.0966641
0.0630555
0.0630555
0.0610955
0.0610955
-0.00790314
-0.00790314
0.00885992
0.00885992
-0.00169045
-0.00169045
0.0231626
0.0231626
0.0243259
0.0243259
0.126324
0.126324
0.117248
0.117248
0.14107
0.14107
0.148495
0.148495
0.18359
0.18359
0.1845
0.1845
0.185937
0.185937
0.187042
0.187042
0.633779
0.633779
0.656001
0.656001
0.663794
0.663794
0.637569
0.637569
-3.90302
-3.90302
-6.7282
-6.7282
-0.27548
-0.27548
-0.132127
-0.132127
0.00186202
0.00186202
0.00302265
0.00302265
0.00127732
0.00127732
0.0037467
0.0037467
0.00387735
0.00387735
0.00142853
0.00142853
0.0385644
0.0385644
0.0371658
0.0371658
0.0297863
0.0297863
0.0341139
0.0341139
0.330462
0.330462
0.336447
0.336447
0.746478
0.746478
0.790525
0.790525
0.674137
0.674137
0.675924
0.675924
0.190306
0.190306
0.192828
0.192828
0.197791
0.197791
0.193469
0.193469
0.0242631
0.0242631
0.0224881
0.0224881
0.0256095
0.0256095
0.423173
0.423173
0.440553
0.440553
0.442815
0.442815
-0.0578568
-0.0578568
-0.146155
-0.146155
0.0235281
0.0235281
0.0504699
0.0504699
0.319046
0.319046
0.303146
0.303146
0.322974
0.322974
0.357904
0.357904
0.396352
0.396352
0.68112
0.68112
0.699699
0.699699
0.697852
0.697852
0.706613
0.706613
0.750545
0.750545
0.766901
0.766901
0.732337
0.732337
0.154056
0.154056
0.162907
0.162907
0.158438
0.158438
0.189958
0.189958
0.186022
0.186022
0.187366
0.187366
0.183021
0.183021
0.185279
0.185279
0.183062
0.183062
-0.369425
-0.369425
-0.754023
-0.754023
0.161822
0.161822
0.155202
0.155202
0.118397
0.118397
0.129686
0.129686
0.263155
0.263155
0.333535
0.333535
0.363576
0.363576
0.371693
0.371693
0.378329
0.378329
-0.283358
-0.283358
-0.35179
-0.35179
0.177001
0.177001
0.161791
0.161791
0.0754283
0.0754283
0.104968
0.104968
0.0893042
0.0893042
0.605075
0.605075
0.56555
0.56555
0.615552
0.615552
0.588758
0.588758
0.55044
0.55044
0.575626
0.575626
-0.704467
-0.704467
-2.23889
-2.23889
-1.33603
-1.33603
0.234384
0.234384
0.0380263
0.0380263
0.130289
0.130289
0.0544373
0.0544373
0.0409708
0.0409708
0.0468257
0.0468257
0.710331
0.710331
0.732974
0.732974
0.406703
0.406703
0.551089
0.551089
0.523785
0.523785
0.439145
0.439145
0.47011
0.47011
0.523252
0.523252
0.447985
0.447985
0.482538
0.482538
0.519141
0.519141
0.500304
0.500304
0.158168
0.158168
0.174223
0.174223
0.139837
0.139837
0.404148
0.404148
0.471814
0.471814
-0.171345
-0.171345
-0.218157
-0.218157
-0.278897
-0.278897
0.105002
0.105002
0.137967
0.137967
0.125629
0.125629
0.649784
0.649784
0.54443
0.54443
0.631315
0.631315
0.201827
0.201827
0.202257
0.202257
0.0116884
0.0116884
0.0201701
0.0201701
0.206178
0.206178
0.206387
0.206387
0.00692771
0.00692771
0.00858836
0.00858836
0.109412
0.109412
-1.18291
-1.18291
-0.17938
-0.17938
0.194302
0.194302
0.185357
0.185357
0.201673
0.201673
-0.202132
-0.202132
0.314886
0.314886
0.014888
0.014888
0.0827132
0.0827132
0.0582641
0.0582641
0.19309
0.19309
0.143322
0.143322
0.108216
0.108216
0.00697528
0.00697528
0.0199688
0.0199688
0.0144588
0.0144588
-0.479801
-0.479801
0.199471
0.199471
0.197529
0.197529
0.201307
0.201307
0.202399
0.202399
0.203133
0.203133
0.00863507
0.00863507
0.0102941
0.0102941
0.00651896
0.00651896
0.0118259
0.0118259
0.0109459
0.0109459
0.00952023
0.00952023
0.169002
0.169002
0.181396
0.181396
-0.492309
-0.492309
0.201402
0.201402
0.203521
0.203521
0.203421
0.203421
0.196808
0.196808
0.201995
0.201995
0.199993
0.199993
0.0159081
0.0159081
0.0109604
0.0109604
0.0105957
0.0105957
-0.0728724
-0.0728724
0.0435724
0.0435724
0.3682
0.3682
0.48206
0.48206
0.314186
0.314186
0.0898183
0.0898183
-0.152593
-0.152593
0.264445
0.264445
0.333854
0.333854
0.2297
0.2297
0.399771
0.399771
0.365337
0.365337
0.393157
0.393157
-0.122545
-0.122545
-0.269179
-0.269179
-0.11024
-0.11024
-0.163675
-0.163675
0.192026
0.192026
0.190955
0.190955
0.183968
0.183968
0.180947
0.180947
0.19715
0.19715
0.195511
0.195511
0.199396
0.199396
0.196906
0.196906
0.199327
0.199327
0.200442
0.200442
-0.11938
-0.11938
-0.0869999
-0.0869999
-0.256097
-0.256097
-0.316913
-0.316913
0.318172
0.318172
0.413732
0.413732
0.206738
0.206738
0.241613
0.241613
0.134199
0.134199
0.0201874
0.0201874
0.0212748
0.0212748
0.0164717
0.0164717
0.0145489
0.0145489
0.0508489
0.0508489
0.061968
0.061968
0.0776688
0.0776688
0.0626108
0.0626108
0.0494356
0.0494356
0.0440725
0.0440725
0.0517625
0.0517625
0.057686
0.057686
0.0613572
0.0613572
0.187711
0.187711
0.186249
0.186249
0.192039
0.192039
0.19903
0.19903
0.150947
0.150947
0.154355
0.154355
0.125516
0.125516
0.14223
0.14223
0.132078
0.132078
0.0761237
0.0761237
0.10679
0.10679
0.0864789
0.0864789
0.008369
0.008369
0.00856163
0.00856163
0.00697084
0.00697084
0.0237712
0.0237712
0.0277823
0.0277823
0.0144608
0.0144608
0.0119587
0.0119587
0.013412
0.013412
0.0107044
0.0107044
0.0106491
0.0106491
0.0177969
0.0177969
0.0211062
0.0211062
-0.496454
-0.496454
-0.580312
-0.580312
0.633261
0.633261
0.604297
0.604297
-0.583868
-0.583868
0.188098
0.188098
0.194387
0.194387
0.191336
0.191336
0.196442
0.196442
0.199478
0.199478
0.200016
0.200016
0.197892
0.197892
0.195187
0.195187
0.182299
0.182299
0.184649
0.184649
0.180314
0.180314
0.181162
0.181162
-0.430979
-0.430979
-0.569942
-0.569942
-0.396208
-0.396208
-0.461421
-0.461421
-0.19331
-0.19331
0.307174
0.307174
0.055242
0.055242
-0.00486349
-0.00486349
-0.00814074
-0.00814074
0.2022
0.2022
0.566784
0.566784
0.381205
0.381205
0.434553
0.434553
0.456968
0.456968
-0.679848
-0.679848
-0.279398
-0.279398
-0.610902
-0.610902
0.00214936
0.00214936
-0.16737
-0.16737
0.367529
0.367529
0.42191
0.42191
0.44629
0.44629
0.391113
0.391113
0.338543
0.338543
-0.446024
-0.446024
0.188614
0.188614
-0.370709
-0.370709
-0.339158
-0.339158
-0.150937
-0.150937
-0.239166
-0.239166
0.411628
0.411628
0.349649
0.349649
0.356169
0.356169
0.379844
0.379844
0.403471
0.403471
0.35477
0.35477
0.336624
0.336624
0.334449
0.334449
0.371992
0.371992
0.376566
0.376566
0.166681
0.166681
-0.0361589
-0.0361589
-0.0844832
-0.0844832
-0.118634
-0.118634
0.332337
0.332337
0.21116
0.21116
0.266365
0.266365
0.184754
0.184754
0.186882
0.186882
0.189442
0.189442
0.188677
0.188677
0.173041
0.173041
0.178851
0.178851
0.174502
0.174502
0.180673
0.180673
0.182511
0.182511
0.192998
0.192998
0.192397
0.192397
0.188291
0.188291
0.190937
0.190937
-0.0535748
-0.0535748
-0.0365366
-0.0365366
-0.226536
-0.226536
-0.465412
-0.465412
-0.329964
-0.329964
-0.436234
-0.436234
-0.323413
-0.323413
-0.144
-0.144
-0.0619462
-0.0619462
-0.340745
-0.340745
0.0510327
0.0510327
-0.332341
-0.332341
-0.578572
-0.578572
-0.431794
-0.431794
-0.640379
-0.640379
-0.315828
-0.315828
-0.452565
-0.452565
0.0853159
0.0853159
0.145328
0.145328
0.150652
0.150652
0.141538
0.141538
0.196392
0.196392
0.183151
0.183151
0.0365665
0.0365665
0.0429815
0.0429815
0.0230117
0.0230117
0.0258707
0.0258707
0.0824626
0.0824626
0.103191
0.103191
0.105669
0.105669
0.0438113
0.0438113
0.0471569
0.0471569
0.0231214
0.0231214
0.0234128
0.0234128
0.0507678
0.0507678
0.0301551
0.0301551
0.0399239
0.0399239
0.0546734
0.0546734
0.0204592
0.0204592
0.0235702
0.0235702
0.0278584
0.0278584
0.0336197
0.0336197
0.0373722
0.0373722
0.0388704
0.0388704
0.181293
0.181293
0.183823
0.183823
0.182595
0.182595
0.195329
0.195329
0.206316
0.206316
0.220074
0.220074
0.190402
0.190402
0.167439
0.167439
0.159899
0.159899
0.163513
0.163513
0.141486
0.141486
0.148581
0.148581
0.14723
0.14723
0.156054
0.156054
0.173983
0.173983
0.179833
0.179833
0.178799
0.178799
0.180593
0.180593
0.167798
0.167798
0.168745
0.168745
0.155847
0.155847
0.159846
0.159846
0.14257
0.14257
0.125378
0.125378
0.113977
0.113977
0.0175901
0.0175901
0.0115189
0.0115189
0.0149379
0.0149379
0.0152078
0.0152078
0.0109132
0.0109132
0.0126605
0.0126605
0.0407608
0.0407608
0.0317613
0.0317613
0.0357342
0.0357342
0.0320349
0.0320349
0.0371254
0.0371254
0.0171131
0.0171131
0.0176773
0.0176773
-0.571026
-0.571026
-0.610888
-0.610888
-0.53055
-0.53055
-0.568843
-0.568843
-0.62081
-0.62081
0.562675
0.562675
0.639023
0.639023
0.486213
0.486213
0.273025
0.273025
0.255991
0.255991
0.484671
0.484671
0.598879
0.598879
0.372489
0.372489
0.435326
0.435326
0.487247
0.487247
0.153082
0.153082
0.407062
0.407062
0.193838
0.193838
0.1935
0.1935
0.190649
0.190649
0.190356
0.190356
0.191752
0.191752
-0.335593
-0.335593
-0.238054
-0.238054
-0.234264
-0.234264
-0.185232
-0.185232
-0.06808
-0.06808
0.0358577
0.0358577
0.0526069
0.0526069
-0.13667
-0.13667
0.00265089
0.00265089
0.0422528
0.0422528
0.301549
0.301549
0.317706
0.317706
0.262982
0.262982
0.287566
0.287566
0.285815
0.285815
0.116771
0.116771
0.19099
0.19099
0.236969
0.236969
0.20114
0.20114
0.240563
0.240563
0.259819
0.259819
0.22326
0.22326
0.251968
0.251968
0.204005
0.204005
0.164663
0.164663
0.164811
0.164811
0.113051
0.113051
0.12811
0.12811
0.108947
0.108947
0.0941735
0.0941735
0.183962
0.183962
0.16403
0.16403
0.173371
0.173371
0.165819
0.165819
0.184589
0.184589
0.21451
0.21451
0.206489
0.206489
0.229908
0.229908
0.24576
0.24576
0.173565
0.173565
0.134877
0.134877
0.143896
0.143896
0.172491
0.172491
0.132903
0.132903
0.144774
0.144774
0.15953
0.15953
-0.150228
-0.150228
-0.258362
-0.258362
-0.180678
-0.180678
-0.454256
-0.454256
-0.347031
-0.347031
-0.361647
-0.361647
-0.405503
-0.405503
-0.393049
-0.393049
-0.11705
-0.11705
-0.800686
-0.800686
-0.75484
-0.75484
-1.39103
-1.39103
0.122406
0.122406
0.601868
0.601868
0.36626
0.36626
0.331366
0.331366
0.399677
0.399677
0.373567
0.373567
0.3728
0.3728
0.408886
0.408886
0.416611
0.416611
0.324828
0.324828
0.3408
0.3408
0.344405
0.344405
0.29754
0.29754
0.323067
0.323067
0.350644
0.350644
0.348477
0.348477
0.166207
0.166207
0.0588963
0.0588963
0.0485004
0.0485004
0.0171779
0.0171779
-0.109226
-0.109226
-0.0795335
-0.0795335
0.133907
0.133907
0.0566453
0.0566453
-0.0203442
-0.0203442
-0.0123539
-0.0123539
0.151103
0.151103
0.049301
0.049301
0.106696
0.106696
0.144391
0.144391
0.0771911
0.0771911
0.0356016
0.0356016
0.224748
0.224748
0.292376
0.292376
0.28482
0.28482
0.254961
0.254961
0.176769
0.176769
0.190251
0.190251
0.213265
0.213265
0.245213
0.245213
0.273707
0.273707
0.312055
0.312055
0.181484
0.181484
0.184858
0.184858
0.186701
0.186701
0.185651
0.185651
0.180979
0.180979
0.184163
0.184163
0.184104
0.184104
0.186304
0.186304
0.186572
0.186572
0.189544
0.189544
0.188737
0.188737
0.0119224
0.0119224
0.0119389
0.0119389
-0.0130509
-0.0130509
-4.50762e-05
-4.50762e-05
-0.0563608
-0.0563608
-0.0882068
-0.0882068
-0.0839968
-0.0839968
-0.12361
-0.12361
0.0206757
0.0206757
0.00903182
0.00903182
-0.0372821
-0.0372821
-0.0255383
-0.0255383
-0.0111898
-0.0111898
0.00181045
0.00181045
0.0808526
0.0808526
0.0897772
0.0897772
0.0405381
0.0405381
-0.00332753
-0.00332753
-0.0962346
-0.0962346
0.193808
0.193808
0.16963
0.16963
0.0437655
0.0437655
-0.0504809
-0.0504809
0.039198
0.039198
0.152049
0.152049
0.0622013
0.0622013
0.075879
0.075879
0.0679809
0.0679809
0.0795836
0.0795836
0.0742018
0.0742018
0.0324576
0.0324576
0.0269532
0.0269532
0.0292859
0.0292859
0.0399036
0.0399036
0.0365575
0.0365575
0.0247367
0.0247367
0.0224942
0.0224942
0.0244432
0.0244432
0.0251283
0.0251283
0.0244435
0.0244435
0.0241157
0.0241157
0.167651
0.167651
0.163367
0.163367
0.165458
0.165458
0.159748
0.159748
0.158532
0.158532
0.170692
0.170692
0.173617
0.173617
0.175101
0.175101
0.179734
0.179734
0.181364
0.181364
0.173321
0.173321
0.177232
0.177232
0.18092
0.18092
0.0271551
0.0271551
0.0211633
0.0211633
0.0232628
0.0232628
0.0232919
0.0232919
0.0219725
0.0219725
0.0195319
0.0195319
0.0200412
0.0200412
-0.207694
-0.207694
-0.551905
-0.551905
-0.617413
-0.617413
-0.436578
-0.436578
-0.512445
-0.512445
-0.487262
-0.487262
0.162349
0.162349
0.0956052
0.0956052
0.158449
0.158449
0.278456
0.278456
0.181829
0.181829
0.0862478
0.0862478
0.13995
0.13995
0.238711
0.238711
-0.0101222
-0.0101222
0.107143
0.107143
-0.0287088
-0.0287088
0.51207
0.51207
0.373551
0.373551
0.515613
0.515613
0.145145
0.145145
-0.121091
-0.121091
0.0139956
0.0139956
0.0679127
0.0679127
-0.122646
-0.122646
-0.0558019
-0.0558019
-0.0124202
-0.0124202
-0.124514
-0.124514
-0.0938085
-0.0938085
-0.06847
-0.06847
0.0267005
0.0267005
-0.0862444
-0.0862444
-0.119732
-0.119732
-0.32381
-0.32381
-0.116128
-0.116128
-0.0495459
-0.0495459
-0.0681303
-0.0681303
0.0505726
0.0505726
0.10382
0.10382
-0.0237108
-0.0237108
-0.169632
-0.169632
-0.209964
-0.209964
0.290013
0.290013
0.310388
0.310388
0.326273
0.326273
0.300022
0.300022
0.319894
0.319894
0.248941
0.248941
0.238514
0.238514
0.257039
0.257039
0.267365
0.267365
0.26195
0.26195
-1.12725
-1.12725
-0.841239
-0.841239
-1.77629
-1.77629
-1.08515
-1.08515
-0.646968
-0.646968
0.153407
0.153407
0.103176
0.103176
0.393849
0.393849
0.294977
0.294977
0.374528
0.374528
0.357533
0.357533
0.323653
0.323653
0.289935
0.289935
0.29157
0.29157
0.32869
0.32869
0.0445425
0.0445425
0.150898
0.150898
0.126425
0.126425
0.130386
0.130386
0.0367345
0.0367345
-0.0251694
-0.0251694
0.257423
0.257423
0.253287
0.253287
0.291619
0.291619
0.315869
0.315869
0.284244
0.284244
0.317763
0.317763
0.177689
0.177689
0.177267
0.177267
0.179444
0.179444
0.175865
0.175865
0.171877
0.171877
0.1738
0.1738
0.0568252
0.0568252
0.0503685
0.0503685
0.0132793
0.0132793
-0.00989259
-0.00989259
-0.00675396
-0.00675396
0.0197258
0.0197258
0.0303433
0.0303433
0.0269447
0.0269447
0.0252564
0.0252564
0.0251378
0.0251378
0.0284555
0.0284555
0.0320969
0.0320969
-0.139604
-0.139604
-0.245819
-0.245819
-0.365503
-0.365503
-0.287249
-0.287249
-0.343624
-0.343624
-0.447027
-0.447027
-0.446168
-0.446168
-0.367361
-0.367361
-0.236766
-0.236766
-0.258069
-0.258069
-0.00781476
-0.00781476
0.252232
0.252232
0.0611841
0.0611841
0.223592
0.223592
-0.0878952
-0.0878952
0.0557781
0.0557781
0.159799
0.159799
0.119366
0.119366
0.154766
0.154766
0.0477507
0.0477507
0.142395
0.142395
-0.171223
-0.171223
-0.652467
-0.652467
-0.564318
-0.564318
0.416218
0.416218
0.437478
0.437478
0.220391
0.220391
0.0255063
0.0255063
-0.192916
-0.192916
0.0107947
0.0107947
0.200874
0.200874
0.145375
0.145375
0.185029
0.185029
0.250856
0.250856
0.249784
0.249784
-0.369441
-0.369441
-0.294888
-0.294888
-0.0887992
-0.0887992
0.140354
0.140354
-0.180702
-0.180702
-0.172047
-0.172047
-0.193043
-0.193043
-0.00766916
-0.00766916
-0.0765268
-0.0765268
))
(300 (2 1 3 0 0 1 918)(
0.985249 -0.000416712 0 
0.00499562 2.96626 0 
-0.00428439 1.64052 0 
0.979774 0.00205722 0 
0.000417619 1.60297 1.51448e-21 
-0.00702201 2.94878 -1.85177e-18 
0.851464 1.18638 7.37112e-19 
0.49248 0.233846 -8.95355e-21 
0.999945 -0.000418541 0 
0.00510171 1.21067 0 
-0.00443045 1.3584 0 
0.822693 -0.00547934 0 
0.0110708 2.93037 0 
0.00136874 2.79483 0 
-0.0173637 3.1694 1.09588e-18 
-0.00384708 1.51752 -1.64183e-20 
0.589025 0.103997 5.56421e-19 
0.168967 1.19782 6.15754e-19 
0.964925 0.00530314 0 
-0.00051328 1.48361 0 
0.168538 0.273118 -4.71119e-19 
1.0014 -0.00526231 0 
1.0002 -0.00988515 0 
0.975561 -0.00659854 0 
0.739918 -0.0241956 0 
0.0175721 2.63045 0 
-0.0152239 2.9102 6.38083e-19 
-0.0115027 1.66739 0 
-0.0115373 1.76453 0 
-0.0106891 1.66394 0 
0.00189109 1.80737 0 
0.00123531 1.61871 -1.19884e-21 
-0.00307201 1.52612 0 
-0.020636 2.98757 -6.46901e-23 
-0.016718 3.00532 1.43969e-18 
0.00210746 3.00024 0 
0.869407 -0.00604232 0 
0.373914 0.903893 -4.00461e-20 
0.842594 1.20368 -1.0363e-18 
0.988851 1.05709 9.73071e-19 
0.70632 1.29265 -1.71066e-19 
0.701206 1.27269 9.83159e-19 
0.522848 0.304807 8.73603e-21 
0.51601 0.206938 0 
1.19273 0.573354 0 
0.486544 0.320999 4.0749e-20 
0.450611 0.229246 -4.22844e-20 
0.919966 -0.00691192 0 
1.00047 -1.03428e-05 0 
0.999955 0.000367409 0 
1.00392 -0.00769724 0 
1.00073 -0.000896096 0 
1.00012 8.28689e-05 0 
0.0472273 1.56885 -5.23645e-19 
-0.0232971 1.29372 0 
0.00221541 1.13353 0 
-0.0257171 1.3807 0 
0.00112048 1.27198 0 
-0.00245064 1.56993 0 
-0.0053399 1.51564 0 
0.00279224 1.35498 0 
-0.0142143 1.54059 0 
-0.00825795 1.37731 0 
0.898114 -0.000922148 0 
0.90151 0.00795396 0 
0.836702 0.00104527 0 
0.893472 0.012035 0 
0.809592 -0.00770661 0 
0.0147186 3.00038 6.7753e-19 
0.0115602 3.00772 0 
0.0061702 3.00292 0 
0.0135473 2.99727 7.54799e-24 
0.00801981 2.95847 -1.00698e-18 
0.0144967 2.98217 0 
0.0107573 2.90366 0 
0.0250512 2.93054 1.34582e-24 
0.00410672 2.82505 0 
0.0314247 2.91543 0 
-0.00680657 2.74366 0 
0.311659 3.57018 0 
-0.132506 3.65217 0 
0.141627 3.26035 -1.01989e-18 
-0.0109433 2.99237 0 
-0.00897643 1.78896 0 
-0.00370135 1.6435 1.61968e-20 
-0.00455869 1.53176 -2.54822e-20 
0.651807 0.166097 -1.9146e-19 
0.612704 0.0699301 -1.84906e-19 
0.617861 0.195012 -5.72284e-19 
0.57297 0.131684 -3.82414e-19 
0.268012 1.04615 0 
0.239455 1.27019 -6.15409e-19 
0.328066 1.26446 1.01829e-18 
0.988394 0.00861619 0 
0.944241 0.00704086 0 
1.00033 0.000594415 0 
1.00277 0.00939284 0 
1.00251 0.00850452 -1.0499e-18 
0.992007 0.00980484 7.92927e-19 
-0.00994502 1.59642 0 
-0.00617296 1.47364 0 
-0.0155968 1.67659 0 
-0.0122399 1.62431 0 
0.000585286 1.5026 0 
0.246127 0.283742 1.45378e-19 
0.287287 0.26626 0 
0.993321 -0.0085677 0 
0.953945 -0.00671126 0 
0.869099 0.0176072 0 
0.835359 0.0340092 0 
0.787585 -0.00960083 0 
1.02243 -0.00555026 0 
0.783159 0.0408072 0 
0.65748 -0.0173382 7.4671e-19 
-0.0354308 2.8661 3.17172e-19 
0.0438362 2.90729 0 
0.057265 2.88282 0 
-0.00616214 2.69627 0 
-0.0130429 2.98539 5.85022e-19 
-0.0183191 2.89569 0 
-0.0153277 2.98815 -1.85382e-18 
-0.0135322 2.92528 6.40495e-19 
-0.00832731 1.81344 0 
-0.00653753 1.80817 0 
-0.00125108 1.64491 -3.2074e-22 
-0.0020795 1.61908 0 
-0.00632538 1.51679 0 
0.932154 -0.00197274 0 
0.865966 -0.00102569 0 
0.856629 0.00739247 0 
0.938672 -0.00338212 0 
0.881665 -0.00496289 0 
0.486216 1.1029 3.97917e-20 
0.540832 1.16672 0 
0.334811 0.831364 2.32383e-21 
0.278228 0.694195 0 
0.957276 1.08574 -2.8123e-19 
1.0719 0.898468 5.79929e-19 
0.403824 1.3355 0 
0.582573 1.3408 0 
0.529651 1.28495 0 
0.101285 0.110883 -1.04489e-19 
0.555391 0.279125 0 
0.542341 0.183323 1.10263e-19 
1.0435 0.945688 0 
1.11371 0.791994 0 
1.14002 0.738814 -5.08042e-19 
1.17145 0.631147 0 
1.22315 0.414581 6.08043e-20 
0.951686 -0.00667629 0 
0.96084 -0.00956893 0 
0.899696 -0.00776181 0 
0.984067 -0.00885517 0 
0.975753 -0.00823612 0 
0.938143 -0.0060986 0 
1.00009 0.00225242 0 
1.00079 0.00142201 0 
0.999924 0.00078534 0 
0.048257 1.72991 2.83578e-19 
0.0837216 1.52511 0 
0.0247506 1.75562 4.6013e-19 
0.0282364 1.5954 -3.9063e-19 
0.0714773 1.2018 -5.08905e-19 
-0.0285661 1.21188 0 
0.0856854 1.11155 0 
-0.011985 1.44771 0 
0.00702612 1.30881 0 
-0.00810938 1.69178 -1.1479e-21 
-0.00721548 1.5927 0 
-0.00246557 1.68349 -5.40696e-20 
-7.43854e-05 1.57031 1.04138e-19 
-0.00880672 1.48586 0 
-0.00482557 1.51033 0 
0.00407217 1.33531 0 
-0.0168308 1.55939 0 
-0.0117769 1.40474 0 
0.969419 0.0141076 0 
0.917273 0.0043078 0 
0.952918 0.00801442 0 
0.888901 0.00166335 0 
0.838915 -0.00589941 0 
0.920435 -0.000287183 0 
0.913399 0.00709776 0 
0.837414 -0.00227547 0 
0.00605739 3.06482 -5.93746e-21 
0.0163541 3.05818 0 
0.0147828 2.96922 0 
0.00859013 2.87638 0 
0.929179 3.99034 0 
1.24429 3.31866 1.01699e-18 
0.0717215 3.08432 0 
-0.025965 2.9123 0 
-0.0102774 1.79327 0 
-0.0113837 1.78911 0 
-0.00971349 1.79065 0 
-0.00336754 1.79675 4.66417e-21 
-0.0100352 1.79134 0 
-0.00408196 1.79005 0 
-0.00346767 1.54859 1.66279e-21 
-0.0052725 1.6703 3.29511e-20 
-0.00501445 1.65837 2.60295e-20 
-0.00377915 1.5369 0 
0.684458 0.127617 2.80416e-19 
0.642252 0.0371509 -2.72858e-19 
0.19046 1.38523 0 
0.294321 0.806363 -2.49742e-19 
0.153306 1.47851 -7.52858e-19 
0.218398 1.22758 7.50894e-19 
0.900814 0.0101454 0 
0.967666 0.0132653 0 
0.976257 0.0122651 0 
0.924756 0.00956367 0 
-0.017497 1.57608 0 
-0.0149873 1.58865 0 
-0.0110011 1.43802 0 
0.442074 0.33923 3.74186e-19 
0.362255 0.317544 -4.54297e-19 
0.380843 0.243699 0 
1.13862 0.0832793 -3.82634e-21 
1.12322 0.0385345 0 
1.05602 0.0327513 0 
0.971038 0.00437829 0 
0.699225 0.0817945 0 
0.723077 0.0589139 -1.2009e-18 
0.644344 0.011633 4.59235e-19 
0.0100375 2.98261 4.08584e-19 
-0.0317386 2.86838 4.9114e-20 
0.00390593 3.05006 -1.2841e-20 
0.0198684 3.0437 4.63028e-19 
-0.0150732 2.9965 2.13111e-20 
-0.0129645 2.94939 -8.63969e-23 
-0.0172818 3.01208 -4.04901e-19 
0.0146404 3.02444 2.92054e-19 
0.00716267 3.03654 -4.56114e-19 
0.947583 0.0078143 0 
0.940979 0.00450319 0 
0.873214 0.00262762 0 
0.95487 0.0125507 0 
0.939136 0.0136646 0 
0.877655 0.00837081 0 
0.921135 -1.16252e-05 0 
0.921521 0.00750175 0 
0.840944 -0.00168041 0 
0.701528 1.40229 3.34644e-19 
0.742018 1.51733 0 
0.218886 0.387351 2.38594e-20 
0.177193 0.527413 1.74454e-19 
0.252191 0.645252 -8.97689e-20 
0.209916 0.539134 1.62869e-19 
0.290378 0.643891 6.00353e-19 
0.120751 0.139605 1.86719e-19 
0.599775 0.226254 4.14165e-19 
0.575548 0.246766 1.01174e-19 
0.552007 0.15886 2.10133e-19 
1.21073 0.469823 2.99809e-19 
1.22668 0.261731 3.14274e-19 
0.0110929 1.75554 1.80694e-19 
0.0162523 1.61357 0 
1.01002 0.0248589 0 
0.982272 0.0151954 0 
0.938746 -0.00221455 0 
0.0108577 3.07444 0 
0.0199614 2.94416 7.90496e-19 
0.0165744 2.95641 0 
0.00615851 2.85083 -7.84004e-19 
0.00613941 3.09161 1.8713e-19 
0.00745783 3.08263 0 
0.77771 1.82607 -2.3935e-19 
1.25041 2.51414 6.58466e-19 
0.762857 1.96899 -1.49633e-18 
0.0212408 2.98465 -2.94463e-19 
0.0374413 3.00828 0 
-0.0315609 2.88296 0 
-0.000510216 1.66514 -5.97252e-21 
-0.00369182 1.67501 -7.31084e-20 
-0.00101961 1.56193 -5.82112e-21 
0.277731 1.28318 7.14603e-19 
0.253552 0.56336 -4.88909e-19 
0.0663121 1.66712 4.85846e-19 
0.0998903 1.57813 -6.0022e-19 
0.12157 1.40278 7.86262e-20 
0.0035066 3.11789 -1.10118e-18 
0.0177577 3.11788 1.1772e-18 
-0.00862027 2.98103 5.05722e-19 
-0.00249008 2.97783 -4.45448e-19 
-0.021546 2.88263 -5.1506e-19 
0.00891266 3.0987 -1.36978e-18 
0.0021717 3.10665 1.33065e-18 
0.186493 0.563928 0 
0.117837 0.525562 -3.82626e-19 
0.154295 0.204478 1.62355e-19 
0.330135 0.787848 5.7507e-19 
0.186163 0.196259 -8.80001e-19 
1.2206 0.170836 -5.79614e-20 
1.22403 0.312795 0 
1.20789 0.118915 1.23644e-19 
-0.00763399 1.72623 -1.46209e-21 
-0.0018544 1.74067 0 
0.000851926 1.60238 0 
0.361735 1.17235 -2.31456e-19 
0.384704 1.00898 -5.044e-19 
0.183712 0.323082 8.50315e-19 
1.00566 -0.0111191 0 
1.00776 -0.00792887 1.91417e-19 
-0.00805795 1.80252 0 
-0.0145123 1.81032 0 
1.00255 0.00373781 1.91019e-21 
1.00284 0.00893869 3.93721e-19 
-0.00423696 1.80113 -6.23883e-21 
-0.00447768 1.80013 0 
0.0401585 3.18432 9.9976e-20 
0.400612 3.50492 0 
1.09949 0.644467 6.53773e-20 
1.01208 0.0126013 -2.55408e-21 
1.01903 -0.0180413 0 
1.00171 0.000327461 5.09568e-23 
-0.148646 1.47213 0 
-0.0131995 2.09739 0 
-0.0213002 1.77085 0 
-0.0345537 1.8594 7.12652e-20 
-0.00724052 1.82993 4.31714e-20 
1.00363 0.0105891 2.28856e-21 
1.04581 0.0126327 0 
1.07247 0.0229797 0 
-0.012387 1.78951 0 
-0.00866514 1.81127 0 
-0.0198977 1.79463 0 
0.245295 1.18488 -4.28855e-19 
1.01114 -0.00986715 0 
1.00993 -0.0138301 0 
1.00244 0.000748838 2.4177e-19 
1.00603 -0.00526367 -2.8824e-19 
1.00091 -0.00075229 0 
-0.0136067 1.78882 0 
-0.0108871 1.79521 0 
-0.0102867 1.79423 0 
-0.0171633 1.79786 0 
-0.0122963 1.79455 0 
-0.0155536 1.79765 0 
1.02342 0.00370015 0 
1.02308 0.0106568 -1.0495e-21 
0.796782 1.25176 5.28211e-19 
1.00264 0.000418808 -2.42673e-19 
1.00346 0.00558421 2.92746e-19 
1.00121 0.00197606 0 
1.01054 0.00982092 2.37177e-19 
1.008 0.00833263 -2.9409e-19 
1.00762 0.0142839 0 
-0.00756007 1.81148 0 
-0.00628288 1.80683 1.36365e-20 
-0.00649052 1.80648 -9.39707e-21 
1.181 0.258085 -7.44233e-20 
1.11878 0.0794944 0 
0.0568275 3.07905 -5.03433e-19 
0.0695509 2.85098 -4.08667e-20 
0.147854 3.20034 7.67035e-19 
0.142555 3.22879 5.16896e-21 
0.140395 3.24414 0 
0.022212 3.13864 1.07972e-19 
0.0813829 3.16363 4.91462e-19 
0.0748037 3.19076 -2.09207e-19 
0.0262042 3.12857 0 
0.708967 0.332014 0 
0.61994 0.393648 0 
1.08091 0.672595 -2.52164e-19 
1.0734 0.807076 3.92906e-19 
1.13206 0.560742 0 
1.1643 0.508962 0 
1.01546 0.0133997 -4.4e-19 
1.01384 0.0147412 5.48869e-19 
1.01953 -0.0200049 0 
1.01413 -0.0216388 0 
1.00723 0.00265889 0 
1.01021 0.00305335 0 
1.00392 0.0026526 0 
1.00979 0.00705251 0 
1.00698 0.00568382 0 
1.00569 0.00491044 0 
-0.137979 1.49052 0 
-0.112822 1.54547 0 
-0.156008 1.42384 0 
-0.0722315 1.36306 0 
-0.0452916 2.15238 0 
0.0581588 2.15462 -3.07007e-19 
-0.0125987 2.0915 0 
-0.0100603 2.02205 1.55186e-19 
-0.0279667 1.92938 -1.38973e-19 
-0.0207305 1.77216 0 
-0.0180428 1.77452 0 
-0.0316401 1.75919 0 
-0.0247978 1.72866 0 
-0.056372 1.82855 -4.34358e-20 
-0.0175604 1.83779 5.91863e-20 
-0.0329168 1.85782 7.16528e-20 
-0.0166597 1.84595 0 
-0.00748942 1.8307 -9.35838e-20 
-0.00725569 1.82589 -5.14824e-20 
-0.0502293 1.82302 3.3771e-20 
-0.0295342 1.83182 -7.72133e-20 
-0.0337784 1.84288 -9.3248e-20 
1.01093 0.0164712 4.3225e-19 
1.01033 0.00378093 -5.32471e-19 
1.00548 0.0202699 -4.50921e-19 
0.992726 0.0156932 5.6985e-19 
1.03946 0.0180105 0 
1.03979 0.0115332 0 
1.06094 0.0415975 0 
1.04744 0.0230843 0 
1.05813 0.0125651 0 
1.10363 0.072547 0 
1.07966 0.0466945 0 
1.09154 0.0368563 0 
-0.00966832 1.80193 -1.61776e-21 
-0.0122457 1.79159 0 
-0.0109491 1.79441 0 
-0.00896572 1.81482 1.49436e-20 
-0.00921123 1.815 -6.82669e-22 
-0.016261 1.78809 1.50634e-20 
-0.0156124 1.7899 -1.53899e-20 
-0.0180693 1.79435 0 
-0.0146212 1.79496 0 
-0.0145498 1.7953 0 
-0.0206287 1.79331 0 
-0.0220771 1.79101 0 
0.424169 1.24107 8.98969e-19 
0.397458 1.35629 3.29129e-19 
0.581734 2.43469 -1.76311e-19 
0.280744 2.37601 4.55789e-19 
0.432042 2.39147 -1.69831e-19 
1.01965 -0.0116851 0 
1.01605 -0.0089512 0 
1.01608 -0.0163051 0 
1.0084 -0.00117228 0 
1.00454 -0.0014332 0 
1.00703 -0.00479912 0 
1.01036 -0.00349491 0 
1.01286 -0.00518572 0 
1.02305 0.0123448 4.23862e-19 
1.01514 0.0201967 -5.37474e-19 
1.02497 0.00581143 -4.23681e-19 
1.02136 0.0037037 5.32234e-19 
0.758676 1.27494 0 
0.668322 1.35515 6.34352e-19 
0.874669 1.18319 3.73079e-19 
0.90717 1.16322 -4.95723e-19 
1.11995 2.61375 -5.73433e-19 
0.828698 0.0974461 2.87238e-19 
1.12049 0.0930801 0 
1.16001 0.170042 6.61468e-20 
1.15427 0.1494 2.81541e-21 
0.969449 0.125587 0 
0.148103 2.97166 1.05888e-19 
0.12846 2.87802 -6.34969e-19 
0.0427597 2.3493 4.69909e-19 
0.116906 0.132523 -1.93062e-19 
0.345977 3.43252 -4.49241e-19 
0.19942 3.32347 0 
0.239879 3.36827 5.85053e-19 
0.258549 3.04185 -6.75264e-19 
0.348314 3.19925 0 
0.00659621 3.12079 2.57843e-20 
0.0176172 3.12966 -3.32153e-19 
0.0152786 3.12544 4.88881e-19 
0.0381285 3.14033 0 
0.0370402 3.15196 0 
1.20499 2.61912 0 
0.507063 0.83521 -2.1969e-19 
1.01337 0.9795 -2.07681e-19 
0.961912 1.06082 0 
0.805844 0.95792 6.30408e-20 
1.03703 0.869203 3.20975e-20 
0.405537 0.477939 -5.2852e-19 
0.733069 0.323892 -2.25179e-20 
0.720629 0.282347 2.19297e-19 
0.619518 0.429825 1.75192e-20 
0.560091 0.423022 -7.21181e-19 
0.709898 0.35998 0 
0.699356 0.435 3.64067e-19 
0.708986 0.429719 0 
0.663042 0.412787 0 
0.675 0.350099 0 
0.733701 0.602033 1.26999e-19 
1.17299 0.270011 4.16571e-20 
1.17419 0.405388 0 
1.18779 0.367818 0 
0.775242 0.212296 3.26472e-19 
0.777663 0.529965 -1.82224e-19 
0.691794 0.510296 2.93246e-19 
0.891102 0.398087 -2.7286e-19 
1.01824 0.0182596 2.89891e-19 
1.01746 0.0140911 -2.95518e-19 
1.01307 0.0196433 0 
1.02138 -0.00170676 0 
1.01891 -0.0164529 -2.65751e-19 
1.00773 -0.016919 2.63041e-19 
1.03526 0.00515776 0 
1.03011 0.00807685 0 
1.01187 0.00380064 0 
1.01481 0.00843872 0 
1.01938 0.00264446 0 
1.01491 0.000808755 0 
-0.0990399 1.59373 0 
-0.0675923 1.62866 0 
-0.24719 1.40398 1.89608e-19 
0.189363 1.25097 2.39786e-19 
-0.0540968 1.30731 4.71293e-19 
0.0908608 1.23076 -7.85525e-19 
-0.168394 1.40085 0 
-0.335941 1.97246 2.53882e-19 
-0.328216 1.94271 0 
0.219128 2.44482 2.49945e-19 
0.0731135 2.52992 2.38683e-19 
-0.33417 1.93627 -2.23644e-19 
0.0965766 1.186 2.70776e-19 
-0.161566 1.36635 -2.12308e-19 
0.113944 1.19485 7.42536e-19 
-0.170295 1.95253 0 
-0.0111284 2.00451 -5.27692e-19 
-0.103478 1.8923 -3.13004e-20 
-0.0268403 1.94743 0 
-0.0930877 1.94688 1.3004e-19 
-0.090484 1.91286 0 
-0.0148296 2.00124 -1.65906e-19 
-0.0140085 1.97684 0 
-0.0500891 1.79269 -3.24144e-20 
-0.0638775 1.80541 0 
-0.0664498 1.76391 0 
-0.0552448 1.77814 3.6532e-20 
-0.0394582 1.87253 -4.22946e-21 
-0.0328474 1.91511 1.63616e-19 
-0.0323384 1.89663 1.12962e-21 
-0.0269129 1.81323 2.88581e-20 
-0.0340473 1.80892 1.86703e-20 
-0.0218597 1.77775 0 
-0.0229027 1.77829 0 
-0.103149 1.84725 7.36414e-20 
-0.0950087 1.76856 4.74812e-20 
-0.0923886 1.8088 -6.82259e-20 
-0.142181 1.86512 0 
-0.0137335 1.80584 -5.04501e-20 
-0.0129393 1.81428 2.35491e-20 
-0.0133459 1.8133 -7.7285e-21 
-0.0217976 1.81322 -3.50891e-20 
-0.0145257 1.81869 -1.2108e-20 
-0.0150493 1.82434 6.23749e-20 
1.02201 0.00283612 -2.83345e-19 
1.01729 0.00965415 2.87093e-19 
1.01729 0.00265705 0 
0.997163 0.04551 4.02677e-19 
0.992382 0.0322985 -4.78861e-19 
0.964782 0.0241346 5.54387e-19 
0.992484 0.0815626 -5.34328e-20 
1.02499 0.00888062 0 
1.03191 0.0116994 2.43945e-19 
1.02948 0.00826242 -2.39102e-19 
1.03341 0.0405152 -1.32684e-20 
1.03666 0.0263518 1.1687e-19 
1.02754 0.0523813 0 
1.02297 0.0432593 -4.39125e-20 
1.01956 0.0220976 0 
1.0186 0.0206212 0 
1.03604 0.00608914 0 
1.02947 0.00476179 0 
1.02671 0.0227527 9.05349e-20 
1.02891 0.0164015 -2.03301e-19 
1.02787 0.0289521 -9.17657e-20 
1.0276 0.029598 -1.06977e-19 
1.02519 0.0528766 1.91922e-19 
1.0621 0.0492368 0 
1.05312 0.0891907 0 
-0.0138668 1.80593 -2.08737e-20 
-0.0132229 1.79568 -1.85808e-21 
-0.014711 1.79452 0 
-0.0096999 1.80786 2.21636e-20 
-0.00954997 1.80301 3.32487e-21 
-0.0093769 1.80629 -3.64034e-21 
-0.0088422 1.82406 4.5692e-20 
-0.0135474 1.81718 -2.7033e-21 
-0.0137548 1.81714 1.28714e-20 
-0.00985826 1.81938 -2.33532e-20 
-0.00968962 1.82006 2.75983e-20 
-0.0184541 1.78998 3.80662e-22 
-0.0180847 1.79031 2.33943e-20 
0.451637 1.14601 -4.96063e-19 
0.45862 1.32955 -7.59171e-19 
0.649699 1.36314 -6.13457e-19 
0.536426 1.37105 -3.15719e-19 
0.530032 1.40013 0 
0.62078 2.4016 1.21371e-19 
0.670982 2.4091 2.20484e-19 
0.294085 2.46792 9.17778e-20 
0.265014 2.62273 -1.84306e-19 
0.365489 2.59576 1.93513e-19 
0.511644 2.4665 0 
0.486091 2.40257 -3.7495e-19 
0.0271365 2.27529 7.84006e-19 
0.18421 2.391 -5.63978e-20 
0.17153 2.26683 -1.02893e-18 
0.911445 2.3373 1.65683e-19 
0.838516 2.36882 0 
1.01043 -0.000831225 9.58459e-21 
1.01343 -0.00572891 -7.89757e-21 
1.01559 -0.00736709 -1.42819e-19 
1.01408 -0.00791577 1.43251e-19 
1.0131 -0.00120296 0 
0.656358 1.26649 0 
0.650584 1.17453 0 
0.755056 1.05506 0 
0.635337 1.12055 0 
1.15368 2.6324 5.3066e-20 
1.02755 2.34575 0 
0.773507 2.22944 -7.07534e-22 
0.87672 2.47101 0 
0.928991 2.54619 -2.30061e-20 
0.929029 2.50618 1.56197e-20 
0.833982 0.137497 0 
0.800623 0.15957 8.27936e-20 
0.903006 0.120393 4.22855e-19 
0.859985 0.108386 -1.70752e-19 
0.857341 0.0710953 -5.08202e-19 
1.02074 0.216668 -2.40986e-19 
0.955161 0.259962 -1.56957e-20 
0.894801 0.254139 3.73021e-19 
0.965236 0.206093 2.84462e-19 
0.926118 0.163121 -5.29135e-19 
0.893264 0.175125 6.80339e-20 
0.914532 0.236167 -1.33107e-19 
0.896092 0.195533 0 
0.969993 0.165464 2.53216e-19 
0.999919 0.16692 0 
0.996433 0.198569 0 
1.05098 0.0950929 8.12924e-20 
1.0169 0.152414 -1.23923e-20 
1.01232 0.215778 -4.45654e-20 
1.04558 0.182859 0 
1.01184 0.0242926 2.17476e-19 
1.01799 0.0434577 2.56801e-19 
1.01749 0.0279515 -2.15713e-19 
1.01053 0.0479759 -1.72875e-19 
1.00017 0.0488195 -2.84876e-19 
0.97431 0.128028 0 
0.986834 0.0803429 0 
0.966203 0.0474316 -2.01108e-19 
0.929467 0.0553984 8.32478e-20 
0.996058 0.0782637 2.44171e-19 
1.01517 0.0946317 -2.46537e-19 
1.02409 0.123661 2.24477e-19 
0.996831 0.11942 0 
1.02687 0.0850317 0 
1.01463 0.0717803 -1.04253e-19 
1.01165 0.0745546 -1.96683e-19 
0.530843 1.08963 -1.05849e-19 
0.597891 1.55154 1.98752e-19 
1.13062 2.79425 1.50671e-19 
1.21627 3.11244 -7.64958e-20 
1.22363 2.74368 5.85022e-19 
1.26359 2.72569 -3.48685e-19 
1.18167 2.34288 -3.56535e-21 
1.19899 3.01819 2.26954e-19 
1.21037 2.98407 -2.71137e-19 
1.21026 3.26199 -2.75074e-19 
1.37066 2.99087 3.81346e-19 
1.36661 2.90133 0 
0.510367 0.843926 -1.01717e-20 
0.155332 1.29906 3.54373e-19 
0.514734 0.550252 3.50026e-19 
0.336394 0.320261 3.78867e-19 
0.555911 0.453798 4.03339e-19 
0.54009 0.501163 -6.36256e-19 
0.541921 0.528604 5.20526e-19 
0.514661 0.483012 -2.09063e-19 
0.479582 0.435368 4.83769e-19 
0.776446 0.256171 -1.81807e-19 
0.74526 0.298326 0 
0.742871 0.255248 1.15178e-20 
0.683281 0.523623 1.86542e-19 
0.664863 0.489404 -6.89457e-19 
0.60095 0.504317 1.98259e-20 
0.621529 0.481414 0 
0.629092 0.729793 1.38527e-19 
0.773413 0.774742 4.83106e-20 
0.705428 0.846483 -6.48503e-20 
0.813198 0.800265 -1.62199e-20 
0.8686 0.83349 1.59489e-20 
0.874782 0.842908 -1.63201e-20 
0.781822 0.623369 -2.18954e-19 
0.866241 0.683206 1.50678e-20 
0.928936 0.694063 0 
0.919879 0.668112 -1.3719e-20 
0.974997 0.295928 6.07771e-20 
1.06808 0.275719 7.55608e-21 
1.00593 0.255266 9.82998e-20 
0.949603 0.327811 -1.40673e-19 
0.986585 0.397197 0 
1.0517 0.384199 0 
0.88031 0.325855 5.54682e-21 
0.840061 0.272412 0 
0.838361 0.251396 1.96115e-19 
0.889823 0.257153 -5.33974e-21 
0.880265 0.401305 7.46859e-19 
0.825343 0.46619 1.91834e-19 
0.83361 0.430815 -2.42194e-19 
0.776985 0.418846 2.60167e-19 
0.761151 0.420922 1.80258e-19 
0.756367 0.415071 -1.7633e-19 
1.02513 -0.00844871 2.26331e-19 
1.02725 -0.00787816 0 
1.0253 -0.0106234 1.53766e-19 
1.0236 -0.0135545 -3.38614e-19 
1.03516 0.000479052 1.66794e-19 
1.02889 0.0093771 -3.52365e-19 
1.02721 0.0131083 0 
1.02129 0.0139759 -7.34276e-20 
1.02267 0.00654391 1.83188e-19 
1.01785 0.0116799 -9.31701e-20 
1.02125 0.0136167 6.94037e-20 
-0.0440525 1.72119 0 
-0.07647 1.75216 0 
-0.0591051 1.67034 0 
-0.0379201 1.68307 0 
-0.221099 1.68467 -1.29777e-19 
-0.216766 1.56148 2.94551e-20 
-0.293928 1.93132 1.89036e-20 
-0.373018 1.70125 -1.39822e-19 
-0.128284 1.77078 -2.6428e-20 
-0.143407 1.765 1.77778e-20 
-0.179644 1.67455 1.83088e-20 
-0.155655 1.68966 4.37765e-20 
-0.109813 1.71367 3.61962e-21 
-0.101763 1.73555 -2.13272e-21 
-0.124823 2.01879 -1.36622e-19 
-0.133359 2.0812 0 
-0.255343 2.1178 3.12309e-20 
-0.298604 1.9714 8.84681e-21 
-0.209507 2.28674 2.79432e-20 
-0.107145 2.41089 0 
-0.0773336 2.44793 -1.72851e-19 
-0.018533 2.50899 1.22983e-19 
-0.241669 2.21783 -9.19014e-21 
-0.250302 2.17836 -3.42688e-20 
-0.176779 2.28152 0 
-0.0811784 1.83608 -9.83817e-20 
-0.0672949 1.83996 -1.45579e-19 
-0.0693173 1.83304 0 
-0.0737125 1.87511 -4.82503e-21 
-0.091067 1.87214 5.30252e-20 
-0.0267517 1.79022 5.52441e-21 
-0.0226843 1.78978 -8.39677e-20 
-0.0262658 1.7943 1.74025e-20 
-0.0304222 1.79598 3.5111e-20 
-0.036461 1.79759 0 
-0.0257728 1.794 0 
-0.0252958 1.78749 2.57372e-20 
-0.0259232 1.79139 -8.19625e-21 
-0.0261932 1.79228 0 
-0.024743 1.7821 1.9309e-20 
-0.0236376 1.78342 -3.80152e-20 
1.0301 0.018186 0 
1.03192 0.0176207 -2.18709e-20 
1.03221 0.0174343 -1.63734e-19 
1.03083 0.0186393 0 
1.03066 0.0208049 0 
1.03443 0.0109611 -5.00651e-21 
1.03451 0.0103576 2.70568e-19 
1.03022 0.00899226 3.33578e-19 
1.02938 0.00607532 0 
1.02341 0.00483018 0 
1.02702 0.0154853 1.6634e-19 
1.02193 0.0125808 0 
1.02301 0.00966592 0 
-0.0166924 1.8074 0 
-0.0187736 1.79077 1.91123e-21 
-0.0181382 1.79886 1.19489e-20 
-0.0255373 1.79252 0 
-0.0212715 1.79318 1.57129e-20 
-0.0203034 1.79219 -7.65676e-21 
-0.0230224 1.79127 0 
0.644011 1.69865 0 
0.537965 1.32456 1.13076e-18 
0.479048 1.76557 0 
0.627434 1.22141 -1.20209e-18 
0.554336 1.25871 0 
0.580405 1.22087 5.16787e-19 
1.01503 2.67862 -3.86759e-21 
0.938502 2.35554 -2.07658e-19 
0.848905 2.06651 3.45604e-19 
0.847336 2.35429 9.46831e-20 
0.893225 2.49778 0 
0.92099 2.48745 0 
0.888267 2.33783 0 
0.888528 2.30232 -3.71546e-19 
0.757461 2.51375 1.01352e-20 
0.882713 2.47053 -1.11707e-20 
0.879823 2.45209 8.47227e-21 
0.711167 2.38188 0 
0.803693 2.3713 0 
0.763245 2.39205 -2.09969e-19 
0.852793 2.50752 0 
0.590839 1.08133 0 
0.480185 0.905826 4.29811e-20 
0.528663 0.939489 1.75259e-21 
0.491451 1.03055 0 
0.509004 0.980875 -6.56398e-20 
0.723229 0.868498 1.8792e-20 
0.764542 0.990496 0 
0.74179 0.969669 -7.30697e-20 
0.635016 1.00101 0 
0.616247 0.919503 0 
1.13416 2.79718 6.54664e-20 
1.11229 2.86528 1.2415e-19 
0.882725 2.4055 -2.86519e-19 
0.852374 2.38301 2.92879e-20 
1.09511 2.75409 0 
1.05251 2.71784 -3.6315e-20 
1.05256 2.47489 -5.55174e-20 
0.930784 2.18545 -2.44011e-20 
0.483013 1.43269 0 
0.459223 1.09614 9.31572e-20 
0.551024 1.19823 0 
0.835897 0.217975 0 
0.808274 0.181076 0 
0.772468 0.193655 0 
0.830469 0.218857 -3.11262e-19 
0.785983 0.219996 1.91302e-19 
0.93066 0.0530353 -1.65406e-19 
0.93835 0.101722 0 
0.923026 0.103856 7.88515e-20 
0.885551 0.0777129 3.23397e-19 
0.886601 0.0578658 -1.99331e-19 
1.16377 3.38274 -9.93303e-19 
1.20897 3.30449 0 
1.16582 3.4062 -1.94902e-18 
0.655859 3.56616 1.67535e-18 
0.883797 3.12443 3.95128e-19 
0.494956 0.861031 2.0201e-19 
0.442782 0.838506 0 
0.344757 0.5683 -7.93096e-20 
0.406133 0.687206 3.56459e-19 
0.510622 0.546431 -1.0835e-19 
0.496321 0.566578 1.22328e-19 
0.619499 0.542629 2.6132e-19 
0.635563 0.554839 0 
0.586934 0.628588 0 
0.552849 0.565512 0 
0.91226 0.581029 -5.33763e-20 
0.83205 0.518038 -1.8527e-19 
0.859406 0.558821 8.69313e-20 
0.899728 0.493734 -1.33621e-19 
1.00656 0.463188 0 
1.01305 0.547015 -5.43684e-21 
0.821487 0.364533 -3.90724e-19 
0.828593 0.351264 -4.48371e-19 
0.810538 0.36758 3.06001e-19 
0.803984 0.333113 -3.48302e-19 
0.832355 0.295852 -2.60198e-19 
0.803771 0.298096 3.18357e-19 
1.03815 0.0018596 -1.74533e-19 
1.03949 0.00281479 3.54773e-19 
1.02717 -0.00190876 2.17173e-19 
1.03295 0.00270607 -2.58883e-19 
1.03195 0.0151351 0 
1.03528 0.0115151 -4.26526e-19 
-0.146717 1.86705 3.04773e-20 
-0.163236 1.86305 0 
-0.22754 1.93378 1.63552e-20 
-0.254539 1.96226 -1.54887e-21 
-0.2787 1.91495 -3.43064e-20 
-0.238781 1.90206 0 
-0.0194072 1.81008 0 
-0.0248555 1.79926 -8.74381e-21 
-0.0243147 1.79489 7.79989e-21 
-0.0230831 1.79536 1.98682e-21 
-0.0196172 1.8069 -1.56518e-20 
-0.0178652 1.80936 1.01815e-20 
0.58787 1.42444 3.87445e-19 
0.625094 1.47156 -4.1404e-19 
0.630556 1.27449 4.98336e-19 
0.754535 1.4132 -2.65209e-20 
0.644615 1.28117 0 
0.613951 1.30601 5.61654e-19 
0.615587 1.33078 -5.54319e-19 
0.606175 1.24059 -4.87626e-19 
0.637352 1.26453 0 
0.592015 1.26486 0 
0.799217 2.52042 -1.52841e-20 
0.759302 2.52304 3.92506e-19 
0.819438 2.53865 -2.66393e-19 
0.719237 2.54616 -1.08837e-19 
0.590984 2.71264 -5.12613e-21 
0.4724 2.74673 -1.1826e-19 
0.951442 2.31157 -1.92824e-19 
0.982906 2.35672 0 
0.861172 2.07443 -2.06576e-19 
1.0284 2.6987 0 
1.01211 2.67104 0 
0.632805 2.28469 2.74476e-19 
1.04259 3.18075 5.03374e-19 
0.920773 3.04667 -4.57121e-19 
0.291469 0.975706 0 
0.346581 0.850698 -1.45069e-19 
0.497008 0.778268 -5.35244e-20 
0.429919 2.05472 0 
0.47162 2.7882 -2.74915e-19 
0.441987 2.55751 0 
0.63374 0.68727 -2.8755e-19 
0.709964 0.674263 3.74522e-19 
0.735245 0.619366 -3.64997e-19 
0.605877 0.644517 -4.39495e-20 
0.669555 0.596431 -1.82419e-19 
1.00922 2.7974 -3.82502e-19 
1.02715 2.85568 3.33983e-19 
0.673114 2.22516 -2.69054e-20 
0.593964 1.73147 -1.42747e-20 
0.710425 1.95486 1.94288e-19 
0.985343 2.50088 -3.70074e-20 
0.985925 2.5202 -2.23599e-19 
0.693274 1.89982 -9.75319e-21 
0.454868 1.35274 -1.27595e-19 
))
(300 (2 10 3 0 0 919 1018)(
0 0 0 
0 0 0 
0 0 0 
0 0 0 
0 0 0 
0 0 0 
0 0 0 
0 0 0 
0 0 0 
0 0 0 
0 0 0 
0 0 0 
0 0 0 
0 0 0 
0 0 0 
0 0 0 
0 0 0 
0 0 0 
0 0 0 
0 0 0 
0 0 0 
0 0 0 
0 0 0 
0 0 0 
0 0 0 
0 0 0 
0 0 0 
0 0 0 
0 0 0 
0 0 0 
0 0 0 
0 0 0 
0 0 0 
0 0 0 
0 0 0 
0 0 0 
0 0 0 
0 0 0 
0 0 0 
0 0 0 
0 0 0 
0 0 0 
0 0 0 
0 0 0 
0 0 0 
0 0 0 
0 0 0 
0 0 0 
0 0 0 
0 0 0 
0 0 0 
0 0 0 
0 0 0 
0 0 0 
0 0 0 
0 0 0 
0 0 0 
0 0 0 
0 0 0 
0 0 0 
0 0 0 
0 0 0 
0 0 0 
0 0 0 
0 0 0 
0 0 0 
0 0 0 
0 0 0 
0 0 0 
0 0 0 
0 0 0 
0 0 0 
0 0 0 
0 0 0 
0 0 0 
0 0 0 
0 0 0 
0 0 0 
0 0 0 
0 0 0 
0 0 0 
0 0 0 
0 0 0 
0 0 0 
0 0 0 
0 0 0 
0 0 0 
0 0 0 
0 0 0 
0 0 0 
0 0 0 
0 0 0 
0 0 0 
0 0 0 
0 0 0 
0 0 0 
0 0 0 
0 0 0 
0 0 0 
0 0 0 
))
(300 (2 11 3 0 0 1019 1026)(
1 0 0 
1 0 0 
1 0 0 
1 0 0 
1 0 0 
1 0 0 
1 0 0 
1 0 0 
))
(300 (2 12 3 0 0 1027 1030)(
0 3 0 
0 3 0 
0 3 0 
0 3 0 
))
(300 (2 13 3 0 0 1031 1038)(
-0.00428439 1.64052 0 
0.000417619 1.60297 1.51448e-21 
-0.0115373 1.76453 0 
0.00189109 1.80737 0 
-0.00897643 1.78896 0 
-0.00653753 1.80817 0 
-0.00971349 1.79065 0 
-0.00408196 1.79005 0 
))
(300 (2 14 3 0 0 1039 1072)(
0 0 0 
0 0 0 
0 0 0 
0 0 0 
0 0 0 
0 0 0 
0 0 0 
0 0 0 
0 0 0 
0 0 0 
0 0 0 
0 0 0 
0 0 0 
0 0 0 
0 0 0 
0 0 0 
0 0 0 
0 0 0 
0 0 0 
0 0 0 
0 0 0 
0 0 0 
0 0 0 
0 0 0 
0 0 0 
0 0 0 
0 0 0 
0 0 0 
0 0 0 
0 0 0 
0 0 0 
0 0 0 
0 0 0 
0 0 0 
))
(300 (2 15 3 0 0 1073 1072)(
))
