(0 "FOAM to Fluent data File")

(33 (918 3444 1074))
(300 (1 1 1 0 0 1 918)(
0.227493
0.900014
0.0122963
0.226811
-0.00851522
0.867116
-0.833278
0.403511
0.207583
-0.414564
-0.428307
0.199039
0.727518
0.494335
-1.45912
-0.134552
0.357695
-0.709943
0.206563
-0.0306851
0.458986
0.214217
0.217258
0.207853
0.269027
0.480152
0.608077
0.013633
0.00563299
0.00203588
-0.00683167
-0.0410232
-0.0500066
0.750754
0.801849
0.824513
0.176454
0.00254461
-0.687337
-0.761276
-0.749813
-0.87954
0.395218
0.399762
-0.494363
0.404162
0.416724
0.194982
0.206916
0.207846
0.208976
0.207887
0.209295
0.100458
-0.420707
-0.457594
-0.398782
-0.395879
-0.216296
-0.448585
-0.437658
-0.412509
-0.37146
0.130366
0.196164
0.193035
0.203614
0.211856
0.839562
0.811465
0.837608
0.751284
0.767811
0.705478
0.678025
0.514554
0.535881
0.479617
0.469343
-1.90221
-2.87536
-0.857667
-0.600273
-0.00165195
-0.169442
-0.197819
0.346925
0.350229
0.356423
0.370468
0.753523
-0.703743
-0.848042
0.206635
0.205437
0.21396
0.214651
0.210659
0.209759
-0.0521653
-0.0940849
-0.013308
-0.0176251
-0.0219228
0.443806
0.438548
0.208413
0.205457
0.219494
0.242154
0.231499
-0.028131
0.277069
0.296118
0.293908
0.466849
0.462167
0.470585
0.581521
0.544654
0.645489
0.668688
0.00300013
0.00409502
-0.118921
-0.0633888
-0.082636
0.172614
0.165744
0.190612
0.179733
0.181972
-0.0818508
-0.217994
0.087857
0.110751
-0.596306
-0.661737
-0.768839
-0.783168
-0.891021
0.243511
0.386121
0.388434
-0.511057
-0.430284
-0.572171
-0.35644
-0.422852
0.185372
0.192319
0.187355
0.202664
0.197204
0.199149
0.211213
0.208286
0.209837
0.164588
0.285918
0.0335944
0.0109445
-0.568477
-0.471363
-0.556878
-0.383576
-0.38825
-0.213453
-0.185621
-0.231837
-0.237112
-0.396678
-0.425545
-0.407055
-0.335867
-0.279052
0.123234
0.113199
0.141482
0.148229
0.187845
0.188991
0.190961
0.18992
0.62879
0.651065
0.658642
0.632486
-3.88749
-6.71315
-0.267015
-0.125447
-0.000855904
0.00344348
0.00109653
0.00672908
0.00289694
-0.00391779
-0.282186
-0.27933
-0.235422
-0.257208
0.331975
0.333454
0.669688
0.660882
0.65483
0.607371
0.194776
0.196938
0.20245
0.198302
-0.229926
-0.137647
-0.177079
0.414007
0.428527
0.426134
-0.0636503
-0.148944
0.0179547
0.0451051
0.318176
0.301142
0.317614
0.355749
0.392833
0.676124
0.694461
0.6927
0.701246
0.745338
0.761795
0.727044
0.153493
0.162989
0.158044
0.193944
0.191491
0.192561
0.187648
0.189276
0.186867
-0.371784
-0.759128
0.169138
0.191211
0.156304
0.172755
0.3209
0.394113
0.367572
0.378813
0.380151
-0.289794
-0.351599
-0.0376467
-0.0806073
0.0699695
0.102263
0.0849308
0.599801
0.560516
0.610438
0.583815
0.545359
0.570786
-0.710839
-2.23956
-1.3423
0.235119
0.0430154
0.132866
-0.242394
-0.277194
-0.271625
0.646006
0.727066
0.342705
0.503897
0.516102
0.433477
0.464478
0.517578
0.443111
0.477621
0.513141
0.495223
0.203205
0.178296
0.17268
0.465052
0.520617
-0.17642
-0.228635
-0.278032
-0.179347
-0.138221
-0.146012
0.695342
0.581787
0.657646
0.205184
0.205867
-0.00205495
-0.00723646
0.209976
0.210057
-0.00275971
-0.0225257
0.11517
-1.16886
-0.187913
0.198351
0.188844
0.205524
-0.404802
0.0615321
-0.463397
-0.258459
-0.306301
0.196256
0.139503
0.1047
0.00901078
-0.107858
-0.0753894
-0.52126
0.202833
0.20117
0.20502
0.206054
0.206696
-0.000494089
-0.0101563
-0.00208939
-0.0588917
-0.0233828
-0.0232675
0.170822
0.187088
-0.482873
0.205205
0.207314
0.207161
0.200182
0.206003
0.204109
-0.0753883
-0.0445843
-0.0976225
-0.0774289
0.0388367
0.3678
0.468836
0.328325
0.0995605
-0.142845
0.26476
0.332431
0.231891
0.394794
0.375453
0.393175
-0.127208
-0.27437
-0.119495
-0.173667
0.196349
0.194982
0.187061
0.184201
0.200432
0.198464
0.203133
0.19994
0.202972
0.204375
-0.357652
-0.387293
-0.398237
-0.462478
0.0213399
0.277132
-0.04736
-0.0151065
-0.152989
-0.493222
-0.427846
-0.461145
-0.434725
-0.454852
-0.315987
-0.284793
-0.253475
-0.333073
-0.37909
-0.502624
-0.401523
-0.413474
0.190457
0.18938
0.195581
0.202561
0.148487
0.151801
0.120897
0.138993
0.124495
0.070965
0.104023
0.0803828
0.00122728
0.0107646
0.00582784
-0.120484
-0.224565
-0.0477257
-0.013748
-0.0141204
-0.0270647
-0.0343137
-0.118084
-0.143942
-0.481511
-0.59933
0.652054
0.600313
-0.205247
0.192042
0.198472
0.195276
0.19999
0.203087
0.203942
0.201723
0.198353
0.187787
0.189659
0.185688
0.186108
-0.426027
-0.560641
-0.383345
-0.450038
-0.191888
0.308152
0.0515465
-0.00771373
-0.0123723
0.202307
0.605304
0.407426
0.418372
0.443282
-0.668286
-0.267291
-0.599665
0.0219278
-0.157359
0.364488
0.416745
0.440742
0.386314
0.336201
-0.444783
0.212503
-0.368838
-0.325711
-0.136333
-0.238981
0.408078
0.359657
0.366775
0.381028
0.400697
0.364273
0.342909
0.340448
0.376195
0.381216
0.175063
-0.0453721
-0.090427
-0.127165
0.340556
0.215652
0.271459
0.188324
0.191149
0.194027
0.19256
0.175642
0.18275
0.178665
0.183886
0.186861
0.196259
0.196712
0.191928
0.194381
-0.373576
-0.376628
-0.335331
-0.445422
-0.438486
-0.484618
-0.377686
-0.243647
-0.278519
-0.0896831
0.0232344
-0.273104
-0.385424
-0.352529
-0.325521
-0.142543
-0.122014
-0.214582
-0.134893
-0.125158
-0.146711
-0.0452997
-0.044418
-0.480616
-0.440972
-0.417043
-0.461565
-0.300769
-0.202334
-0.19249
-0.487476
-0.591929
-0.410492
-0.339372
-0.338235
-0.379229
-0.397886
-0.311094
-0.103933
-0.120884
-0.183457
-0.405843
-0.313256
-0.359934
0.18596
0.187426
0.187497
0.198646
0.210121
0.225259
0.191505
0.168709
0.160413
0.163516
0.138836
0.148383
0.143619
0.156481
0.175787
0.18244
0.182191
0.184224
0.168917
0.170089
0.158215
0.161299
0.139075
0.122252
0.111415
-0.0512913
-0.0313327
-0.0484992
-0.0636068
-0.00985925
-0.0272948
-0.313193
-0.209489
-0.26721
-0.230503
-0.346312
-0.0511807
-0.0692119
-0.394594
-0.318844
-0.509903
-0.538784
-0.609719
0.563097
0.66997
0.492626
0.278493
0.282086
0.506889
0.604211
0.242368
0.412253
0.443411
0.214183
0.485966
0.196973
0.196422
0.19397
0.193481
0.19503
-0.343007
-0.243904
-0.224872
-0.177246
-0.0613698
0.0542837
-0.0387856
-0.165176
-0.0248638
-0.0138732
0.303213
0.3198
0.264122
0.289366
0.288596
0.115381
0.190529
0.245626
0.200586
0.244418
0.26642
0.227162
0.256908
0.205092
0.163153
0.162051
0.108832
0.129242
0.107164
0.0892978
0.186889
0.16588
0.175486
0.167503
0.187174
0.214941
0.210292
0.236066
0.24814
0.17245
0.134911
0.143695
0.170646
0.133163
0.145911
0.160305
-0.121564
-0.220323
-0.132937
-0.426608
-0.337362
-0.352869
-0.39876
-0.359943
-0.0729799
-0.775972
-0.744477
-1.38236
0.148558
0.631323
0.365172
0.338089
0.398497
0.375396
0.379304
0.407244
0.413736
0.33082
0.350849
0.352633
0.302908
0.329748
0.355394
0.353203
0.184064
0.066872
0.0582993
0.0198967
-0.101155
-0.0704952
0.131087
0.0538986
-0.0176779
-0.012953
0.150568
0.0423165
0.106828
0.144539
0.0787964
0.0358097
0.231986
0.299839
0.290484
0.265289
0.180238
0.191676
0.21843
0.254841
0.281113
0.316284
0.183821
0.189282
0.190536
0.188124
0.185645
0.188392
0.188311
0.190839
0.19181
0.194764
0.193645
-0.407839
-0.394054
-0.363212
-0.387616
-0.322468
-0.326028
-0.283721
-0.296322
-0.326279
-0.314376
-0.344072
-0.357616
-0.363959
-0.353131
-0.201712
-0.194526
-0.225302
-0.25466
-0.0687472
0.0605091
0.121746
0.00919606
-0.0961587
-0.0775275
-0.0441516
-0.3236
-0.334185
-0.37136
-0.277032
-0.265211
-0.49809
-0.46223
-0.466093
-0.597285
-0.513964
-0.372667
-0.198024
-0.239783
-0.29069
-0.286027
-0.228113
0.170556
0.164614
0.166366
0.160921
0.15988
0.172857
0.176833
0.178514
0.183043
0.184533
0.176643
0.180752
0.184025
-0.243966
-0.114881
-0.164375
-0.219386
-0.147675
-0.102346
-0.134028
-0.217742
-0.283478
-0.274834
-0.323428
-0.444413
-0.388153
0.134506
0.124284
0.143297
0.359619
0.21467
0.130328
0.217934
0.321964
-0.0744744
0.126888
-0.0428168
0.536892
0.424497
0.566454
0.19911
-0.105246
0.0455485
0.100793
-0.0984991
-0.0268524
-0.00237884
-0.112717
-0.08271
-0.0542949
0.0474204
-0.0760611
-0.105737
-0.352024
-0.168955
-0.0372939
-0.0595799
0.0741006
0.138648
-0.091245
-0.167692
-0.209041
0.293495
0.314393
0.333087
0.302528
0.326099
0.24958
0.240182
0.25903
0.269035
0.262775
-1.11132
-0.820743
-1.76133
-1.06807
-0.622549
0.182621
0.135919
0.429561
0.315888
0.393498
0.375309
0.331214
0.294997
0.304616
0.340916
0.043338
0.151331
0.125704
0.133343
0.0375953
-0.0299763
0.268608
0.262042
0.299384
0.323952
0.290274
0.324471
0.181809
0.181357
0.18068
0.177471
0.175696
0.177936
-0.242862
-0.279612
-0.238595
-0.252107
-0.272111
-0.292158
-0.384429
-0.363301
-0.284366
-0.2751
-0.285047
-0.34237
-0.185373
-0.240877
-0.308062
-0.282275
-0.337026
-0.401873
-0.420743
-0.322613
-0.235985
-0.242247
0.0610946
0.312531
0.138703
0.3089
0.147264
0.204837
0.14324
0.141044
0.175021
0.0374727
0.111707
-0.130911
-0.632599
-0.539533
0.441061
0.46158
0.249145
0.0556934
-0.171029
0.0246897
0.213659
0.152258
0.192769
0.260324
0.254315
-0.342963
-0.268909
-0.0320491
0.195034
-0.113838
-0.120776
-0.125536
0.0383668
-0.0323405
))
(300 (1 10 1 0 0 919 1018)(
0.227493
0.900014
0.0122963
0.226811
0.867116
-0.833278
0.403511
-0.414564
-0.428307
0.199039
0.727518
0.494335
-1.45912
0.357695
-0.709943
0.206563
-0.0306851
0.458986
0.207853
0.269027
0.480152
0.608077
0.013633
0.750754
0.176454
-0.761276
-0.87954
0.399762
-0.494363
0.416724
0.194982
-0.457594
-0.395879
-0.437658
-0.37146
0.130366
0.193035
0.211856
0.767811
0.678025
0.535881
0.469343
-2.87536
-0.600273
0.350229
0.370468
-0.848042
0.205437
0.209759
-0.0940849
-0.0219228
0.438548
0.205457
0.231499
-0.028131
0.296118
0.293908
0.470585
0.544654
0.668688
0.165744
0.190612
0.181972
-0.661737
-0.891021
0.388434
-0.572171
-0.422852
0.187355
0.199149
-0.556878
-0.38825
-0.407055
-0.279052
0.113199
0.148229
0.187845
0.18992
0.632486
-0.125447
0.333454
0.194776
0.198302
-0.177079
0.426134
-0.148944
0.0451051
0.317614
0.392833
0.701246
0.158044
0.192561
0.186867
0.380151
-0.351599
0.0849308
0.583815
0.132866
0.477621
-0.278032
))
(300 (1 11 1 0 0 919 926)(
0.227493
0.226811
0.207583
0.214217
0.207846
0.209295
0.21396
0.209837
))
(300 (1 12 1 0 0 919 922)(
0.900014
0.867116
0.824513
0.837608
))
(300 (1 13 1 0 0 919 926)(
0
0
0
0
0
0
0
0
))
(300 (1 14 1 0 0 919 952)(
-0.00851522
-0.134552
-0.0500066
0.00254461
0.100458
-0.216296
-0.197819
0.753523
-0.082636
-0.217994
0.110751
0.243511
0.285918
0.0109445
-0.185621
-0.237112
-6.71315
-0.282186
-0.257208
0.660882
0.607371
-0.759128
0.169138
0.172755
0.394113
-0.0806073
-1.3423
-0.271625
0.727066
0.516102
0.17268
0.520617
-0.146012
0.657646
))
(300 (1 15 1 0 0 919 2754)(
0.227493
0.227493
0.900014
0.900014
0.0122963
0.0122963
0.226811
0.226811
-0.00851522
-0.00851522
0.867116
0.867116
-0.833278
-0.833278
0.403511
0.403511
0.207583
0.207583
-0.414564
-0.414564
-0.428307
-0.428307
0.199039
0.199039
0.727518
0.727518
0.494335
0.494335
-1.45912
-1.45912
-0.134552
-0.134552
0.357695
0.357695
-0.709943
-0.709943
0.206563
0.206563
-0.0306851
-0.0306851
0.458986
0.458986
0.214217
0.214217
0.217258
0.217258
0.207853
0.207853
0.269027
0.269027
0.480152
0.480152
0.608077
0.608077
0.013633
0.013633
0.00563299
0.00563299
0.00203588
0.00203588
-0.00683167
-0.00683167
-0.0410232
-0.0410232
-0.0500066
-0.0500066
0.750754
0.750754
0.801849
0.801849
0.824513
0.824513
0.176454
0.176454
0.00254461
0.00254461
-0.687337
-0.687337
-0.761276
-0.761276
-0.749813
-0.749813
-0.87954
-0.87954
0.395218
0.395218
0.399762
0.399762
-0.494363
-0.494363
0.404162
0.404162
0.416724
0.416724
0.194982
0.194982
0.206916
0.206916
0.207846
0.207846
0.208976
0.208976
0.207887
0.207887
0.209295
0.209295
0.100458
0.100458
-0.420707
-0.420707
-0.457594
-0.457594
-0.398782
-0.398782
-0.395879
-0.395879
-0.216296
-0.216296
-0.448585
-0.448585
-0.437658
-0.437658
-0.412509
-0.412509
-0.37146
-0.37146
0.130366
0.130366
0.196164
0.196164
0.193035
0.193035
0.203614
0.203614
0.211856
0.211856
0.839562
0.839562
0.811465
0.811465
0.837608
0.837608
0.751284
0.751284
0.767811
0.767811
0.705478
0.705478
0.678025
0.678025
0.514554
0.514554
0.535881
0.535881
0.479617
0.479617
0.469343
0.469343
-1.90221
-1.90221
-2.87536
-2.87536
-0.857667
-0.857667
-0.600273
-0.600273
-0.00165195
-0.00165195
-0.169442
-0.169442
-0.197819
-0.197819
0.346925
0.346925
0.350229
0.350229
0.356423
0.356423
0.370468
0.370468
0.753523
0.753523
-0.703743
-0.703743
-0.848042
-0.848042
0.206635
0.206635
0.205437
0.205437
0.21396
0.21396
0.214651
0.214651
0.210659
0.210659
0.209759
0.209759
-0.0521653
-0.0521653
-0.0940849
-0.0940849
-0.013308
-0.013308
-0.0176251
-0.0176251
-0.0219228
-0.0219228
0.443806
0.443806
0.438548
0.438548
0.208413
0.208413
0.205457
0.205457
0.219494
0.219494
0.242154
0.242154
0.231499
0.231499
-0.028131
-0.028131
0.277069
0.277069
0.296118
0.296118
0.293908
0.293908
0.466849
0.466849
0.462167
0.462167
0.470585
0.470585
0.581521
0.581521
0.544654
0.544654
0.645489
0.645489
0.668688
0.668688
0.00300013
0.00300013
0.00409502
0.00409502
-0.118921
-0.118921
-0.0633888
-0.0633888
-0.082636
-0.082636
0.172614
0.172614
0.165744
0.165744
0.190612
0.190612
0.179733
0.179733
0.181972
0.181972
-0.0818508
-0.0818508
-0.217994
-0.217994
0.087857
0.087857
0.110751
0.110751
-0.596306
-0.596306
-0.661737
-0.661737
-0.768839
-0.768839
-0.783168
-0.783168
-0.891021
-0.891021
0.243511
0.243511
0.386121
0.386121
0.388434
0.388434
-0.511057
-0.511057
-0.430284
-0.430284
-0.572171
-0.572171
-0.35644
-0.35644
-0.422852
-0.422852
0.185372
0.185372
0.192319
0.192319
0.187355
0.187355
0.202664
0.202664
0.197204
0.197204
0.199149
0.199149
0.211213
0.211213
0.208286
0.208286
0.209837
0.209837
0.164588
0.164588
0.285918
0.285918
0.0335944
0.0335944
0.0109445
0.0109445
-0.568477
-0.568477
-0.471363
-0.471363
-0.556878
-0.556878
-0.383576
-0.383576
-0.38825
-0.38825
-0.213453
-0.213453
-0.185621
-0.185621
-0.231837
-0.231837
-0.237112
-0.237112
-0.396678
-0.396678
-0.425545
-0.425545
-0.407055
-0.407055
-0.335867
-0.335867
-0.279052
-0.279052
0.123234
0.123234
0.113199
0.113199
0.141482
0.141482
0.148229
0.148229
0.187845
0.187845
0.188991
0.188991
0.190961
0.190961
0.18992
0.18992
0.62879
0.62879
0.651065
0.651065
0.658642
0.658642
0.632486
0.632486
-3.88749
-3.88749
-6.71315
-6.71315
-0.267015
-0.267015
-0.125447
-0.125447
-0.000855904
-0.000855904
0.00344348
0.00344348
0.00109653
0.00109653
0.00672908
0.00672908
0.00289694
0.00289694
-0.00391779
-0.00391779
-0.282186
-0.282186
-0.27933
-0.27933
-0.235422
-0.235422
-0.257208
-0.257208
0.331975
0.331975
0.333454
0.333454
0.669688
0.669688
0.660882
0.660882
0.65483
0.65483
0.607371
0.607371
0.194776
0.194776
0.196938
0.196938
0.20245
0.20245
0.198302
0.198302
-0.229926
-0.229926
-0.137647
-0.137647
-0.177079
-0.177079
0.414007
0.414007
0.428527
0.428527
0.426134
0.426134
-0.0636503
-0.0636503
-0.148944
-0.148944
0.0179547
0.0179547
0.0451051
0.0451051
0.318176
0.318176
0.301142
0.301142
0.317614
0.317614
0.355749
0.355749
0.392833
0.392833
0.676124
0.676124
0.694461
0.694461
0.6927
0.6927
0.701246
0.701246
0.745338
0.745338
0.761795
0.761795
0.727044
0.727044
0.153493
0.153493
0.162989
0.162989
0.158044
0.158044
0.193944
0.193944
0.191491
0.191491
0.192561
0.192561
0.187648
0.187648
0.189276
0.189276
0.186867
0.186867
-0.371784
-0.371784
-0.759128
-0.759128
0.169138
0.169138
0.191211
0.191211
0.156304
0.156304
0.172755
0.172755
0.3209
0.3209
0.394113
0.394113
0.367572
0.367572
0.378813
0.378813
0.380151
0.380151
-0.289794
-0.289794
-0.351599
-0.351599
-0.0376467
-0.0376467
-0.0806073
-0.0806073
0.0699695
0.0699695
0.102263
0.102263
0.0849308
0.0849308
0.599801
0.599801
0.560516
0.560516
0.610438
0.610438
0.583815
0.583815
0.545359
0.545359
0.570786
0.570786
-0.710839
-0.710839
-2.23956
-2.23956
-1.3423
-1.3423
0.235119
0.235119
0.0430154
0.0430154
0.132866
0.132866
-0.242394
-0.242394
-0.277194
-0.277194
-0.271625
-0.271625
0.646006
0.646006
0.727066
0.727066
0.342705
0.342705
0.503897
0.503897
0.516102
0.516102
0.433477
0.433477
0.464478
0.464478
0.517578
0.517578
0.443111
0.443111
0.477621
0.477621
0.513141
0.513141
0.495223
0.495223
0.203205
0.203205
0.178296
0.178296
0.17268
0.17268
0.465052
0.465052
0.520617
0.520617
-0.17642
-0.17642
-0.228635
-0.228635
-0.278032
-0.278032
-0.179347
-0.179347
-0.138221
-0.138221
-0.146012
-0.146012
0.695342
0.695342
0.581787
0.581787
0.657646
0.657646
0.205184
0.205184
0.205867
0.205867
-0.00205495
-0.00205495
-0.00723646
-0.00723646
0.209976
0.209976
0.210057
0.210057
-0.00275971
-0.00275971
-0.0225257
-0.0225257
0.11517
0.11517
-1.16886
-1.16886
-0.187913
-0.187913
0.198351
0.198351
0.188844
0.188844
0.205524
0.205524
-0.404802
-0.404802
0.0615321
0.0615321
-0.463397
-0.463397
-0.258459
-0.258459
-0.306301
-0.306301
0.196256
0.196256
0.139503
0.139503
0.1047
0.1047
0.00901078
0.00901078
-0.107858
-0.107858
-0.0753894
-0.0753894
-0.52126
-0.52126
0.202833
0.202833
0.20117
0.20117
0.20502
0.20502
0.206054
0.206054
0.206696
0.206696
-0.000494089
-0.000494089
-0.0101563
-0.0101563
-0.00208939
-0.00208939
-0.0588917
-0.0588917
-0.0233828
-0.0233828
-0.0232675
-0.0232675
0.170822
0.170822
0.187088
0.187088
-0.482873
-0.482873
0.205205
0.205205
0.207314
0.207314
0.207161
0.207161
0.200182
0.200182
0.206003
0.206003
0.204109
0.204109
-0.0753883
-0.0753883
-0.0445843
-0.0445843
-0.0976225
-0.0976225
-0.0774289
-0.0774289
0.0388367
0.0388367
0.3678
0.3678
0.468836
0.468836
0.328325
0.328325
0.0995605
0.0995605
-0.142845
-0.142845
0.26476
0.26476
0.332431
0.332431
0.231891
0.231891
0.394794
0.394794
0.375453
0.375453
0.393175
0.393175
-0.127208
-0.127208
-0.27437
-0.27437
-0.119495
-0.119495
-0.173667
-0.173667
0.196349
0.196349
0.194982
0.194982
0.187061
0.187061
0.184201
0.184201
0.200432
0.200432
0.198464
0.198464
0.203133
0.203133
0.19994
0.19994
0.202972
0.202972
0.204375
0.204375
-0.357652
-0.357652
-0.387293
-0.387293
-0.398237
-0.398237
-0.462478
-0.462478
0.0213399
0.0213399
0.277132
0.277132
-0.04736
-0.04736
-0.0151065
-0.0151065
-0.152989
-0.152989
-0.493222
-0.493222
-0.427846
-0.427846
-0.461145
-0.461145
-0.434725
-0.434725
-0.454852
-0.454852
-0.315987
-0.315987
-0.284793
-0.284793
-0.253475
-0.253475
-0.333073
-0.333073
-0.37909
-0.37909
-0.502624
-0.502624
-0.401523
-0.401523
-0.413474
-0.413474
0.190457
0.190457
0.18938
0.18938
0.195581
0.195581
0.202561
0.202561
0.148487
0.148487
0.151801
0.151801
0.120897
0.120897
0.138993
0.138993
0.124495
0.124495
0.070965
0.070965
0.104023
0.104023
0.0803828
0.0803828
0.00122728
0.00122728
0.0107646
0.0107646
0.00582784
0.00582784
-0.120484
-0.120484
-0.224565
-0.224565
-0.0477257
-0.0477257
-0.013748
-0.013748
-0.0141204
-0.0141204
-0.0270647
-0.0270647
-0.0343137
-0.0343137
-0.118084
-0.118084
-0.143942
-0.143942
-0.481511
-0.481511
-0.59933
-0.59933
0.652054
0.652054
0.600313
0.600313
-0.205247
-0.205247
0.192042
0.192042
0.198472
0.198472
0.195276
0.195276
0.19999
0.19999
0.203087
0.203087
0.203942
0.203942
0.201723
0.201723
0.198353
0.198353
0.187787
0.187787
0.189659
0.189659
0.185688
0.185688
0.186108
0.186108
-0.426027
-0.426027
-0.560641
-0.560641
-0.383345
-0.383345
-0.450038
-0.450038
-0.191888
-0.191888
0.308152
0.308152
0.0515465
0.0515465
-0.00771373
-0.00771373
-0.0123723
-0.0123723
0.202307
0.202307
0.605304
0.605304
0.407426
0.407426
0.418372
0.418372
0.443282
0.443282
-0.668286
-0.668286
-0.267291
-0.267291
-0.599665
-0.599665
0.0219278
0.0219278
-0.157359
-0.157359
0.364488
0.364488
0.416745
0.416745
0.440742
0.440742
0.386314
0.386314
0.336201
0.336201
-0.444783
-0.444783
0.212503
0.212503
-0.368838
-0.368838
-0.325711
-0.325711
-0.136333
-0.136333
-0.238981
-0.238981
0.408078
0.408078
0.359657
0.359657
0.366775
0.366775
0.381028
0.381028
0.400697
0.400697
0.364273
0.364273
0.342909
0.342909
0.340448
0.340448
0.376195
0.376195
0.381216
0.381216
0.175063
0.175063
-0.0453721
-0.0453721
-0.090427
-0.090427
-0.127165
-0.127165
0.340556
0.340556
0.215652
0.215652
0.271459
0.271459
0.188324
0.188324
0.191149
0.191149
0.194027
0.194027
0.19256
0.19256
0.175642
0.175642
0.18275
0.18275
0.178665
0.178665
0.183886
0.183886
0.186861
0.186861
0.196259
0.196259
0.196712
0.196712
0.191928
0.191928
0.194381
0.194381
-0.373576
-0.373576
-0.376628
-0.376628
-0.335331
-0.335331
-0.445422
-0.445422
-0.438486
-0.438486
-0.484618
-0.484618
-0.377686
-0.377686
-0.243647
-0.243647
-0.278519
-0.278519
-0.0896831
-0.0896831
0.0232344
0.0232344
-0.273104
-0.273104
-0.385424
-0.385424
-0.352529
-0.352529
-0.325521
-0.325521
-0.142543
-0.142543
-0.122014
-0.122014
-0.214582
-0.214582
-0.134893
-0.134893
-0.125158
-0.125158
-0.146711
-0.146711
-0.0452997
-0.0452997
-0.044418
-0.044418
-0.480616
-0.480616
-0.440972
-0.440972
-0.417043
-0.417043
-0.461565
-0.461565
-0.300769
-0.300769
-0.202334
-0.202334
-0.19249
-0.19249
-0.487476
-0.487476
-0.591929
-0.591929
-0.410492
-0.410492
-0.339372
-0.339372
-0.338235
-0.338235
-0.379229
-0.379229
-0.397886
-0.397886
-0.311094
-0.311094
-0.103933
-0.103933
-0.120884
-0.120884
-0.183457
-0.183457
-0.405843
-0.405843
-0.313256
-0.313256
-0.359934
-0.359934
0.18596
0.18596
0.187426
0.187426
0.187497
0.187497
0.198646
0.198646
0.210121
0.210121
0.225259
0.225259
0.191505
0.191505
0.168709
0.168709
0.160413
0.160413
0.163516
0.163516
0.138836
0.138836
0.148383
0.148383
0.143619
0.143619
0.156481
0.156481
0.175787
0.175787
0.18244
0.18244
0.182191
0.182191
0.184224
0.184224
0.168917
0.168917
0.170089
0.170089
0.158215
0.158215
0.161299
0.161299
0.139075
0.139075
0.122252
0.122252
0.111415
0.111415
-0.0512913
-0.0512913
-0.0313327
-0.0313327
-0.0484992
-0.0484992
-0.0636068
-0.0636068
-0.00985925
-0.00985925
-0.0272948
-0.0272948
-0.313193
-0.313193
-0.209489
-0.209489
-0.26721
-0.26721
-0.230503
-0.230503
-0.346312
-0.346312
-0.0511807
-0.0511807
-0.0692119
-0.0692119
-0.394594
-0.394594
-0.318844
-0.318844
-0.509903
-0.509903
-0.538784
-0.538784
-0.609719
-0.609719
0.563097
0.563097
0.66997
0.66997
0.492626
0.492626
0.278493
0.278493
0.282086
0.282086
0.506889
0.506889
0.604211
0.604211
0.242368
0.242368
0.412253
0.412253
0.443411
0.443411
0.214183
0.214183
0.485966
0.485966
0.196973
0.196973
0.196422
0.196422
0.19397
0.19397
0.193481
0.193481
0.19503
0.19503
-0.343007
-0.343007
-0.243904
-0.243904
-0.224872
-0.224872
-0.177246
-0.177246
-0.0613698
-0.0613698
0.0542837
0.0542837
-0.0387856
-0.0387856
-0.165176
-0.165176
-0.0248638
-0.0248638
-0.0138732
-0.0138732
0.303213
0.303213
0.3198
0.3198
0.264122
0.264122
0.289366
0.289366
0.288596
0.288596
0.115381
0.115381
0.190529
0.190529
0.245626
0.245626
0.200586
0.200586
0.244418
0.244418
0.26642
0.26642
0.227162
0.227162
0.256908
0.256908
0.205092
0.205092
0.163153
0.163153
0.162051
0.162051
0.108832
0.108832
0.129242
0.129242
0.107164
0.107164
0.0892978
0.0892978
0.186889
0.186889
0.16588
0.16588
0.175486
0.175486
0.167503
0.167503
0.187174
0.187174
0.214941
0.214941
0.210292
0.210292
0.236066
0.236066
0.24814
0.24814
0.17245
0.17245
0.134911
0.134911
0.143695
0.143695
0.170646
0.170646
0.133163
0.133163
0.145911
0.145911
0.160305
0.160305
-0.121564
-0.121564
-0.220323
-0.220323
-0.132937
-0.132937
-0.426608
-0.426608
-0.337362
-0.337362
-0.352869
-0.352869
-0.39876
-0.39876
-0.359943
-0.359943
-0.0729799
-0.0729799
-0.775972
-0.775972
-0.744477
-0.744477
-1.38236
-1.38236
0.148558
0.148558
0.631323
0.631323
0.365172
0.365172
0.338089
0.338089
0.398497
0.398497
0.375396
0.375396
0.379304
0.379304
0.407244
0.407244
0.413736
0.413736
0.33082
0.33082
0.350849
0.350849
0.352633
0.352633
0.302908
0.302908
0.329748
0.329748
0.355394
0.355394
0.353203
0.353203
0.184064
0.184064
0.066872
0.066872
0.0582993
0.0582993
0.0198967
0.0198967
-0.101155
-0.101155
-0.0704952
-0.0704952
0.131087
0.131087
0.0538986
0.0538986
-0.0176779
-0.0176779
-0.012953
-0.012953
0.150568
0.150568
0.0423165
0.0423165
0.106828
0.106828
0.144539
0.144539
0.0787964
0.0787964
0.0358097
0.0358097
0.231986
0.231986
0.299839
0.299839
0.290484
0.290484
0.265289
0.265289
0.180238
0.180238
0.191676
0.191676
0.21843
0.21843
0.254841
0.254841
0.281113
0.281113
0.316284
0.316284
0.183821
0.183821
0.189282
0.189282
0.190536
0.190536
0.188124
0.188124
0.185645
0.185645
0.188392
0.188392
0.188311
0.188311
0.190839
0.190839
0.19181
0.19181
0.194764
0.194764
0.193645
0.193645
-0.407839
-0.407839
-0.394054
-0.394054
-0.363212
-0.363212
-0.387616
-0.387616
-0.322468
-0.322468
-0.326028
-0.326028
-0.283721
-0.283721
-0.296322
-0.296322
-0.326279
-0.326279
-0.314376
-0.314376
-0.344072
-0.344072
-0.357616
-0.357616
-0.363959
-0.363959
-0.353131
-0.353131
-0.201712
-0.201712
-0.194526
-0.194526
-0.225302
-0.225302
-0.25466
-0.25466
-0.0687472
-0.0687472
0.0605091
0.0605091
0.121746
0.121746
0.00919606
0.00919606
-0.0961587
-0.0961587
-0.0775275
-0.0775275
-0.0441516
-0.0441516
-0.3236
-0.3236
-0.334185
-0.334185
-0.37136
-0.37136
-0.277032
-0.277032
-0.265211
-0.265211
-0.49809
-0.49809
-0.46223
-0.46223
-0.466093
-0.466093
-0.597285
-0.597285
-0.513964
-0.513964
-0.372667
-0.372667
-0.198024
-0.198024
-0.239783
-0.239783
-0.29069
-0.29069
-0.286027
-0.286027
-0.228113
-0.228113
0.170556
0.170556
0.164614
0.164614
0.166366
0.166366
0.160921
0.160921
0.15988
0.15988
0.172857
0.172857
0.176833
0.176833
0.178514
0.178514
0.183043
0.183043
0.184533
0.184533
0.176643
0.176643
0.180752
0.180752
0.184025
0.184025
-0.243966
-0.243966
-0.114881
-0.114881
-0.164375
-0.164375
-0.219386
-0.219386
-0.147675
-0.147675
-0.102346
-0.102346
-0.134028
-0.134028
-0.217742
-0.217742
-0.283478
-0.283478
-0.274834
-0.274834
-0.323428
-0.323428
-0.444413
-0.444413
-0.388153
-0.388153
0.134506
0.134506
0.124284
0.124284
0.143297
0.143297
0.359619
0.359619
0.21467
0.21467
0.130328
0.130328
0.217934
0.217934
0.321964
0.321964
-0.0744744
-0.0744744
0.126888
0.126888
-0.0428168
-0.0428168
0.536892
0.536892
0.424497
0.424497
0.566454
0.566454
0.19911
0.19911
-0.105246
-0.105246
0.0455485
0.0455485
0.100793
0.100793
-0.0984991
-0.0984991
-0.0268524
-0.0268524
-0.00237884
-0.00237884
-0.112717
-0.112717
-0.08271
-0.08271
-0.0542949
-0.0542949
0.0474204
0.0474204
-0.0760611
-0.0760611
-0.105737
-0.105737
-0.352024
-0.352024
-0.168955
-0.168955
-0.0372939
-0.0372939
-0.0595799
-0.0595799
0.0741006
0.0741006
0.138648
0.138648
-0.091245
-0.091245
-0.167692
-0.167692
-0.209041
-0.209041
0.293495
0.293495
0.314393
0.314393
0.333087
0.333087
0.302528
0.302528
0.326099
0.326099
0.24958
0.24958
0.240182
0.240182
0.25903
0.25903
0.269035
0.269035
0.262775
0.262775
-1.11132
-1.11132
-0.820743
-0.820743
-1.76133
-1.76133
-1.06807
-1.06807
-0.622549
-0.622549
0.182621
0.182621
0.135919
0.135919
0.429561
0.429561
0.315888
0.315888
0.393498
0.393498
0.375309
0.375309
0.331214
0.331214
0.294997
0.294997
0.304616
0.304616
0.340916
0.340916
0.043338
0.043338
0.151331
0.151331
0.125704
0.125704
0.133343
0.133343
0.0375953
0.0375953
-0.0299763
-0.0299763
0.268608
0.268608
0.262042
0.262042
0.299384
0.299384
0.323952
0.323952
0.290274
0.290274
0.324471
0.324471
0.181809
0.181809
0.181357
0.181357
0.18068
0.18068
0.177471
0.177471
0.175696
0.175696
0.177936
0.177936
-0.242862
-0.242862
-0.279612
-0.279612
-0.238595
-0.238595
-0.252107
-0.252107
-0.272111
-0.272111
-0.292158
-0.292158
-0.384429
-0.384429
-0.363301
-0.363301
-0.284366
-0.284366
-0.2751
-0.2751
-0.285047
-0.285047
-0.34237
-0.34237
-0.185373
-0.185373
-0.240877
-0.240877
-0.308062
-0.308062
-0.282275
-0.282275
-0.337026
-0.337026
-0.401873
-0.401873
-0.420743
-0.420743
-0.322613
-0.322613
-0.235985
-0.235985
-0.242247
-0.242247
0.0610946
0.0610946
0.312531
0.312531
0.138703
0.138703
0.3089
0.3089
0.147264
0.147264
0.204837
0.204837
0.14324
0.14324
0.141044
0.141044
0.175021
0.175021
0.0374727
0.0374727
0.111707
0.111707
-0.130911
-0.130911
-0.632599
-0.632599
-0.539533
-0.539533
0.441061
0.441061
0.46158
0.46158
0.249145
0.249145
0.0556934
0.0556934
-0.171029
-0.171029
0.0246897
0.0246897
0.213659
0.213659
0.152258
0.152258
0.192769
0.192769
0.260324
0.260324
0.254315
0.254315
-0.342963
-0.342963
-0.268909
-0.268909
-0.0320491
-0.0320491
0.195034
0.195034
-0.113838
-0.113838
-0.120776
-0.120776
-0.125536
-0.125536
0.0383668
0.0383668
-0.0323405
-0.0323405
))
(300 (2 1 3 0 0 1 918)(
0.985164 -0.000507442 0 
0.00500703 2.96625 0 
-0.0193344 1.52031 0 
0.979703 0.0021506 0 
0.000489216 1.50584 3.59433e-20 
-0.00703764 2.94879 -1.84029e-18 
0.846423 1.1871 7.33931e-19 
0.383897 0.173963 -8.89637e-21 
0.999907 -0.000289438 0 
0.0488445 0.850846 0 
-0.0341447 0.647851 0 
0.73534 -0.00997858 0 
0.011115 2.93038 0 
0.00175045 2.79499 0 
-0.0175842 3.16382 1.08492e-18 
0.0278198 1.3138 1.42685e-19 
0.487219 0.0737034 5.55367e-19 
0.191448 1.21732 6.37399e-19 
0.962939 0.00500511 0 
-0.0202124 1.12713 0 
0.11158 0.220735 -4.55635e-19 
1.00202 -0.00498468 0 
1.00021 -0.0097981 0 
0.975711 -0.00645299 0 
0.636952 -0.0421125 0 
0.0168852 2.6353 0 
-0.0151029 2.91016 6.33027e-19 
-0.0339921 1.52581 0 
-0.0482855 1.67872 0 
-0.0298934 1.52367 0 
-0.00892147 1.93986 0 
0.0218684 1.54123 -2.84174e-20 
0.0145263 1.36393 0 
-0.0206178 2.98759 -6.42473e-23 
-0.0166983 3.0053 1.43037e-18 
0.00210173 3.0002 0 
0.869982 -0.00952913 0 
0.400537 0.938645 -3.46698e-20 
0.822058 1.20658 -1.03036e-18 
0.970719 1.03965 9.65315e-19 
0.690609 1.30341 -1.70268e-19 
0.689778 1.29344 9.52077e-19 
0.423823 0.267974 8.67983e-21 
0.415897 0.158667 0 
1.15821 0.559842 0 
0.385335 0.274045 4.03304e-20 
0.335738 0.173309 -4.18556e-20 
0.919587 -0.00749712 0 
1.00028 0.000154101 0 
0.99991 0.000347516 0 
1.00363 -0.00779635 0 
1.00096 -0.000970386 0 
1.00017 1.63995e-05 0 
0.0818931 1.77856 -1.93062e-19 
0.0352628 0.986845 0 
0.102442 0.933282 0 
0.0270228 0.930291 0 
0.0394424 0.779375 0 
-0.0728837 1.89193 0 
-0.00465678 0.757521 0 
0.00603953 0.623234 0 
-0.0343422 0.790276 0 
-0.0388359 0.733732 0 
0.830517 -0.012424 0 
0.85308 0.0217621 0 
0.765647 0.00233125 0 
0.833498 0.0241242 0 
0.717532 -0.0173893 0 
0.014695 3.0004 6.73122e-19 
0.0115095 3.00795 0 
0.00612426 3.00281 0 
0.0135376 2.99734 7.49479e-24 
0.00798795 2.95847 -1.00043e-18 
0.0144931 2.98208 0 
0.0108289 2.9036 0 
0.0246272 2.93064 1.33248e-24 
0.00435827 2.82524 0 
0.0311193 2.91595 0 
-0.00575857 2.74434 0 
0.311417 3.56434 0 
-0.132278 3.64647 0 
0.141223 3.25482 -1.00966e-18 
-0.0117188 2.98766 0 
-0.0862357 1.86958 0 
0.0711594 1.48911 -1.40774e-19 
0.00900198 1.27889 1.97737e-19 
0.557213 0.156533 -1.91327e-19 
0.490134 0.0427634 -1.85097e-19 
0.536486 0.179445 -5.76694e-19 
0.474723 0.0948135 -3.88438e-19 
0.219026 0.907407 0 
0.270619 1.36032 -6.64519e-19 
0.389954 1.3114 1.09151e-18 
0.987664 0.00859168 0 
0.942172 0.00594194 0 
1.0003 0.000579698 0 
1.00286 0.00930623 0 
1.003 0.00843855 -1.06857e-18 
0.991927 0.00970045 8.0683e-19 
-0.0480237 1.23439 0 
-0.0437119 1.03784 0 
-0.0565552 1.51316 0 
-0.0391869 1.34747 0 
-0.0128758 1.22832 0 
0.165607 0.229493 1.40495e-19 
0.214659 0.206086 0 
0.993515 -0.0083769 0 
0.954358 -0.00644475 0 
0.798681 0.0286899 0 
0.76263 0.0393016 0 
0.691164 -0.0324656 0 
0.97044 -0.00368383 0 
0.700217 0.0568386 0 
0.541151 -0.0200196 7.3687e-19 
-0.0363043 2.86419 3.17673e-19 
0.0425091 2.90849 0 
0.0557366 2.88416 0 
-0.00538317 2.69808 0 
-0.0129534 2.98536 5.80086e-19 
-0.018118 2.89544 0 
-0.0153301 2.98812 -1.83887e-18 
-0.0133749 2.92525 6.35662e-19 
-0.0753528 1.74596 0 
-0.0754765 1.77721 0 
0.0525563 1.5034 3.23948e-21 
0.0356494 1.49853 0 
0.0077385 1.3397 0 
0.937285 -0.00741465 0 
0.855357 -0.00922561 0 
0.864686 0.00759763 0 
0.948678 -0.00776747 0 
0.883287 -0.00864257 0 
0.514106 1.13396 3.23293e-20 
0.565254 1.18733 0 
0.361668 0.879537 3.98704e-21 
0.304329 0.740472 0 
0.930659 1.07847 -2.79475e-19 
1.04422 0.87823 5.72262e-19 
0.384074 1.39998 0 
0.544682 1.37074 0 
0.547456 1.33111 0 
0.101346 0.164552 -1.30748e-19 
0.467089 0.253534 0 
0.451418 0.149056 1.11692e-19 
1.01425 0.932272 0 
1.08219 0.77815 0 
1.10728 0.720409 -5.02285e-19 
1.13838 0.61906 0 
1.18918 0.403849 5.7717e-20 
0.957278 -0.00866117 0 
0.962197 -0.0100861 0 
0.901249 -0.00811608 0 
0.984134 -0.00915837 0 
0.974548 -0.00942675 0 
0.936989 -0.00627037 0 
1.00017 0.0023378 0 
1.00088 0.00140903 0 
0.999912 0.000853777 0 
0.0337471 2.03355 1.30932e-19 
0.122386 1.71305 0 
0.0242423 2.13927 8.6432e-20 
0.0423377 1.85349 -8.67269e-21 
0.137159 1.2075 -5.28111e-19 
0.0464724 1.07638 0 
0.0960445 1.07647 0 
0.00426918 0.862888 0 
-0.0100588 0.720192 0 
-0.0564983 2.12488 3.1387e-21 
-0.0348536 1.94429 0 
-0.0905121 2.02 2.04167e-19 
-0.0973656 1.75798 -4.12088e-19 
0.0117619 0.828931 0 
0.0198427 0.784524 0 
0.00242175 0.666436 0 
-0.0509779 0.868481 0 
-0.0442298 0.81267 0 
0.926211 0.0097522 0 
0.840669 -0.00828366 0 
0.919477 -0.00025411 0 
0.836371 -0.0118413 0 
0.813747 0.00551595 0 
0.904099 0.0171892 0 
0.882071 0.0201474 0 
0.789258 0.00341834 0 
0.00572404 3.06475 -5.89081e-21 
0.0165534 3.05802 0 
0.0146978 2.96912 0 
0.00852152 2.87628 0 
0.930373 3.98478 0 
1.24629 3.31598 1.01539e-18 
0.0710503 3.07972 0 
-0.0269956 2.90916 0 
-0.1126 1.76821 0 
-0.117693 1.84728 0 
-0.092917 1.80755 0 
-0.0365364 1.9392 1.09697e-21 
-0.0992556 1.90004 0 
-0.062648 1.8903 0 
-0.0439846 1.42091 9.29353e-22 
0.00644266 1.5706 -2.44663e-19 
0.0554914 1.50101 -2.02177e-19 
-0.0232054 1.29689 0 
0.586667 0.124441 2.80139e-19 
0.505611 0.016276 -2.73575e-19 
0.259378 1.53749 0 
0.261547 0.679705 -2.06816e-19 
0.176022 1.62808 -6.9347e-19 
0.227228 1.15827 6.95234e-19 
0.90277 0.00664807 0 
0.967649 0.0109037 0 
0.974772 0.0108108 0 
0.923722 0.00670468 0 
-0.0659116 0.976041 0 
-0.0551134 1.10771 0 
-0.0591993 0.930923 0 
0.33164 0.266247 3.6859e-19 
0.27496 0.244125 -4.46379e-19 
0.283576 0.18842 0 
1.09745 0.0865359 -4.36191e-21 
1.08158 0.0403439 0 
1.00938 0.0408763 0 
0.906354 0.0032709 0 
0.609528 0.0956956 0 
0.6404 0.0694101 -1.18653e-18 
0.521232 0.0014063 4.53496e-19 
0.00947891 2.98152 4.05933e-19 
-0.0326726 2.86693 4.76381e-20 
0.00375778 3.05016 -1.27463e-20 
0.0200676 3.04351 4.58971e-19 
-0.0150252 2.99656 2.11556e-20 
-0.0129843 2.94947 -8.56908e-23 
-0.017265 3.01198 -4.02015e-19 
0.0148059 3.02399 2.90502e-19 
0.00730399 3.03671 -4.53258e-19 
0.929795 -0.00117103 0 
0.937136 -0.00354043 0 
0.84352 -0.00766819 0 
0.957007 0.0113867 0 
0.943667 0.0124945 0 
0.88277 0.00638672 0 
0.919742 0.0154084 0 
0.927752 0.0144129 0 
0.840356 0.00646126 0 
0.721 1.41654 3.32343e-19 
0.755749 1.5269 0 
0.214036 0.354717 2.46696e-20 
0.178806 0.621435 2.09643e-19 
0.260125 0.70253 -1.18652e-19 
0.262285 0.567279 2.20891e-19 
0.305593 0.723892 7.44973e-19 
0.113133 0.195032 2.13967e-19 
0.518239 0.202308 4.16869e-19 
0.498811 0.230269 1.05296e-19 
0.46991 0.125355 2.1065e-19 
1.17773 0.460681 3.02256e-19 
1.19233 0.25614 3.14377e-19 
0.0113402 2.15038 -1.22393e-20 
0.0482645 1.92538 0 
0.96127 0.0316272 0 
0.930275 0.0179019 0 
0.862933 -0.0065699 0 
0.0110616 3.07452 0 
0.0198051 2.94404 7.83517e-19 
0.0165104 2.9564 0 
0.0061855 2.85078 -7.77227e-19 
0.00612461 3.09106 1.85209e-19 
0.00736408 3.08269 0 
0.789526 1.8314 -2.40744e-19 
1.25385 2.51312 6.63811e-19 
0.772133 1.97204 -1.49754e-18 
0.0208049 2.9829 -2.94687e-19 
0.0369134 3.00511 0 
-0.0326089 2.88095 0 
-0.112074 1.85469 -1.5902e-20 
-0.0455582 1.70084 4.87318e-19 
-0.0689667 1.5857 -1.516e-20 
0.275254 1.34612 6.74578e-19 
0.211073 0.455884 -4.6517e-19 
0.0625531 1.95954 4.4633e-19 
0.136896 1.84937 -5.64644e-19 
0.178575 1.45174 8.63734e-20 
0.00209133 3.1186 -1.08752e-18 
0.016819 3.11784 1.16423e-18 
-0.00877986 2.98125 5.00491e-19 
-0.00304338 2.97772 -4.41108e-19 
-0.0212686 2.88197 -5.09735e-19 
0.00873944 3.09966 -1.35505e-18 
0.0024642 3.10623 1.31811e-18 
0.245208 0.638246 0 
0.201928 0.628098 -3.97244e-19 
0.106316 0.211155 1.80518e-19 
0.328246 0.844934 6.42684e-19 
0.173637 0.235102 -9.8367e-19 
1.18402 0.173263 -6.00297e-20 
1.19191 0.309204 0 
1.1727 0.121029 1.23364e-19 
-0.0415771 2.17343 2.5738e-21 
-0.00554953 2.17923 0 
0.0187499 1.96467 0 
0.337289 1.24167 -2.44919e-19 
0.353421 1.058 -5.20733e-19 
0.185768 0.329031 8.95331e-19 
1.00583 -0.0109385 0 
1.00763 -0.0076653 1.94744e-19 
-0.0967217 1.69949 0 
-0.103501 1.68864 0 
1.00223 0.00354019 1.84286e-21 
1.00364 0.00937203 4.01149e-19 
-0.0299429 1.96125 -1.40617e-21 
-0.014375 1.98215 0 
0.0383728 3.18166 1.07722e-19 
0.399743 3.49906 0 
1.12461 0.643867 6.82325e-20 
1.01301 0.0130703 -2.04573e-21 
1.02104 -0.0106217 0 
1.00173 0.000105345 9.85259e-23 
0.106649 1.35924 0 
0.137193 2.57527 0 
-0.017096 1.04902 0 
-0.0293476 2.65758 -2.51469e-19 
-0.207557 2.62063 -2.45565e-19 
1.00765 0.0266379 2.67861e-21 
1.05578 -0.00414644 0 
1.0794 0.0239568 0 
-0.134569 1.84536 0 
-0.060103 2.17005 0 
-0.207737 1.4648 0 
0.279048 1.46724 -4.40866e-19 
1.01123 -0.00968519 0 
1.00937 -0.015016 0 
1.00252 0.000654559 2.48597e-19 
1.00548 -0.00492996 -2.9251e-19 
1.00121 -0.00103645 0 
-0.178594 1.79196 0 
-0.135094 1.70263 0 
-0.139837 1.76337 0 
-0.185914 1.48307 0 
-0.138563 1.59808 0 
-0.136019 1.55455 0 
1.03453 -0.00724928 0 
1.02068 0.0151265 -1.08464e-21 
0.781857 1.25758 5.2372e-19 
1.00218 0.000364128 -2.46434e-19 
1.00411 0.0052693 2.92393e-19 
1.00117 0.00206228 0 
1.01292 0.010274 2.41626e-19 
1.00796 0.00817361 -3.00234e-19 
1.00874 0.0145295 0 
-0.0454863 2.15689 0 
-0.0292496 2.05564 -7.2196e-20 
-0.0160232 2.07166 6.09753e-20 
1.19639 0.259828 -8.49758e-20 
1.13419 0.0890511 0 
0.0491221 3.07717 -5.02964e-19 
0.0674061 2.85182 -4.0174e-20 
0.145812 3.19542 8.07369e-19 
0.140426 3.22484 2.62579e-21 
0.138195 3.23919 0 
0.0215119 3.13814 1.08615e-19 
0.0794657 3.16149 4.89715e-19 
0.0720958 3.18835 -2.10001e-19 
0.0244393 3.12915 0 
0.658755 0.323933 0 
0.578886 0.372622 0 
1.09604 0.673708 -2.59649e-19 
1.0943 0.808091 3.99834e-19 
1.15456 0.563627 0 
1.18536 0.50979 0 
1.01616 0.0131917 -4.46817e-19 
1.01499 0.0140676 5.57741e-19 
1.02504 -0.0105309 0 
1.02306 -0.0123614 0 
1.0067 0.00239097 0 
1.01061 0.00361314 0 
1.00442 0.00174106 0 
1.00986 0.00626106 0 
1.00787 0.00588751 0 
1.00444 0.00441842 0 
0.0954396 1.35855 0 
0.0926133 1.31081 0 
0.117095 1.38464 0 
0.142185 1.40492 0 
0.143515 2.59668 0 
0.187371 2.65494 -1.96561e-19 
0.102067 2.6526 0 
0.0764757 2.65776 -2.46454e-20 
0.033166 2.67421 2.26618e-19 
-0.0346364 1.01754 0 
-0.0918177 0.956594 0 
0.0861706 1.07133 0 
0.0543337 1.00627 0 
0.0416739 2.17526 4.08582e-19 
-0.185419 2.65301 -3.31545e-19 
-0.0893387 2.70547 -3.94582e-19 
-0.144392 2.68359 0 
-0.217103 2.63637 6.33767e-19 
-0.219962 2.57925 4.04269e-19 
0.0738504 2.22979 -2.77738e-19 
-0.163426 2.58906 4.68358e-19 
-0.0854537 2.55983 4.76827e-19 
1.01602 0.0342136 4.43407e-19 
1.00866 0.0209414 -5.45682e-19 
1.00806 0.03618 -4.53667e-19 
0.990121 0.0156435 5.87749e-19 
1.05635 0.0005106 0 
1.04381 -0.0136812 0 
1.07802 0.0294237 0 
1.06192 0.0059985 0 
1.05833 -0.00186895 0 
1.1183 0.0799329 0 
1.09066 0.0460158 0 
1.09232 0.038908 0 
-0.0985795 1.96045 7.03381e-22 
-0.161464 1.91343 0 
-0.114506 1.91539 0 
-0.11246 2.27804 -7.6657e-20 
-0.10049 2.30047 5.48873e-21 
-0.286133 1.85854 -3.62042e-20 
-0.208766 1.79559 3.66898e-20 
-0.256104 1.62308 0 
-0.217597 1.67091 0 
-0.185647 1.69013 0 
-0.242736 1.39215 0 
-0.145589 1.26026 0 
0.372033 1.47876 8.39655e-19 
0.404238 1.49215 3.32195e-19 
0.59141 2.43675 -1.53375e-19 
0.408758 2.53068 4.18549e-19 
0.354856 2.08549 -4.99408e-20 
1.021 -0.00860987 0 
1.01546 -0.0100037 0 
1.01477 -0.0156412 0 
1.00784 -0.0014387 0 
1.00489 -0.00121801 0 
1.00771 -0.00486894 0 
1.0092 -0.00371135 0 
1.01405 -0.00455577 0 
1.02151 0.0156458 4.24676e-19 
1.01784 0.0156939 -5.47544e-19 
1.02225 0.0176461 -4.24771e-19 
1.01936 0.0165826 5.31788e-19 
0.75216 1.30839 0 
0.687106 1.36246 6.1665e-19 
0.860105 1.1999 3.62191e-19 
0.906033 1.15605 -4.81914e-19 
1.15666 2.61799 -5.56115e-19 
0.833414 0.10042 2.88605e-19 
1.13486 0.102828 0 
1.17823 0.183863 7.26767e-20 
1.16338 0.157935 3.20626e-21 
0.992465 0.125999 0 
0.142343 2.96418 1.36921e-19 
0.120722 2.86974 -6.56626e-19 
0.0319626 2.36348 4.69349e-19 
0.0971722 0.056044 -1.96625e-19 
0.344403 3.42765 -4.41274e-19 
0.197822 3.31866 0 
0.239869 3.36214 5.74678e-19 
0.251598 3.0375 -7.64032e-19 
0.346213 3.19722 0 
0.00661648 3.12088 2.55988e-20 
0.0166353 3.12979 -3.28045e-19 
0.0149682 3.12576 4.82827e-19 
0.0371059 3.14015 0 
0.0358065 3.1512 0 
1.21979 2.61904 0 
0.54412 0.844059 -2.38715e-19 
1.02508 0.983869 -2.06804e-19 
0.963367 1.05103 0 
0.807213 0.950634 5.6403e-20 
1.0477 0.86543 3.00072e-20 
0.38967 0.426845 -5.24584e-19 
0.699394 0.33786 -2.39497e-20 
0.685537 0.263225 2.26416e-19 
0.592408 0.403818 1.75243e-20 
0.521485 0.380227 -7.16808e-19 
0.669374 0.357552 0 
0.691514 0.431824 3.71352e-19 
0.695314 0.43065 0 
0.628068 0.39091 0 
0.614732 0.323984 0 
0.777175 0.604168 1.2886e-19 
1.19408 0.277802 5.54683e-20 
1.19002 0.413358 0 
1.20247 0.36193 0 
0.770866 0.203316 3.31765e-19 
0.823779 0.541901 -1.84173e-19 
0.732126 0.512183 2.99235e-19 
0.91751 0.4184 -2.78289e-19 
1.01983 0.0144802 2.94535e-19 
1.01796 0.0140393 -3.0064e-19 
1.01594 0.0154299 0 
1.03534 -0.00657915 0 
1.02934 -0.00895185 -2.69691e-19 
1.02706 -0.0130632 2.66854e-19 
1.02526 0.00937919 0 
1.02402 0.0128364 0 
1.01142 0.0038963 0 
1.01434 0.00861967 0 
1.01521 0.00333787 0 
1.01414 0.00257792 0 
0.0815561 1.33576 0 
0.0890708 1.22661 0 
0.13859 1.34803 3.41061e-19 
0.261997 1.46403 2.52061e-19 
0.16303 1.43577 5.36301e-19 
0.190189 1.44299 -8.7579e-19 
0.177581 1.37324 0 
0.129404 1.60278 2.8386e-19 
0.0892725 1.56387 0 
0.354361 2.04228 7.25678e-20 
0.352501 2.36684 2.2618e-19 
0.173307 1.45042 -2.47833e-19 
0.267161 1.36038 1.91493e-19 
0.197372 1.35586 -1.5358e-19 
0.27971 1.30213 3.20263e-19 
0.252015 1.58276 0 
0.252043 1.62324 -2.11981e-19 
0.0501138 2.27184 1.04541e-19 
0.0461207 2.66808 0 
0.0580555 2.39018 -1.80064e-19 
0.0343996 2.41005 0 
0.071127 2.66112 2.60014e-20 
0.0532363 2.69327 0 
0.0826341 1.47274 4.93681e-19 
0.210739 1.63407 0 
0.196518 1.36591 0 
0.12608 1.31789 -5.4675e-19 
-0.0361065 2.6784 -3.99142e-20 
0.0428804 2.68651 -3.01382e-19 
-0.0103134 2.72252 -2.0507e-21 
-0.240648 2.20661 -3.33366e-19 
0.00105304 2.01668 -1.99412e-19 
-0.114809 1.01951 0 
-0.0850357 0.983516 0 
0.132889 1.69588 -5.06437e-19 
0.182688 1.48964 -5.27253e-19 
0.163283 1.66021 6.58979e-19 
0.105075 1.68175 0 
-0.251239 2.13335 2.98533e-19 
-0.206913 2.3032 -1.27497e-19 
-0.239416 2.34352 4.52659e-20 
-0.27028 2.1339 4.04534e-19 
-0.257087 2.49396 1.0693e-19 
-0.2502 2.52072 -4.68285e-19 
1.02121 0.0212105 -2.88658e-19 
1.01808 0.0271748 2.91149e-19 
1.01443 0.0190388 0 
1.0149 0.0521821 4.18094e-19 
0.996064 0.0422712 -4.92819e-19 
0.962737 0.0243671 5.71477e-19 
1.01383 0.0862726 -5.40206e-20 
1.04142 -0.00683199 0 
1.04719 -0.00529991 2.40249e-19 
1.03716 -0.0117551 -2.40109e-19 
1.06438 0.0365493 -1.31439e-20 
1.05696 0.0153967 1.17586e-19 
1.06214 0.0480858 0 
1.05786 0.0398551 -4.40462e-20 
1.0388 0.0331832 0 
1.03367 0.0303315 0 
1.02704 0.0124781 0 
1.02465 0.0150927 0 
1.04547 0.0256908 9.16771e-20 
1.0414 0.0181084 -2.09261e-19 
1.05355 0.021227 -9.22901e-20 
1.05196 0.0229447 -1.07317e-19 
1.06836 0.0570748 1.90345e-19 
1.08129 0.0507975 0 
1.08844 0.0950511 0 
-0.248579 2.10615 7.67494e-20 
-0.198544 1.94901 3.27738e-21 
-0.206373 1.97836 0 
-0.14221 2.10498 -7.66807e-20 
-0.0981767 2.00061 -3.98232e-21 
-0.121352 2.04686 1.15304e-20 
-0.201571 2.56351 -3.67785e-19 
-0.216136 2.43447 1.94999e-20 
-0.261625 2.47881 -9.99674e-20 
-0.163632 2.44775 2.00345e-19 
-0.17297 2.45916 -2.28653e-19 
-0.362677 1.74757 -7.06933e-21 
-0.317413 1.88114 -1.00807e-19 
0.365175 1.40684 -4.13836e-19 
0.362579 1.35198 -3.96779e-19 
0.637183 1.41096 -5.9638e-19 
0.507178 1.47495 -3.20268e-19 
0.55544 1.45038 0 
0.588276 2.40969 1.22513e-19 
0.654974 2.39914 2.2305e-19 
0.413598 2.50644 7.9745e-20 
0.40736 2.55127 -1.60036e-19 
0.51572 2.5088 2.64279e-19 
0.545994 2.44967 0 
0.489959 2.49688 -3.50106e-19 
0.249347 2.58206 5.73635e-19 
0.356438 2.55553 -8.00958e-20 
0.28652 2.63991 -8.79561e-19 
0.927121 2.38144 2.24242e-19 
0.826084 2.37692 0 
1.0105 0.000100736 9.8072e-21 
1.01482 -0.00562839 -7.98062e-21 
1.0177 -0.00379185 -1.44394e-19 
1.01478 -0.000752793 1.44746e-19 
1.0121 0.000914059 0 
0.623561 1.28032 0 
0.63541 1.15755 0 
0.73505 1.06986 0 
0.627483 1.12718 0 
1.18478 2.63469 5.73842e-20 
1.07335 2.37212 0 
0.844514 2.2254 -1.79341e-21 
0.826169 2.47934 0 
0.920992 2.56517 2.65882e-20 
0.957481 2.51847 -1.77466e-20 
0.841908 0.147393 0 
0.811594 0.138748 8.32553e-20 
0.927031 0.123673 4.25828e-19 
0.862036 0.116979 -1.70537e-19 
0.845327 0.0643298 -5.12614e-19 
1.04627 0.218155 -2.38432e-19 
0.962221 0.272978 -1.56961e-20 
0.90514 0.271891 3.87894e-19 
0.979596 0.199545 2.85449e-19 
0.939353 0.160071 -5.3538e-19 
0.912594 0.169048 6.9425e-20 
0.940416 0.232393 -1.34286e-19 
0.916801 0.192087 0 
0.976697 0.158002 2.56399e-19 
1.02359 0.166214 0 
1.01663 0.192146 0 
1.08161 0.1108 7.99662e-20 
1.04823 0.158997 -1.30667e-20 
1.04069 0.221409 -4.49247e-20 
1.076 0.193008 0 
1.02764 0.0350418 2.18379e-19 
1.04723 0.0479292 2.59265e-19 
1.04137 0.034023 -2.17721e-19 
1.0472 0.0538467 -1.74617e-19 
1.02447 0.0577471 -2.94177e-19 
0.977889 0.127989 0 
0.996164 0.0805124 0 
0.969801 0.0428928 -2.07129e-19 
0.930071 0.0594609 8.62513e-20 
1.0346 0.0865333 2.45371e-19 
1.05266 0.111785 -2.4621e-19 
1.05804 0.139084 2.25722e-19 
1.02329 0.126864 0 
1.06223 0.0997883 0 
1.05049 0.0807936 -1.0258e-19 
1.04516 0.0832223 -1.9628e-19 
0.579922 1.0867 -9.54378e-20 
0.618142 1.43529 1.97693e-19 
1.15907 2.75567 1.03428e-19 
1.22635 3.09404 -7.10469e-20 
1.24991 2.73449 5.67101e-19 
1.28219 2.71827 -3.42091e-19 
1.20958 2.35625 -8.66146e-21 
1.21265 2.99818 1.96029e-19 
1.23083 2.9634 -2.17615e-19 
1.21853 3.24776 -2.69071e-19 
1.38061 2.98012 3.72505e-19 
1.37331 2.89763 0 
0.537757 0.853017 -1.32004e-20 
0.154376 1.275 3.7492e-19 
0.526024 0.492777 3.45053e-19 
0.365161 0.259143 3.76234e-19 
0.540041 0.40434 4.02662e-19 
0.549643 0.487687 -6.23848e-19 
0.551487 0.489664 5.1237e-19 
0.507355 0.430355 -2.07689e-19 
0.44497 0.367421 4.773e-19 
0.774969 0.254543 -1.85306e-19 
0.735573 0.288752 0 
0.727953 0.22553 1.09006e-20 
0.717604 0.519102 1.9015e-19 
0.684201 0.488428 -7.0236e-19 
0.609441 0.481001 1.7544e-20 
0.621033 0.47164 0 
0.671151 0.721476 1.49104e-19 
0.805536 0.756154 5.77532e-20 
0.731399 0.832433 -7.52605e-20 
0.84709 0.792719 -1.62492e-20 
0.877542 0.834335 1.44801e-20 
0.886422 0.835021 -1.48266e-20 
0.819056 0.636741 -2.20867e-19 
0.896356 0.691995 1.51092e-20 
0.949387 0.702513 0 
0.939706 0.678219 -1.31402e-20 
0.988799 0.313191 6.08155e-20 
1.10574 0.286386 -2.33934e-22 
1.0304 0.253281 9.74187e-20 
0.96986 0.3454 -1.40545e-19 
1.01622 0.408596 0 
1.06908 0.398705 0 
0.892446 0.353104 5.08073e-21 
0.836245 0.285022 0 
0.85315 0.27712 2.0027e-19 
0.88835 0.279119 -6.00426e-21 
0.909342 0.421962 7.60975e-19 
0.868668 0.485956 1.92794e-19 
0.870567 0.450514 -2.49755e-19 
0.8012 0.437805 2.68006e-19 
0.785657 0.439225 1.83309e-19 
0.752973 0.423605 -1.79857e-19 
1.02717 -0.000632493 2.30607e-19 
1.01996 -0.000108946 0 
1.01842 0.000975321 1.54254e-19 
1.02205 -0.00184179 -3.47104e-19 
1.02215 0.00395884 1.68449e-19 
1.02036 0.0107532 -3.53664e-19 
1.02137 0.0102905 0 
1.02103 0.0105746 -7.47361e-20 
1.01582 0.00744335 1.87349e-19 
1.01665 0.0100781 -9.39691e-20 
1.01761 0.0092284 6.92982e-20 
0.0925665 1.14435 0 
0.196422 1.26076 0 
0.0887157 1.23432 0 
0.0755586 1.08957 0 
0.0894961 1.38577 -7.04205e-19 
0.0887462 1.36022 2.23152e-19 
0.100791 1.48621 1.60708e-19 
0.0786865 1.37669 -1.84163e-19 
0.160056 1.50336 4.64552e-19 
0.145248 1.47585 -3.57435e-19 
0.108291 1.36879 -2.09063e-20 
0.148289 1.37919 4.67956e-19 
0.166774 1.32096 7.04721e-20 
0.184344 1.34098 6.35337e-20 
0.0957114 2.37606 1.9913e-19 
0.095305 2.43113 0 
0.169526 2.07216 -5.21972e-20 
0.0732101 1.72073 -1.21482e-19 
0.227988 2.0625 3.09442e-20 
0.217104 2.4533 0 
0.270198 2.40614 -1.09267e-19 
0.305882 2.40641 7.79728e-20 
0.243763 2.00881 9.66213e-20 
0.156577 2.18561 -1.49121e-21 
0.141298 2.3124 0 
0.0913032 1.94383 4.8689e-19 
-0.015564 2.46834 5.80037e-19 
0.0508377 2.27713 0 
0.0175853 2.46387 -2.37232e-20 
0.00644754 2.3207 -2.24921e-19 
-0.0273751 1.30404 -8.75072e-20 
-0.12361 1.24184 1.40418e-18 
-0.149996 1.317 -3.44276e-19 
-0.0535544 1.41983 -5.31994e-19 
0.0717898 1.49886 0 
-0.226742 1.20972 0 
-0.232163 1.21434 -2.42704e-19 
-0.292819 1.25813 7.79467e-20 
-0.234257 1.21441 0 
-0.168468 1.08859 -2.0747e-19 
-0.142456 1.11088 3.81688e-19 
1.0414 0.00700706 0 
1.04456 0.00338232 -2.25143e-20 
1.04162 0.0156412 -1.66478e-19 
1.04986 0.0112801 0 
1.0498 0.00989846 0 
1.03576 0.00745656 -6.26853e-21 
1.03166 0.00910776 2.74279e-19 
1.03163 0.0129681 3.31333e-19 
1.0265 0.0186062 0 
1.02459 0.0196521 0 
1.03679 0.0203421 1.67453e-19 
1.02886 0.0250303 0 
1.02706 0.0235768 0 
-0.394607 2.14572 0 
-0.370182 1.92038 -3.16182e-20 
-0.388047 2.06996 -7.11832e-20 
-0.315984 1.402 0 
-0.431455 1.83828 -1.35064e-19 
-0.384102 1.69028 3.36133e-20 
-0.360645 1.48846 0 
0.385401 1.69431 0 
0.362588 1.28047 6.52026e-19 
0.302206 1.3365 0 
0.411757 1.2738 -8.4764e-19 
0.458968 1.4418 0 
0.437824 1.38843 3.96978e-19 
1.02839 2.70516 -4.09968e-21 
0.95178 2.41648 -2.83295e-19 
0.89118 2.1729 3.22162e-19 
0.838399 2.37079 1.18464e-19 
0.844223 2.52014 0 
0.9111 2.51406 0 
0.906796 2.37516 0 
0.894732 2.3511 -4.491e-19 
0.69012 2.49578 -8.29715e-21 
0.800238 2.48782 -1.23387e-20 
0.811228 2.46022 9.44826e-21 
0.688119 2.37906 0 
0.79112 2.37808 0 
0.751859 2.38754 -2.26102e-19 
0.769017 2.50678 0 
0.587819 1.08883 0 
0.487585 0.943246 1.0461e-21 
0.542197 0.970835 -1.27441e-21 
0.516329 1.06649 0 
0.518797 1.02338 1.14108e-21 
0.753811 0.852831 1.41865e-20 
0.762203 0.996962 0 
0.73711 0.953906 -6.4816e-20 
0.61654 1.0203 0 
0.626594 0.935955 0 
1.1633 2.77614 5.76749e-20 
1.14164 2.84033 1.24835e-19 
0.934644 2.3672 -2.85244e-19 
0.901179 2.34228 3.62095e-20 
1.1266 2.74844 0 
1.07809 2.71903 -4.33615e-20 
1.08401 2.49615 -7.63825e-20 
0.980664 2.23291 -2.95398e-20 
0.495241 1.37083 0 
0.504253 1.07576 8.41435e-20 
0.542359 1.15011 0 
0.859078 0.218075 0 
0.819795 0.170734 0 
0.776571 0.160506 0 
0.850045 0.223999 -3.14974e-19 
0.79418 0.22287 1.94847e-19 
0.938629 0.0505522 -1.77083e-19 
0.952836 0.0992918 0 
0.925345 0.104541 7.9413e-20 
0.886413 0.0813904 3.25498e-19 
0.872621 0.0460977 -1.99714e-19 
1.16818 3.37292 -9.82732e-19 
1.2145 3.29236 0 
1.16757 3.39954 -1.93217e-18 
0.65404 3.55948 1.65937e-18 
0.882215 3.12459 3.7486e-19 
0.516482 0.881177 2.35012e-19 
0.440215 0.875267 0 
0.357843 0.526344 -8.46045e-20 
0.458127 0.690015 3.87291e-19 
0.532475 0.492489 -1.11245e-19 
0.513099 0.5267 1.30702e-19 
0.655356 0.533829 2.65866e-19 
0.683118 0.556248 0 
0.643415 0.615997 0 
0.595299 0.553858 0 
0.947732 0.584305 -5.46625e-20 
0.872158 0.53164 -1.86322e-19 
0.89888 0.565434 8.57651e-20 
0.926818 0.501772 -1.36436e-19 
1.03063 0.465242 0 
1.0427 0.554547 -4.63171e-21 
0.826688 0.389483 -4.04118e-19 
0.831786 0.372601 -4.65566e-19 
0.782119 0.388662 3.17158e-19 
0.775362 0.354404 -3.59903e-19 
0.831428 0.306024 -2.65583e-19 
0.785584 0.307048 3.26728e-19 
1.02616 0.00557352 -1.78629e-19 
1.02594 0.00591742 3.66195e-19 
1.02983 -0.000955355 2.18184e-19 
1.03312 0.000984353 -2.66408e-19 
1.03338 0.00633885 0 
1.02994 0.00685224 -4.28905e-19 
0.0641175 1.67609 -6.31796e-20 
0.0836897 1.60213 0 
0.0646197 1.70451 -5.19228e-19 
0.0678805 1.68119 4.77107e-19 
0.0882464 1.50702 -2.92681e-19 
0.120452 1.51033 0 
-0.377831 2.12806 0 
-0.347693 1.68723 1.06947e-19 
-0.443394 1.65854 -9.72898e-20 
-0.416011 1.8466 -4.15571e-20 
-0.384037 2.17266 1.5587e-19 
-0.379026 2.19261 -9.44911e-20 
0.490098 1.38085 4.25599e-19 
0.482161 1.38627 -4.57236e-19 
0.430651 1.27223 4.2458e-19 
0.421829 1.29444 -2.6179e-20 
0.612034 1.27785 0 
0.533746 1.37556 5.40052e-19 
0.551317 1.38853 -5.25482e-19 
0.439529 1.25846 -4.10302e-19 
0.491272 1.21353 0 
0.547556 1.18005 0 
0.655224 2.45288 1.21905e-20 
0.667314 2.47617 5.23121e-19 
0.716638 2.49351 -3.60093e-19 
0.624101 2.47598 -1.19283e-19 
0.559869 2.57084 9.83587e-20 
0.513387 2.54327 -2.96702e-19 
0.964852 2.37659 -1.73055e-19 
1.00818 2.39822 0 
0.906169 2.14996 -2.42599e-19 
1.04641 2.69956 0 
1.04816 2.68667 0 
0.626437 2.28874 2.36749e-19 
1.04824 3.17345 4.81063e-19 
0.919312 3.04207 -4.25511e-19 
0.29227 0.953648 0 
0.344053 0.823745 -1.58112e-19 
0.499528 0.779219 -7.55554e-20 
0.404539 2.03572 0 
0.471729 2.79002 -2.60931e-19 
0.432909 2.55488 0 
0.682633 0.66729 -3.09144e-19 
0.753019 0.663924 3.92491e-19 
0.775089 0.615812 -3.83142e-19 
0.671201 0.641622 -4.60245e-20 
0.717632 0.593585 -1.8807e-19 
1.00856 2.77974 -3.65726e-19 
1.04164 2.83492 2.87579e-19 
0.651935 2.18266 5.95465e-20 
0.609447 1.73674 -7.29125e-20 
0.704635 1.92575 1.12102e-19 
0.992852 2.46264 -6.80437e-20 
0.995469 2.45991 -1.63788e-19 
0.675511 1.87174 -5.17794e-21 
0.461475 1.35322 -7.91647e-20 
))
(300 (2 10 3 0 0 919 1018)(
0 0 0 
0 0 0 
0 0 0 
0 0 0 
0 0 0 
0 0 0 
0 0 0 
0 0 0 
0 0 0 
0 0 0 
0 0 0 
0 0 0 
0 0 0 
0 0 0 
0 0 0 
0 0 0 
0 0 0 
0 0 0 
0 0 0 
0 0 0 
0 0 0 
0 0 0 
0 0 0 
0 0 0 
0 0 0 
0 0 0 
0 0 0 
0 0 0 
0 0 0 
0 0 0 
0 0 0 
0 0 0 
0 0 0 
0 0 0 
0 0 0 
0 0 0 
0 0 0 
0 0 0 
0 0 0 
0 0 0 
0 0 0 
0 0 0 
0 0 0 
0 0 0 
0 0 0 
0 0 0 
0 0 0 
0 0 0 
0 0 0 
0 0 0 
0 0 0 
0 0 0 
0 0 0 
0 0 0 
0 0 0 
0 0 0 
0 0 0 
0 0 0 
0 0 0 
0 0 0 
0 0 0 
0 0 0 
0 0 0 
0 0 0 
0 0 0 
0 0 0 
0 0 0 
0 0 0 
0 0 0 
0 0 0 
0 0 0 
0 0 0 
0 0 0 
0 0 0 
0 0 0 
0 0 0 
0 0 0 
0 0 0 
0 0 0 
0 0 0 
0 0 0 
0 0 0 
0 0 0 
0 0 0 
0 0 0 
0 0 0 
0 0 0 
0 0 0 
0 0 0 
0 0 0 
0 0 0 
0 0 0 
0 0 0 
0 0 0 
0 0 0 
0 0 0 
0 0 0 
0 0 0 
0 0 0 
0 0 0 
))
(300 (2 11 3 0 0 1019 1026)(
1 0 0 
1 0 0 
1 0 0 
1 0 0 
1 0 0 
1 0 0 
1 0 0 
1 0 0 
))
(300 (2 12 3 0 0 1027 1030)(
0 3 0 
0 3 0 
0 3 0 
0 3 0 
))
(300 (2 13 3 0 0 1031 1038)(
-0.0193344 1.52031 0 
0.000489216 1.50584 3.59433e-20 
-0.0482855 1.67872 0 
-0.00892147 1.93986 0 
-0.0862357 1.86958 0 
-0.0754765 1.77721 0 
-0.092917 1.80755 0 
-0.062648 1.8903 0 
))
(300 (2 14 3 0 0 1039 1072)(
0 0 0 
0 0 0 
0 0 0 
0 0 0 
0 0 0 
0 0 0 
0 0 0 
0 0 0 
0 0 0 
0 0 0 
0 0 0 
0 0 0 
0 0 0 
0 0 0 
0 0 0 
0 0 0 
0 0 0 
0 0 0 
0 0 0 
0 0 0 
0 0 0 
0 0 0 
0 0 0 
0 0 0 
0 0 0 
0 0 0 
0 0 0 
0 0 0 
0 0 0 
0 0 0 
0 0 0 
0 0 0 
0 0 0 
0 0 0 
))
(300 (2 15 3 0 0 1073 1072)(
))
