(0 "FOAM to Fluent data File")

(33 (918 3444 1074))
(300 (1 1 1 0 0 1 918)(
0.227946
0.908235
0.0107146
0.227156
-0.00303672
0.875351
-0.834028
0.403034
0.208056
-0.446461
-0.233809
0.198452
0.735794
0.502743
-1.46312
-0.0219737
0.359841
-0.71545
0.206844
-0.00488029
0.474662
0.214691
0.217713
0.208285
0.268639
0.491889
0.616381
0.00401428
-4.27111e-05
-0.0030717
0.000795551
-0.0147271
-0.0141082
0.758974
0.810088
0.832755
0.176748
0.00126033
-0.685374
-0.760206
-0.747263
-0.883652
0.393414
0.3981
-0.490251
0.404792
0.41987
0.195484
0.207346
0.20822
0.209476
0.208369
0.209779
0.154825
-0.446099
-0.477735
-0.440638
-0.446265
-0.190396
-0.289415
-0.339428
-0.194791
-0.151638
0.132802
0.195472
0.192741
0.20285
0.212624
0.847785
0.819668
0.845816
0.759569
0.776064
0.713732
0.686301
0.522852
0.544381
0.488898
0.478916
-1.90723
-2.88165
-0.860547
-0.601197
0.000385799
-0.0298784
-0.03431
0.346802
0.352604
0.35737
0.37231
0.762391
-0.708638
-0.852776
0.20704
0.205821
0.214296
0.214993
0.210981
0.210103
0.00225109
-0.00350314
-0.014413
-0.0010347
-0.00805909
0.458555
0.451974
0.208841
0.205891
0.220663
0.242822
0.232017
-0.0242134
0.278451
0.299015
0.30005
0.475843
0.472565
0.480272
0.589723
0.553171
0.653754
0.676881
0.00867247
0.00296198
-0.0240498
-0.0166811
-0.0211244
0.173208
0.166514
0.190683
0.180144
0.182518
-0.0827325
-0.218354
0.0853152
0.108526
-0.592099
-0.659496
-0.772074
-0.783552
-0.895709
0.237179
0.383972
0.386977
-0.507768
-0.424892
-0.5692
-0.349893
-0.418915
0.186072
0.192779
0.187925
0.20309
0.197725
0.199649
0.211573
0.20865
0.210232
0.202669
0.319497
0.0879234
0.0733262
-0.575864
-0.479675
-0.562977
-0.447754
-0.44117
-0.163748
-0.148763
-0.189708
-0.177683
-0.442113
-0.393949
-0.415344
-0.111475
-0.0786396
0.125391
0.11643
0.143458
0.149372
0.187527
0.188228
0.190792
0.189075
0.636953
0.659242
0.666909
0.640716
-3.89481
-6.72245
-0.266748
-0.123725
0.000952517
0.00328616
0.00267888
0.00630178
0.00159972
-0.000607166
-0.120792
-0.0985094
-0.048778
-0.0646986
0.334054
0.336696
0.676724
0.669095
0.662905
0.616168
0.195196
0.197307
0.202709
0.198582
-0.045184
-0.0131203
-0.0275672
0.420436
0.439131
0.435366
-0.0593717
-0.14564
0.0220048
0.0491831
0.319996
0.303483
0.320389
0.362641
0.400619
0.684333
0.702752
0.700922
0.709527
0.753569
0.769985
0.735328
0.154108
0.163805
0.158986
0.194232
0.191707
0.192913
0.187789
0.189584
0.186876
-0.372223
-0.759622
0.171631
0.190148
0.151579
0.159326
0.32386
0.391446
0.368906
0.376311
0.380061
-0.28537
-0.349042
0.00137258
-0.0432443
0.0745674
0.105796
0.0896872
0.608082
0.568725
0.618685
0.591945
0.553534
0.578768
-0.711485
-2.24207
-1.34349
0.240676
0.0462941
0.137368
-0.157853
-0.181878
-0.158413
0.65276
0.731894
0.361404
0.52095
0.53978
0.442255
0.473006
0.526347
0.451733
0.486071
0.521845
0.503195
0.193641
0.174964
0.166357
0.455737
0.512753
-0.172367
-0.223331
-0.275905
-0.1372
-0.0761155
-0.108704
0.703113
0.578222
0.659871
0.205684
0.206357
0.00812254
0.0102815
0.210344
0.210353
0.00531782
-0.00330043
0.118715
-1.1752
-0.183079
0.198591
0.189346
0.205973
-0.411565
0.0945692
-0.300469
-0.247408
-0.0923205
0.196096
0.142134
0.108981
0.00674705
-0.0067769
-0.0169844
-0.523201
0.203316
0.201605
0.205496
0.206506
0.207172
0.00546917
0.00483629
0.00412932
-0.00834906
-0.000609672
-0.0013871
0.171424
0.186946
-0.480622
0.205575
0.207778
0.207528
0.20044
0.206247
0.204427
-0.00284457
-0.0039359
-0.0171468
-0.0728453
0.0422886
0.375255
0.48124
0.331017
0.101482
-0.143152
0.270537
0.339458
0.236934
0.403225
0.371574
0.392327
-0.123129
-0.269403
-0.113107
-0.167724
0.196635
0.19534
0.187499
0.184682
0.201055
0.19921
0.203493
0.200361
0.203336
0.204864
-0.393911
-0.424308
-0.406234
-0.464351
0.0482629
0.297721
-0.0133737
0.0631367
-0.135926
-0.269289
-0.202081
-0.384514
-0.413627
-0.554195
-0.147756
-0.232541
-0.272415
-0.0282402
-0.157123
-0.377432
-0.230598
-0.287066
0.190482
0.188492
0.196399
0.203128
0.150008
0.15213
0.124577
0.141257
0.128244
0.0740915
0.107062
0.0847213
0.00563262
0.00914264
0.00449641
-0.00612239
-0.0198443
0.00227917
0.00757924
0.0121776
-0.00214104
-0.00195816
-0.0204447
-0.0153601
-0.48461
-0.59725
0.651559
0.618102
-0.211101
0.192504
0.198891
0.195695
0.200702
0.203614
0.204355
0.202124
0.19879
0.187811
0.189788
0.185532
0.186304
-0.423913
-0.559561
-0.380916
-0.445807
-0.19251
0.310075
0.0548924
-0.00408477
-0.00823297
0.202569
0.600547
0.407666
0.432707
0.458534
-0.673625
-0.270059
-0.60307
0.0167407
-0.164791
0.371708
0.424946
0.449052
0.394337
0.343151
-0.44588
0.206848
-0.364547
-0.321816
-0.133419
-0.234365
0.418654
0.35541
0.361933
0.382573
0.405059
0.360767
0.33886
0.336014
0.373967
0.378345
0.175866
-0.0407626
-0.0864332
-0.122432
0.342024
0.215221
0.268871
0.187831
0.191483
0.194307
0.192838
0.176168
0.183107
0.17906
0.184596
0.187276
0.196718
0.196841
0.192441
0.194593
-0.424768
-0.430291
-0.383002
-0.447435
-0.451252
-0.493894
-0.407621
-0.203114
-0.233744
-0.0763388
0.0276737
-0.249978
-0.390531
-0.360277
-0.333526
-0.124437
-0.101392
-0.33176
-0.139769
-0.176613
-0.225957
-0.0209693
-0.0238437
-0.455893
-0.54511
-0.525435
-0.454241
-0.248761
-0.206157
-0.175362
-0.176764
-0.315206
-0.162442
-0.100186
-0.489192
-0.559727
-0.548649
-0.455581
1.52198e-05
-0.00713957
-0.0199066
-0.0689107
-0.0466326
-0.071542
0.186234
0.186651
0.186797
0.199766
0.211639
0.226889
0.192704
0.169094
0.162449
0.16445
0.14037
0.149072
0.145258
0.157551
0.175987
0.182985
0.18263
0.184624
0.169248
0.169778
0.159375
0.16302
0.141088
0.124207
0.114019
0.00202694
0.00362927
0.00103409
-0.00630494
0.0080948
0.00382886
-0.0520356
-0.0161052
-0.0280822
-0.0235595
-0.0708176
0.0112419
0.00515975
-0.404932
-0.331505
-0.511042
-0.538948
-0.60933
0.560255
0.672008
0.506114
0.284623
0.284184
0.510922
0.608106
0.262652
0.432671
0.462863
0.199555
0.470544
0.19746
0.196754
0.194193
0.193772
0.195149
-0.336501
-0.241197
-0.227021
-0.176135
-0.0632236
0.0509602
-0.0407589
-0.154636
-0.0145529
-0.00455691
0.304826
0.32069
0.26452
0.290287
0.290477
0.11634
0.191642
0.24529
0.202106
0.244991
0.266837
0.228272
0.258258
0.205301
0.164458
0.163605
0.111055
0.130935
0.1089
0.0919262
0.187403
0.16668
0.175709
0.169002
0.188089
0.215554
0.21087
0.234617
0.247376
0.173779
0.136717
0.145207
0.17164
0.13566
0.148083
0.162089
-0.129636
-0.227296
-0.138095
-0.431483
-0.338666
-0.354569
-0.400168
-0.364136
-0.0770513
-0.781608
-0.747321
-1.38552
0.1411
0.629042
0.373946
0.347273
0.403227
0.380667
0.384161
0.4158
0.421287
0.332233
0.348177
0.353345
0.301387
0.326361
0.358014
0.353518
0.186343
0.0675535
0.0568165
0.0209855
-0.0988298
-0.0691407
0.131763
0.0559247
-0.0151791
-0.00943405
0.151565
0.0450585
0.107136
0.145136
0.0781691
0.0374216
0.232265
0.299982
0.289954
0.264002
0.179425
0.191108
0.216436
0.252544
0.277791
0.312114
0.183865
0.189731
0.191021
0.188722
0.186168
0.188811
0.18876
0.191334
0.19228
0.194971
0.194012
-0.470303
-0.513447
-0.446968
-0.45828
-0.399998
-0.375375
-0.281984
-0.331988
-0.488259
-0.450918
-0.426397
-0.434027
-0.461778
-0.48529
-0.206313
-0.195131
-0.180976
-0.239868
-0.0509199
0.0848971
0.142097
0.0242588
-0.0746003
-0.039744
-0.0168621
-0.466876
-0.386096
-0.52112
-0.364599
-0.395333
-0.278953
-0.216909
-0.232955
-0.322954
-0.342566
-0.151917
-0.0271844
-0.0526778
-0.0753324
-0.0557546
-0.0346846
0.172606
0.167566
0.166006
0.16156
0.160722
0.171875
0.176387
0.178814
0.184152
0.185132
0.176491
0.180651
0.183844
-0.0189317
0.00640427
0.00815558
-0.0380764
-0.00818444
0.00138438
-0.0146031
-0.207288
-0.284871
-0.285368
-0.323608
-0.45385
-0.395935
0.13681
0.118158
0.142249
0.348537
0.208461
0.123367
0.197149
0.308034
-0.0545898
0.131575
-0.0320933
0.534444
0.423424
0.562994
0.206764
-0.104819
0.0409213
0.0956103
-0.102013
-0.0273967
-0.00383475
-0.114957
-0.081469
-0.0536949
0.0463874
-0.0798115
-0.111353
-0.356803
-0.174019
-0.0397807
-0.0598581
0.0678945
0.129263
-0.0947889
-0.175056
-0.211888
0.294316
0.313861
0.330464
0.302423
0.326185
0.250403
0.241959
0.260589
0.271442
0.264481
-1.11667
-0.827623
-1.76829
-1.0777
-0.631967
0.170726
0.126991
0.421699
0.312601
0.393256
0.374526
0.333495
0.294691
0.304968
0.343122
0.0442248
0.150856
0.125149
0.134328
0.0391087
-0.0267604
0.267017
0.261522
0.297144
0.320927
0.290363
0.322839
0.182258
0.181907
0.18092
0.178233
0.176617
0.178532
-0.324713
-0.400389
-0.261695
-0.279357
-0.328141
-0.381895
-0.0247081
-0.0515965
-0.0472142
-0.038344
-0.000270777
-0.0272131
-0.181777
-0.236205
-0.303645
-0.274884
-0.337886
-0.404647
-0.42605
-0.319869
-0.228906
-0.237569
0.0684692
0.317
0.14535
0.309668
0.141649
0.201843
0.141581
0.133272
0.168481
0.0361169
0.112999
-0.142368
-0.640447
-0.54847
0.431112
0.452628
0.233615
0.0386792
-0.184454
0.0141285
0.215098
0.154187
0.194311
0.261036
0.254055
-0.350009
-0.274327
-0.0417964
0.185531
-0.119003
-0.125966
-0.130127
0.033657
-0.0335909
))
(300 (1 10 1 0 0 919 1018)(
0.227946
0.908235
0.0107146
0.227156
0.875351
-0.834028
0.403034
-0.446461
-0.233809
0.198452
0.735794
0.502743
-1.46312
0.359841
-0.71545
0.206844
-0.00488029
0.474662
0.208285
0.268639
0.491889
0.616381
0.00401428
0.758974
0.176748
-0.760206
-0.883652
0.3981
-0.490251
0.41987
0.195484
-0.477735
-0.446265
-0.339428
-0.151638
0.132802
0.192741
0.212624
0.776064
0.686301
0.544381
0.478916
-2.88165
-0.601197
0.352604
0.37231
-0.852776
0.205821
0.210103
-0.00350314
-0.00805909
0.451974
0.205891
0.232017
-0.0242134
0.299015
0.30005
0.480272
0.553171
0.676881
0.166514
0.190683
0.182518
-0.659496
-0.895709
0.386977
-0.5692
-0.418915
0.187925
0.199649
-0.562977
-0.44117
-0.415344
-0.0786396
0.11643
0.149372
0.187527
0.189075
0.640716
-0.123725
0.336696
0.195196
0.198582
-0.0275672
0.435366
-0.14564
0.0491831
0.320389
0.400619
0.709527
0.158986
0.192913
0.186876
0.380061
-0.349042
0.0896872
0.591945
0.137368
0.486071
-0.275905
))
(300 (1 11 1 0 0 919 926)(
0.227946
0.227156
0.208056
0.214691
0.20822
0.209779
0.214296
0.210232
))
(300 (1 12 1 0 0 919 922)(
0.908235
0.875351
0.832755
0.845816
))
(300 (1 13 1 0 0 919 926)(
0
0
0
0
0
0
0
0
))
(300 (1 14 1 0 0 919 952)(
-0.00303672
-0.0219737
-0.0141082
0.00126033
0.154825
-0.190396
-0.03431
0.762391
-0.0211244
-0.218354
0.108526
0.237179
0.319497
0.0733262
-0.148763
-0.177683
-6.72245
-0.120792
-0.0646986
0.669095
0.616168
-0.759622
0.171631
0.159326
0.391446
-0.0432443
-1.34349
-0.158413
0.731894
0.53978
0.166357
0.512753
-0.108704
0.659871
))
(300 (1 15 1 0 0 919 2754)(
0.227946
0.227946
0.908235
0.908235
0.0107146
0.0107146
0.227156
0.227156
-0.00303672
-0.00303672
0.875351
0.875351
-0.834028
-0.834028
0.403034
0.403034
0.208056
0.208056
-0.446461
-0.446461
-0.233809
-0.233809
0.198452
0.198452
0.735794
0.735794
0.502743
0.502743
-1.46312
-1.46312
-0.0219737
-0.0219737
0.359841
0.359841
-0.71545
-0.71545
0.206844
0.206844
-0.00488029
-0.00488029
0.474662
0.474662
0.214691
0.214691
0.217713
0.217713
0.208285
0.208285
0.268639
0.268639
0.491889
0.491889
0.616381
0.616381
0.00401428
0.00401428
-4.27111e-05
-4.27111e-05
-0.0030717
-0.0030717
0.000795551
0.000795551
-0.0147271
-0.0147271
-0.0141082
-0.0141082
0.758974
0.758974
0.810088
0.810088
0.832755
0.832755
0.176748
0.176748
0.00126033
0.00126033
-0.685374
-0.685374
-0.760206
-0.760206
-0.747263
-0.747263
-0.883652
-0.883652
0.393414
0.393414
0.3981
0.3981
-0.490251
-0.490251
0.404792
0.404792
0.41987
0.41987
0.195484
0.195484
0.207346
0.207346
0.20822
0.20822
0.209476
0.209476
0.208369
0.208369
0.209779
0.209779
0.154825
0.154825
-0.446099
-0.446099
-0.477735
-0.477735
-0.440638
-0.440638
-0.446265
-0.446265
-0.190396
-0.190396
-0.289415
-0.289415
-0.339428
-0.339428
-0.194791
-0.194791
-0.151638
-0.151638
0.132802
0.132802
0.195472
0.195472
0.192741
0.192741
0.20285
0.20285
0.212624
0.212624
0.847785
0.847785
0.819668
0.819668
0.845816
0.845816
0.759569
0.759569
0.776064
0.776064
0.713732
0.713732
0.686301
0.686301
0.522852
0.522852
0.544381
0.544381
0.488898
0.488898
0.478916
0.478916
-1.90723
-1.90723
-2.88165
-2.88165
-0.860547
-0.860547
-0.601197
-0.601197
0.000385799
0.000385799
-0.0298784
-0.0298784
-0.03431
-0.03431
0.346802
0.346802
0.352604
0.352604
0.35737
0.35737
0.37231
0.37231
0.762391
0.762391
-0.708638
-0.708638
-0.852776
-0.852776
0.20704
0.20704
0.205821
0.205821
0.214296
0.214296
0.214993
0.214993
0.210981
0.210981
0.210103
0.210103
0.00225109
0.00225109
-0.00350314
-0.00350314
-0.014413
-0.014413
-0.0010347
-0.0010347
-0.00805909
-0.00805909
0.458555
0.458555
0.451974
0.451974
0.208841
0.208841
0.205891
0.205891
0.220663
0.220663
0.242822
0.242822
0.232017
0.232017
-0.0242134
-0.0242134
0.278451
0.278451
0.299015
0.299015
0.30005
0.30005
0.475843
0.475843
0.472565
0.472565
0.480272
0.480272
0.589723
0.589723
0.553171
0.553171
0.653754
0.653754
0.676881
0.676881
0.00867247
0.00867247
0.00296198
0.00296198
-0.0240498
-0.0240498
-0.0166811
-0.0166811
-0.0211244
-0.0211244
0.173208
0.173208
0.166514
0.166514
0.190683
0.190683
0.180144
0.180144
0.182518
0.182518
-0.0827325
-0.0827325
-0.218354
-0.218354
0.0853152
0.0853152
0.108526
0.108526
-0.592099
-0.592099
-0.659496
-0.659496
-0.772074
-0.772074
-0.783552
-0.783552
-0.895709
-0.895709
0.237179
0.237179
0.383972
0.383972
0.386977
0.386977
-0.507768
-0.507768
-0.424892
-0.424892
-0.5692
-0.5692
-0.349893
-0.349893
-0.418915
-0.418915
0.186072
0.186072
0.192779
0.192779
0.187925
0.187925
0.20309
0.20309
0.197725
0.197725
0.199649
0.199649
0.211573
0.211573
0.20865
0.20865
0.210232
0.210232
0.202669
0.202669
0.319497
0.319497
0.0879234
0.0879234
0.0733262
0.0733262
-0.575864
-0.575864
-0.479675
-0.479675
-0.562977
-0.562977
-0.447754
-0.447754
-0.44117
-0.44117
-0.163748
-0.163748
-0.148763
-0.148763
-0.189708
-0.189708
-0.177683
-0.177683
-0.442113
-0.442113
-0.393949
-0.393949
-0.415344
-0.415344
-0.111475
-0.111475
-0.0786396
-0.0786396
0.125391
0.125391
0.11643
0.11643
0.143458
0.143458
0.149372
0.149372
0.187527
0.187527
0.188228
0.188228
0.190792
0.190792
0.189075
0.189075
0.636953
0.636953
0.659242
0.659242
0.666909
0.666909
0.640716
0.640716
-3.89481
-3.89481
-6.72245
-6.72245
-0.266748
-0.266748
-0.123725
-0.123725
0.000952517
0.000952517
0.00328616
0.00328616
0.00267888
0.00267888
0.00630178
0.00630178
0.00159972
0.00159972
-0.000607166
-0.000607166
-0.120792
-0.120792
-0.0985094
-0.0985094
-0.048778
-0.048778
-0.0646986
-0.0646986
0.334054
0.334054
0.336696
0.336696
0.676724
0.676724
0.669095
0.669095
0.662905
0.662905
0.616168
0.616168
0.195196
0.195196
0.197307
0.197307
0.202709
0.202709
0.198582
0.198582
-0.045184
-0.045184
-0.0131203
-0.0131203
-0.0275672
-0.0275672
0.420436
0.420436
0.439131
0.439131
0.435366
0.435366
-0.0593717
-0.0593717
-0.14564
-0.14564
0.0220048
0.0220048
0.0491831
0.0491831
0.319996
0.319996
0.303483
0.303483
0.320389
0.320389
0.362641
0.362641
0.400619
0.400619
0.684333
0.684333
0.702752
0.702752
0.700922
0.700922
0.709527
0.709527
0.753569
0.753569
0.769985
0.769985
0.735328
0.735328
0.154108
0.154108
0.163805
0.163805
0.158986
0.158986
0.194232
0.194232
0.191707
0.191707
0.192913
0.192913
0.187789
0.187789
0.189584
0.189584
0.186876
0.186876
-0.372223
-0.372223
-0.759622
-0.759622
0.171631
0.171631
0.190148
0.190148
0.151579
0.151579
0.159326
0.159326
0.32386
0.32386
0.391446
0.391446
0.368906
0.368906
0.376311
0.376311
0.380061
0.380061
-0.28537
-0.28537
-0.349042
-0.349042
0.00137258
0.00137258
-0.0432443
-0.0432443
0.0745674
0.0745674
0.105796
0.105796
0.0896872
0.0896872
0.608082
0.608082
0.568725
0.568725
0.618685
0.618685
0.591945
0.591945
0.553534
0.553534
0.578768
0.578768
-0.711485
-0.711485
-2.24207
-2.24207
-1.34349
-1.34349
0.240676
0.240676
0.0462941
0.0462941
0.137368
0.137368
-0.157853
-0.157853
-0.181878
-0.181878
-0.158413
-0.158413
0.65276
0.65276
0.731894
0.731894
0.361404
0.361404
0.52095
0.52095
0.53978
0.53978
0.442255
0.442255
0.473006
0.473006
0.526347
0.526347
0.451733
0.451733
0.486071
0.486071
0.521845
0.521845
0.503195
0.503195
0.193641
0.193641
0.174964
0.174964
0.166357
0.166357
0.455737
0.455737
0.512753
0.512753
-0.172367
-0.172367
-0.223331
-0.223331
-0.275905
-0.275905
-0.1372
-0.1372
-0.0761155
-0.0761155
-0.108704
-0.108704
0.703113
0.703113
0.578222
0.578222
0.659871
0.659871
0.205684
0.205684
0.206357
0.206357
0.00812254
0.00812254
0.0102815
0.0102815
0.210344
0.210344
0.210353
0.210353
0.00531782
0.00531782
-0.00330043
-0.00330043
0.118715
0.118715
-1.1752
-1.1752
-0.183079
-0.183079
0.198591
0.198591
0.189346
0.189346
0.205973
0.205973
-0.411565
-0.411565
0.0945692
0.0945692
-0.300469
-0.300469
-0.247408
-0.247408
-0.0923205
-0.0923205
0.196096
0.196096
0.142134
0.142134
0.108981
0.108981
0.00674705
0.00674705
-0.0067769
-0.0067769
-0.0169844
-0.0169844
-0.523201
-0.523201
0.203316
0.203316
0.201605
0.201605
0.205496
0.205496
0.206506
0.206506
0.207172
0.207172
0.00546917
0.00546917
0.00483629
0.00483629
0.00412932
0.00412932
-0.00834906
-0.00834906
-0.000609672
-0.000609672
-0.0013871
-0.0013871
0.171424
0.171424
0.186946
0.186946
-0.480622
-0.480622
0.205575
0.205575
0.207778
0.207778
0.207528
0.207528
0.20044
0.20044
0.206247
0.206247
0.204427
0.204427
-0.00284457
-0.00284457
-0.0039359
-0.0039359
-0.0171468
-0.0171468
-0.0728453
-0.0728453
0.0422886
0.0422886
0.375255
0.375255
0.48124
0.48124
0.331017
0.331017
0.101482
0.101482
-0.143152
-0.143152
0.270537
0.270537
0.339458
0.339458
0.236934
0.236934
0.403225
0.403225
0.371574
0.371574
0.392327
0.392327
-0.123129
-0.123129
-0.269403
-0.269403
-0.113107
-0.113107
-0.167724
-0.167724
0.196635
0.196635
0.19534
0.19534
0.187499
0.187499
0.184682
0.184682
0.201055
0.201055
0.19921
0.19921
0.203493
0.203493
0.200361
0.200361
0.203336
0.203336
0.204864
0.204864
-0.393911
-0.393911
-0.424308
-0.424308
-0.406234
-0.406234
-0.464351
-0.464351
0.0482629
0.0482629
0.297721
0.297721
-0.0133737
-0.0133737
0.0631367
0.0631367
-0.135926
-0.135926
-0.269289
-0.269289
-0.202081
-0.202081
-0.384514
-0.384514
-0.413627
-0.413627
-0.554195
-0.554195
-0.147756
-0.147756
-0.232541
-0.232541
-0.272415
-0.272415
-0.0282402
-0.0282402
-0.157123
-0.157123
-0.377432
-0.377432
-0.230598
-0.230598
-0.287066
-0.287066
0.190482
0.190482
0.188492
0.188492
0.196399
0.196399
0.203128
0.203128
0.150008
0.150008
0.15213
0.15213
0.124577
0.124577
0.141257
0.141257
0.128244
0.128244
0.0740915
0.0740915
0.107062
0.107062
0.0847213
0.0847213
0.00563262
0.00563262
0.00914264
0.00914264
0.00449641
0.00449641
-0.00612239
-0.00612239
-0.0198443
-0.0198443
0.00227917
0.00227917
0.00757924
0.00757924
0.0121776
0.0121776
-0.00214104
-0.00214104
-0.00195816
-0.00195816
-0.0204447
-0.0204447
-0.0153601
-0.0153601
-0.48461
-0.48461
-0.59725
-0.59725
0.651559
0.651559
0.618102
0.618102
-0.211101
-0.211101
0.192504
0.192504
0.198891
0.198891
0.195695
0.195695
0.200702
0.200702
0.203614
0.203614
0.204355
0.204355
0.202124
0.202124
0.19879
0.19879
0.187811
0.187811
0.189788
0.189788
0.185532
0.185532
0.186304
0.186304
-0.423913
-0.423913
-0.559561
-0.559561
-0.380916
-0.380916
-0.445807
-0.445807
-0.19251
-0.19251
0.310075
0.310075
0.0548924
0.0548924
-0.00408477
-0.00408477
-0.00823297
-0.00823297
0.202569
0.202569
0.600547
0.600547
0.407666
0.407666
0.432707
0.432707
0.458534
0.458534
-0.673625
-0.673625
-0.270059
-0.270059
-0.60307
-0.60307
0.0167407
0.0167407
-0.164791
-0.164791
0.371708
0.371708
0.424946
0.424946
0.449052
0.449052
0.394337
0.394337
0.343151
0.343151
-0.44588
-0.44588
0.206848
0.206848
-0.364547
-0.364547
-0.321816
-0.321816
-0.133419
-0.133419
-0.234365
-0.234365
0.418654
0.418654
0.35541
0.35541
0.361933
0.361933
0.382573
0.382573
0.405059
0.405059
0.360767
0.360767
0.33886
0.33886
0.336014
0.336014
0.373967
0.373967
0.378345
0.378345
0.175866
0.175866
-0.0407626
-0.0407626
-0.0864332
-0.0864332
-0.122432
-0.122432
0.342024
0.342024
0.215221
0.215221
0.268871
0.268871
0.187831
0.187831
0.191483
0.191483
0.194307
0.194307
0.192838
0.192838
0.176168
0.176168
0.183107
0.183107
0.17906
0.17906
0.184596
0.184596
0.187276
0.187276
0.196718
0.196718
0.196841
0.196841
0.192441
0.192441
0.194593
0.194593
-0.424768
-0.424768
-0.430291
-0.430291
-0.383002
-0.383002
-0.447435
-0.447435
-0.451252
-0.451252
-0.493894
-0.493894
-0.407621
-0.407621
-0.203114
-0.203114
-0.233744
-0.233744
-0.0763388
-0.0763388
0.0276737
0.0276737
-0.249978
-0.249978
-0.390531
-0.390531
-0.360277
-0.360277
-0.333526
-0.333526
-0.124437
-0.124437
-0.101392
-0.101392
-0.33176
-0.33176
-0.139769
-0.139769
-0.176613
-0.176613
-0.225957
-0.225957
-0.0209693
-0.0209693
-0.0238437
-0.0238437
-0.455893
-0.455893
-0.54511
-0.54511
-0.525435
-0.525435
-0.454241
-0.454241
-0.248761
-0.248761
-0.206157
-0.206157
-0.175362
-0.175362
-0.176764
-0.176764
-0.315206
-0.315206
-0.162442
-0.162442
-0.100186
-0.100186
-0.489192
-0.489192
-0.559727
-0.559727
-0.548649
-0.548649
-0.455581
-0.455581
1.52198e-05
1.52198e-05
-0.00713957
-0.00713957
-0.0199066
-0.0199066
-0.0689107
-0.0689107
-0.0466326
-0.0466326
-0.071542
-0.071542
0.186234
0.186234
0.186651
0.186651
0.186797
0.186797
0.199766
0.199766
0.211639
0.211639
0.226889
0.226889
0.192704
0.192704
0.169094
0.169094
0.162449
0.162449
0.16445
0.16445
0.14037
0.14037
0.149072
0.149072
0.145258
0.145258
0.157551
0.157551
0.175987
0.175987
0.182985
0.182985
0.18263
0.18263
0.184624
0.184624
0.169248
0.169248
0.169778
0.169778
0.159375
0.159375
0.16302
0.16302
0.141088
0.141088
0.124207
0.124207
0.114019
0.114019
0.00202694
0.00202694
0.00362927
0.00362927
0.00103409
0.00103409
-0.00630494
-0.00630494
0.0080948
0.0080948
0.00382886
0.00382886
-0.0520356
-0.0520356
-0.0161052
-0.0161052
-0.0280822
-0.0280822
-0.0235595
-0.0235595
-0.0708176
-0.0708176
0.0112419
0.0112419
0.00515975
0.00515975
-0.404932
-0.404932
-0.331505
-0.331505
-0.511042
-0.511042
-0.538948
-0.538948
-0.60933
-0.60933
0.560255
0.560255
0.672008
0.672008
0.506114
0.506114
0.284623
0.284623
0.284184
0.284184
0.510922
0.510922
0.608106
0.608106
0.262652
0.262652
0.432671
0.432671
0.462863
0.462863
0.199555
0.199555
0.470544
0.470544
0.19746
0.19746
0.196754
0.196754
0.194193
0.194193
0.193772
0.193772
0.195149
0.195149
-0.336501
-0.336501
-0.241197
-0.241197
-0.227021
-0.227021
-0.176135
-0.176135
-0.0632236
-0.0632236
0.0509602
0.0509602
-0.0407589
-0.0407589
-0.154636
-0.154636
-0.0145529
-0.0145529
-0.00455691
-0.00455691
0.304826
0.304826
0.32069
0.32069
0.26452
0.26452
0.290287
0.290287
0.290477
0.290477
0.11634
0.11634
0.191642
0.191642
0.24529
0.24529
0.202106
0.202106
0.244991
0.244991
0.266837
0.266837
0.228272
0.228272
0.258258
0.258258
0.205301
0.205301
0.164458
0.164458
0.163605
0.163605
0.111055
0.111055
0.130935
0.130935
0.1089
0.1089
0.0919262
0.0919262
0.187403
0.187403
0.16668
0.16668
0.175709
0.175709
0.169002
0.169002
0.188089
0.188089
0.215554
0.215554
0.21087
0.21087
0.234617
0.234617
0.247376
0.247376
0.173779
0.173779
0.136717
0.136717
0.145207
0.145207
0.17164
0.17164
0.13566
0.13566
0.148083
0.148083
0.162089
0.162089
-0.129636
-0.129636
-0.227296
-0.227296
-0.138095
-0.138095
-0.431483
-0.431483
-0.338666
-0.338666
-0.354569
-0.354569
-0.400168
-0.400168
-0.364136
-0.364136
-0.0770513
-0.0770513
-0.781608
-0.781608
-0.747321
-0.747321
-1.38552
-1.38552
0.1411
0.1411
0.629042
0.629042
0.373946
0.373946
0.347273
0.347273
0.403227
0.403227
0.380667
0.380667
0.384161
0.384161
0.4158
0.4158
0.421287
0.421287
0.332233
0.332233
0.348177
0.348177
0.353345
0.353345
0.301387
0.301387
0.326361
0.326361
0.358014
0.358014
0.353518
0.353518
0.186343
0.186343
0.0675535
0.0675535
0.0568165
0.0568165
0.0209855
0.0209855
-0.0988298
-0.0988298
-0.0691407
-0.0691407
0.131763
0.131763
0.0559247
0.0559247
-0.0151791
-0.0151791
-0.00943405
-0.00943405
0.151565
0.151565
0.0450585
0.0450585
0.107136
0.107136
0.145136
0.145136
0.0781691
0.0781691
0.0374216
0.0374216
0.232265
0.232265
0.299982
0.299982
0.289954
0.289954
0.264002
0.264002
0.179425
0.179425
0.191108
0.191108
0.216436
0.216436
0.252544
0.252544
0.277791
0.277791
0.312114
0.312114
0.183865
0.183865
0.189731
0.189731
0.191021
0.191021
0.188722
0.188722
0.186168
0.186168
0.188811
0.188811
0.18876
0.18876
0.191334
0.191334
0.19228
0.19228
0.194971
0.194971
0.194012
0.194012
-0.470303
-0.470303
-0.513447
-0.513447
-0.446968
-0.446968
-0.45828
-0.45828
-0.399998
-0.399998
-0.375375
-0.375375
-0.281984
-0.281984
-0.331988
-0.331988
-0.488259
-0.488259
-0.450918
-0.450918
-0.426397
-0.426397
-0.434027
-0.434027
-0.461778
-0.461778
-0.48529
-0.48529
-0.206313
-0.206313
-0.195131
-0.195131
-0.180976
-0.180976
-0.239868
-0.239868
-0.0509199
-0.0509199
0.0848971
0.0848971
0.142097
0.142097
0.0242588
0.0242588
-0.0746003
-0.0746003
-0.039744
-0.039744
-0.0168621
-0.0168621
-0.466876
-0.466876
-0.386096
-0.386096
-0.52112
-0.52112
-0.364599
-0.364599
-0.395333
-0.395333
-0.278953
-0.278953
-0.216909
-0.216909
-0.232955
-0.232955
-0.322954
-0.322954
-0.342566
-0.342566
-0.151917
-0.151917
-0.0271844
-0.0271844
-0.0526778
-0.0526778
-0.0753324
-0.0753324
-0.0557546
-0.0557546
-0.0346846
-0.0346846
0.172606
0.172606
0.167566
0.167566
0.166006
0.166006
0.16156
0.16156
0.160722
0.160722
0.171875
0.171875
0.176387
0.176387
0.178814
0.178814
0.184152
0.184152
0.185132
0.185132
0.176491
0.176491
0.180651
0.180651
0.183844
0.183844
-0.0189317
-0.0189317
0.00640427
0.00640427
0.00815558
0.00815558
-0.0380764
-0.0380764
-0.00818444
-0.00818444
0.00138438
0.00138438
-0.0146031
-0.0146031
-0.207288
-0.207288
-0.284871
-0.284871
-0.285368
-0.285368
-0.323608
-0.323608
-0.45385
-0.45385
-0.395935
-0.395935
0.13681
0.13681
0.118158
0.118158
0.142249
0.142249
0.348537
0.348537
0.208461
0.208461
0.123367
0.123367
0.197149
0.197149
0.308034
0.308034
-0.0545898
-0.0545898
0.131575
0.131575
-0.0320933
-0.0320933
0.534444
0.534444
0.423424
0.423424
0.562994
0.562994
0.206764
0.206764
-0.104819
-0.104819
0.0409213
0.0409213
0.0956103
0.0956103
-0.102013
-0.102013
-0.0273967
-0.0273967
-0.00383475
-0.00383475
-0.114957
-0.114957
-0.081469
-0.081469
-0.0536949
-0.0536949
0.0463874
0.0463874
-0.0798115
-0.0798115
-0.111353
-0.111353
-0.356803
-0.356803
-0.174019
-0.174019
-0.0397807
-0.0397807
-0.0598581
-0.0598581
0.0678945
0.0678945
0.129263
0.129263
-0.0947889
-0.0947889
-0.175056
-0.175056
-0.211888
-0.211888
0.294316
0.294316
0.313861
0.313861
0.330464
0.330464
0.302423
0.302423
0.326185
0.326185
0.250403
0.250403
0.241959
0.241959
0.260589
0.260589
0.271442
0.271442
0.264481
0.264481
-1.11667
-1.11667
-0.827623
-0.827623
-1.76829
-1.76829
-1.0777
-1.0777
-0.631967
-0.631967
0.170726
0.170726
0.126991
0.126991
0.421699
0.421699
0.312601
0.312601
0.393256
0.393256
0.374526
0.374526
0.333495
0.333495
0.294691
0.294691
0.304968
0.304968
0.343122
0.343122
0.0442248
0.0442248
0.150856
0.150856
0.125149
0.125149
0.134328
0.134328
0.0391087
0.0391087
-0.0267604
-0.0267604
0.267017
0.267017
0.261522
0.261522
0.297144
0.297144
0.320927
0.320927
0.290363
0.290363
0.322839
0.322839
0.182258
0.182258
0.181907
0.181907
0.18092
0.18092
0.178233
0.178233
0.176617
0.176617
0.178532
0.178532
-0.324713
-0.324713
-0.400389
-0.400389
-0.261695
-0.261695
-0.279357
-0.279357
-0.328141
-0.328141
-0.381895
-0.381895
-0.0247081
-0.0247081
-0.0515965
-0.0515965
-0.0472142
-0.0472142
-0.038344
-0.038344
-0.000270777
-0.000270777
-0.0272131
-0.0272131
-0.181777
-0.181777
-0.236205
-0.236205
-0.303645
-0.303645
-0.274884
-0.274884
-0.337886
-0.337886
-0.404647
-0.404647
-0.42605
-0.42605
-0.319869
-0.319869
-0.228906
-0.228906
-0.237569
-0.237569
0.0684692
0.0684692
0.317
0.317
0.14535
0.14535
0.309668
0.309668
0.141649
0.141649
0.201843
0.201843
0.141581
0.141581
0.133272
0.133272
0.168481
0.168481
0.0361169
0.0361169
0.112999
0.112999
-0.142368
-0.142368
-0.640447
-0.640447
-0.54847
-0.54847
0.431112
0.431112
0.452628
0.452628
0.233615
0.233615
0.0386792
0.0386792
-0.184454
-0.184454
0.0141285
0.0141285
0.215098
0.215098
0.154187
0.154187
0.194311
0.194311
0.261036
0.261036
0.254055
0.254055
-0.350009
-0.350009
-0.274327
-0.274327
-0.0417964
-0.0417964
0.185531
0.185531
-0.119003
-0.119003
-0.125966
-0.125966
-0.130127
-0.130127
0.033657
0.033657
-0.0335909
-0.0335909
))
(300 (2 1 3 0 0 1 918)(
0.985154 -0.000528289 0 
0.00500544 2.96625 0 
-0.0168738 1.55766 0 
0.979695 0.00216498 0 
-0.00216164 1.54723 1.28746e-20 
-0.00703425 2.94879 -1.85838e-18 
0.853671 1.19671 7.34102e-19 
0.403851 0.182953 -8.86834e-21 
0.999905 -0.000308526 0 
0.0708018 0.831528 0 
-0.059686 0.88613 0 
0.75271 -0.0118874 0 
0.011096 2.93039 0 
0.00162469 2.79484 0 
-0.0177264 3.16705 1.08798e-18 
-0.000903052 1.42756 2.43322e-20 
0.520203 0.0797288 5.57535e-19 
0.191841 1.20653 6.43774e-19 
0.963055 0.00513132 0 
0.00262375 1.26779 0 
0.131505 0.240116 -4.70544e-19 
1.00207 -0.00499019 0 
1.00022 -0.00976572 0 
0.97574 -0.00645284 0 
0.663801 -0.0387336 0 
0.0173264 2.63327 0 
-0.0151367 2.91018 6.4106e-19 
-0.0262601 1.57777 0 
-0.0347965 1.72254 0 
-0.0268237 1.56969 0 
-0.00445929 1.86358 0 
0.00542692 1.57349 -1.01819e-20 
-0.000806793 1.44001 0 
-0.0206264 2.98759 -6.49507e-23 
-0.0167024 3.0053 1.44452e-18 
0.00210299 3.00021 0 
0.870782 -0.00933412 0 
0.396044 0.933822 -3.53022e-20 
0.832019 1.21538 -1.02661e-18 
0.978448 1.05011 9.62929e-19 
0.699298 1.31156 -1.70352e-19 
0.697561 1.30129 9.55678e-19 
0.440551 0.273891 8.65254e-21 
0.434899 0.169552 0 
1.16218 0.561035 0 
0.405585 0.282594 4.05122e-20 
0.361205 0.18259 -4.20433e-20 
0.919538 -0.0074079 0 
1.00027 8.57953e-05 0 
0.999909 0.000321546 0 
1.00356 -0.00779556 0 
1.00095 -0.00103512 0 
1.00017 1.38195e-06 0 
0.0674825 1.8114 -2.91095e-19 
0.0210307 0.968122 0 
0.0899427 0.924761 0 
0.0256858 0.886591 0 
0.0128839 0.741754 0 
-0.0470236 1.58564 0 
-0.0661416 0.927398 0 
-0.0388885 0.748075 0 
-0.0568834 1.06854 0 
-0.0458901 1.02119 0 
0.836661 -0.00627114 0 
0.857436 0.0128739 0 
0.769682 -0.000864297 0 
0.848483 0.0168404 0 
0.739699 -0.0146769 0 
0.0146991 3.0004 6.8009e-19 
0.0115192 3.00789 0 
0.0061347 3.00284 0 
0.0135335 2.99732 7.57826e-24 
0.00799876 2.95847 -1.01078e-18 
0.0144893 2.98211 0 
0.0107986 2.90362 0 
0.0248593 2.93064 1.35379e-24 
0.00423637 2.82505 0 
0.0311456 2.91568 0 
-0.00616686 2.7439 0 
0.31124 3.56733 0 
-0.132515 3.64953 0 
0.141099 3.25793 -1.01252e-18 
-0.0112139 2.99032 0 
-0.0307251 1.83514 0 
0.0153793 1.60971 -2.40022e-20 
0.00136084 1.42432 3.79059e-20 
0.5784 0.154027 -1.91879e-19 
0.519153 0.0504185 -1.8637e-19 
0.565234 0.177961 -5.77907e-19 
0.513206 0.107689 -3.89384e-19 
0.211448 0.898678 0 
0.274265 1.35296 -6.6856e-19 
0.393801 1.31319 1.09956e-18 
0.98762 0.0085317 0 
0.942218 0.00595717 0 
1.00029 0.000572408 0 
1.00287 0.00929118 0 
1.00303 0.00848768 -1.07013e-18 
0.991939 0.00965961 8.08113e-19 
-0.014315 1.42743 0 
-0.0122093 1.2461 0 
-0.0344188 1.58466 0 
-0.0201848 1.48318 0 
-0.000638575 1.30721 0 
0.19398 0.249954 1.45048e-19 
0.240179 0.226871 0 
0.993549 -0.00829291 0 
0.95438 -0.00639687 0 
0.816703 0.0255188 0 
0.783351 0.0372598 0 
0.716551 -0.029752 0 
0.985357 -0.003582 0 
0.724615 0.052461 0 
0.572663 -0.0182336 7.43367e-19 
-0.036059 2.86504 3.24498e-19 
0.0431446 2.90791 0 
0.0562943 2.88357 0 
-0.00557693 2.69713 0 
-0.0130119 2.98539 5.88138e-19 
-0.0181873 2.89554 0 
-0.0153061 2.98815 -1.86286e-18 
-0.0134287 2.92525 6.43606e-19 
-0.0353 1.80717 0 
-0.0302112 1.80857 0 
0.00715425 1.58641 6.16803e-22 
0.00763852 1.56307 0 
-0.00558313 1.43575 0 
0.937069 -0.00625318 0 
0.855739 -0.00931249 0 
0.864825 0.00843844 0 
0.94863 -0.00750029 0 
0.883165 -0.00865523 0 
0.509951 1.12943 3.31778e-20 
0.561695 1.1843 0 
0.355514 0.872134 3.81744e-21 
0.298706 0.733535 0 
0.938163 1.08691 -2.78307e-19 
1.05041 0.884635 5.70189e-19 
0.392083 1.40386 0 
0.551519 1.37944 0 
0.55345 1.33545 0 
0.0975561 0.153779 -1.29902e-19 
0.484233 0.257539 0 
0.467567 0.156465 1.11175e-19 
1.02053 0.938337 0 
1.08683 0.78201 0 
1.11253 0.724623 -4.99585e-19 
1.14229 0.620398 0 
1.19347 0.403971 5.79225e-20 
0.957153 -0.00893835 0 
0.962196 -0.0102078 0 
0.901026 -0.00807803 0 
0.984179 -0.00914219 0 
0.974513 -0.00940173 0 
0.936886 -0.006279 0 
1.00019 0.00233705 0 
1.00085 0.00131279 0 
0.999931 0.000862141 0 
0.0289323 2.01789 1.77047e-19 
0.131251 1.7105 0 
0.00337743 2.10432 1.96552e-19 
0.018722 1.87697 -1.11564e-19 
0.134897 1.19896 -5.33527e-19 
0.0670979 1.05504 0 
0.100253 1.05793 0 
0.00758272 0.826263 0 
-0.00150134 0.682185 0 
-0.0649269 1.84283 2.64044e-21 
-0.0713307 1.73496 0 
0.0118945 1.74 1.5997e-19 
-0.0351121 1.45637 -3.0541e-19 
1.21533e-05 0.786668 0 
-0.0344383 0.825621 0 
-0.0202791 0.676481 0 
-0.0501075 1.19834 0 
-0.0327247 1.11778 0 
0.929925 0.0144505 0 
0.856001 -0.00206979 0 
0.916204 0.00399308 0 
0.8342 -0.00986868 0 
0.812041 0.00541299 0 
0.903222 0.0158573 0 
0.880803 0.0163229 0 
0.786739 0.00413264 0 
0.00585534 3.06485 -5.96661e-21 
0.0165284 3.05802 0 
0.0147373 2.96914 0 
0.00854944 2.8763 0 
0.929641 3.98744 0 
1.24562 3.31739 1.0167e-18 
0.0715246 3.08228 0 
-0.026345 2.91069 0 
-0.038715 1.80009 0 
-0.0426994 1.82691 0 
-0.0354364 1.81062 0 
-0.0134952 1.85225 4.86687e-21 
-0.0344572 1.84796 0 
-0.0224907 1.84198 0 
0.0162664 1.42545 -3.66389e-20 
0.0431235 1.63213 -9.60358e-20 
0.0274219 1.62072 -3.85011e-20 
0.00662296 1.42222 0 
0.609828 0.124695 2.82705e-19 
0.537351 0.0200481 -2.75565e-19 
0.26415 1.53093 0 
0.257729 0.668934 -2.09403e-19 
0.172222 1.61407 -7.02614e-19 
0.242448 1.15843 7.04675e-19 
0.903465 0.00663747 0 
0.967752 0.0107281 0 
0.97487 0.0106942 0 
0.924178 0.00662573 0 
-0.0412492 1.30564 0 
-0.0249178 1.38225 0 
-0.0258903 1.19159 0 
0.361185 0.28321 3.73526e-19 
0.305131 0.264961 -4.56004e-19 
0.312269 0.204166 0 
1.11018 0.085594 -3.92471e-21 
1.09531 0.0396123 0 
1.02256 0.0391007 0 
0.924271 0.00426442 0 
0.633847 0.0938436 0 
0.66534 0.0684134 -1.19662e-18 
0.552641 0.00497096 4.57268e-19 
0.00975811 2.9821 4.13632e-19 
-0.0321603 2.8677 4.85797e-20 
0.00375798 3.05016 -1.28988e-20 
0.0200349 3.04353 4.64278e-19 
-0.015035 2.99656 2.14082e-20 
-0.012972 2.94945 -8.67171e-23 
-0.0172626 3.012 -4.06441e-19 
0.0147642 3.02411 2.93623e-19 
0.00727288 3.03667 -4.58367e-19 
0.925729 -0.00122541 0 
0.935076 -0.00241003 0 
0.841259 -0.0074953 0 
0.957262 0.0113791 0 
0.94401 0.0131723 0 
0.883396 0.00687999 0 
0.919158 0.0147773 0 
0.92789 0.014547 0 
0.839941 0.00750202 0 
0.718185 1.41412 3.33198e-19 
0.753578 1.52517 0 
0.220857 0.357093 2.46158e-20 
0.183497 0.590073 2.00038e-19 
0.266796 0.693309 -1.11734e-19 
0.229054 0.575284 2.03559e-19 
0.293547 0.70656 7.38881e-19 
0.108061 0.188622 2.08972e-19 
0.546368 0.214144 4.18038e-19 
0.515858 0.241052 1.03759e-19 
0.495676 0.139059 2.1002e-19 
1.18287 0.461007 2.98729e-19 
1.20053 0.256031 3.12035e-19 
-0.0563051 2.10976 3.49747e-20 
-0.0290822 1.89442 0 
0.973837 0.0296575 0 
0.94107 0.0192756 0 
0.882191 -0.00277709 0 
0.0109656 3.07445 0 
0.0198508 2.9441 7.94819e-19 
0.0165253 2.95637 0 
0.00618503 2.85077 -7.88325e-19 
0.00617636 3.09141 1.88147e-19 
0.00738278 3.08273 0 
0.787556 1.83029 -2.40975e-19 
1.25287 2.51346 6.64095e-19 
0.770332 1.97144 -1.49923e-18 
0.0209944 2.98356 -3.01137e-19 
0.0373178 3.00654 0 
-0.0322891 2.88172 0 
0.0661118 1.66162 7.9167e-21 
0.0623953 1.66606 2.82716e-19 
0.0438425 1.4308 -1.04912e-20 
0.276877 1.34151 6.79592e-19 
0.214704 0.447873 -4.69025e-19 
0.0637176 1.94048 4.68421e-19 
0.131541 1.83061 -5.88242e-19 
0.193314 1.4457 8.56373e-20 
0.00309759 3.11811 -1.10841e-18 
0.0176313 3.1178 1.18511e-18 
-0.00874087 2.98108 5.09082e-19 
-0.00268418 2.97769 -4.49723e-19 
-0.0214854 2.88228 -5.18483e-19 
0.00878152 3.09902 -1.37731e-18 
0.00225014 3.10666 1.33817e-18 
0.231157 0.623141 0 
0.185355 0.609756 -3.89471e-19 
0.116802 0.204615 1.75698e-19 
0.320112 0.828901 6.308e-19 
0.170454 0.224918 -9.67649e-19 
1.19494 0.171882 -5.8269e-20 
1.19983 0.308591 0 
1.18372 0.120021 1.2239e-19 
-0.0520802 1.98375 2.14753e-21 
-0.0518867 2.06455 0 
-0.0446353 1.85029 0 
0.329991 1.22682 -2.4662e-19 
0.349809 1.0405 -5.22917e-19 
0.188465 0.320645 8.94049e-19 
1.00585 -0.0110327 0 
1.0076 -0.00761123 1.95286e-19 
-0.0372608 1.7857 0 
-0.0443291 1.79058 0 
1.00223 0.00343088 1.73766e-21 
1.0035 0.00920947 4.01689e-19 
-0.0184358 1.86432 -6.31502e-21 
-0.0124654 1.87031 0 
0.0395015 3.18314 1.1044e-19 
0.40031 3.5026 0 
1.11915 0.644684 6.62795e-20 
1.01319 0.0127992 -2.03147e-21 
1.02104 -0.0106148 0 
1.00174 -3.25586e-05 4.18405e-23 
0.158422 1.29863 0 
0.178038 2.56577 0 
-0.206124 1.12979 0 
-0.217607 2.64037 -2.06172e-19 
-0.207213 2.338 -4.21871e-20 
1.00734 0.0162735 3.10746e-21 
1.05091 0.00340632 0 
1.07598 0.0305368 0 
-0.0471143 1.82673 0 
-0.0365491 1.9504 0 
-0.0790599 1.70543 0 
0.297079 1.45811 -4.41274e-19 
1.01114 -0.00963206 0 
1.00946 -0.0152604 0 
1.00244 0.00043338 2.4848e-19 
1.00549 -0.00499742 -2.93752e-19 
1.00123 -0.00107512 0 
-0.0618849 1.80686 0 
-0.0449678 1.78224 0 
-0.0474633 1.79763 0 
-0.0660987 1.71272 0 
-0.0406983 1.74858 0 
-0.0492704 1.74049 0 
1.03352 -0.0102043 0 
1.02061 0.015281 -1.17777e-21 
0.780613 1.26226 5.21658e-19 
1.00229 0.000281167 -2.47706e-19 
1.00391 0.00526212 2.92984e-19 
1.00124 0.00209333 0 
1.013 0.0100949 2.41929e-19 
1.00819 0.00823089 -3.00597e-19 
1.00871 0.014566 0 
-0.0342018 1.94458 0 
-0.025576 1.90321 -8.90614e-21 
-0.0219154 1.90865 8.98106e-21 
1.19161 0.25797 -7.55565e-20 
1.12996 0.088967 0 
0.0522384 3.07765 -5.13233e-19 
0.0683005 2.85132 -4.11403e-20 
0.147729 3.197 8.11129e-19 
0.142141 3.22629 5.87786e-22 
0.139882 3.24203 0 
0.0216957 3.13834 1.10947e-19 
0.0806525 3.16227 5.00178e-19 
0.0734632 3.18937 -2.1453e-19 
0.0249823 3.12899 0 
0.662219 0.323761 0 
0.594259 0.369766 0 
1.09228 0.672392 -2.53455e-19 
1.09004 0.81143 3.91441e-19 
1.1476 0.560861 0 
1.17954 0.502842 0 
1.0161 0.0130056 -4.47111e-19 
1.0148 0.0140093 5.58663e-19 
1.02516 -0.0104718 0 
1.02337 -0.0122141 0 
1.00697 0.00264284 0 
1.01029 0.00321844 0 
1.00477 0.0015606 0 
1.00994 0.00601576 0 
1.00808 0.00631545 0 
1.00421 0.00447639 0 
0.159758 1.29991 0 
0.133119 1.17795 0 
0.179147 1.38219 0 
0.122742 1.36965 0 
0.153664 2.58271 0 
0.189558 2.63729 -2.12238e-19 
0.102697 2.6385 0 
0.0935767 2.63357 1.25498e-20 
-0.0163177 2.70928 2.04962e-19 
-0.181936 1.18837 0 
-0.190652 1.20645 0 
-0.171117 1.12603 0 
-0.0889713 0.986946 0 
-0.305437 2.32108 3.53647e-19 
-0.24895 2.46776 -1.85176e-19 
-0.214569 2.63541 -2.59138e-19 
-0.204638 2.56061 0 
-0.193706 2.32643 1.00848e-19 
-0.120835 2.23439 1.24181e-19 
-0.351956 2.29096 -3.1781e-19 
-0.31196 2.40549 2.47305e-19 
-0.29031 2.50077 3.50217e-19 
1.01673 0.0283107 4.40761e-19 
1.01082 0.0167763 -5.43213e-19 
1.00851 0.0256523 -4.61083e-19 
0.991369 0.0121011 5.88934e-19 
1.05124 0.00491824 0 
1.03836 -0.0140423 0 
1.07259 0.0380711 0 
1.05677 0.0150037 0 
1.05486 0.00908918 0 
1.11375 0.0773196 0 
1.08591 0.0489145 0 
1.08836 0.0402743 0 
-0.0414836 1.86783 -1.15336e-21 
-0.0615535 1.84915 0 
-0.0434287 1.85191 0 
-0.0469519 1.99214 -4.20153e-21 
-0.0350819 2.01365 8.45875e-22 
-0.110035 1.81612 5.80881e-21 
-0.074685 1.80417 -5.89361e-21 
-0.094275 1.74366 0 
-0.0712948 1.77148 0 
-0.0638767 1.7765 0 
-0.105763 1.67063 0 
-0.0785961 1.60396 0 
0.382675 1.47439 8.39136e-19 
0.406691 1.48952 3.2797e-19 
0.591882 2.43426 -1.54939e-19 
0.407431 2.52416 4.35339e-19 
0.350335 2.09097 -4.79368e-20 
1.02074 -0.00885251 0 
1.01524 -0.00998595 0 
1.0148 -0.0155436 0 
1.0077 -0.00127553 0 
1.00466 -0.00140354 0 
1.00751 -0.00469685 0 
1.00938 -0.00388027 0 
1.01408 -0.00472966 0 
1.02194 0.0158342 4.24709e-19 
1.01738 0.0155285 -5.46179e-19 
1.02346 0.0192358 -4.29422e-19 
1.01819 0.01938 5.38247e-19 
0.754782 1.31087 0 
0.687326 1.36809 6.18359e-19 
0.857235 1.20171 3.59002e-19 
0.899242 1.16019 -4.77937e-19 
1.15101 2.61753 -5.59108e-19 
0.835532 0.105997 2.89937e-19 
1.13009 0.101964 0 
1.17435 0.181519 6.53854e-20 
1.15994 0.15732 2.88584e-21 
0.984504 0.12252 0 
0.147081 2.96617 1.29824e-19 
0.124598 2.87194 -6.63982e-19 
0.0364816 2.35743 4.79683e-19 
0.102089 0.0866728 -2.02113e-19 
0.344804 3.43063 -4.44243e-19 
0.19915 3.32145 0 
0.240299 3.36596 5.78545e-19 
0.254567 3.04011 -7.47859e-19 
0.349378 3.19986 0 
0.00638275 3.12088 2.61006e-20 
0.0170729 3.12973 -3.34338e-19 
0.0149481 3.12562 4.92091e-19 
0.0374635 3.14024 0 
0.0362114 3.15153 0 
1.21697 2.61858 0 
0.516596 0.853498 -2.35242e-19 
1.02138 0.985283 -2.03822e-19 
0.957068 1.05234 0 
0.800008 0.948422 5.53524e-20 
1.04276 0.862383 3.02121e-20 
0.406282 0.447095 -5.38268e-19 
0.700254 0.338134 -2.29117e-20 
0.687033 0.280286 2.22868e-19 
0.607592 0.399081 1.76661e-20 
0.545229 0.380159 -7.25799e-19 
0.671964 0.359057 0 
0.702544 0.42675 3.67648e-19 
0.700178 0.423944 0 
0.634158 0.390972 0 
0.620613 0.329646 0 
0.770622 0.58893 1.29868e-19 
1.18997 0.27414 4.78856e-20 
1.18686 0.405341 0 
1.19856 0.359396 0 
0.767626 0.195784 3.34329e-19 
0.822839 0.527523 -1.81773e-19 
0.736879 0.497136 2.97022e-19 
0.913996 0.420097 -2.7735e-19 
1.01931 0.0144661 2.93962e-19 
1.01771 0.0139039 -3.01019e-19 
1.01544 0.0153772 0 
1.03468 -0.00697475 0 
1.02911 -0.00968264 -2.69245e-19 
1.02721 -0.0121656 2.6633e-19 
1.02548 0.00830949 0 
1.02443 0.0127015 0 
1.01144 0.00367716 0 
1.01427 0.00891743 0 
1.01504 0.00344651 0 
1.01407 0.00212307 0 
0.149001 1.15112 0 
0.103409 1.00694 0 
0.195956 1.40093 3.7285e-19 
0.269015 1.45307 2.55575e-19 
0.186809 1.43759 5.71562e-19 
0.195771 1.43372 -9.25559e-19 
0.179482 1.40707 0 
0.137517 1.59154 2.48003e-19 
0.15122 1.57967 0 
0.335415 2.04066 6.96752e-20 
0.345077 2.37597 2.32779e-19 
0.150378 1.46442 -2.16793e-19 
0.249295 1.37403 1.95523e-19 
0.185961 1.38615 -1.56806e-19 
0.262647 1.32088 3.18316e-19 
0.220754 1.57281 0 
0.270249 1.61921 -2.04983e-19 
0.0504066 2.42813 1.48959e-19 
-0.0226471 2.71288 0 
0.0904352 2.44687 -2.12153e-19 
0.0567348 2.52116 0 
0.0738145 2.6587 -1.65181e-20 
0.0126224 2.71457 0 
-0.305223 1.48544 4.77534e-19 
-0.272403 1.65441 0 
-0.130924 1.29938 0 
-0.226168 1.26699 -5.38317e-19 
-0.20374 2.68338 -8.29348e-20 
-0.0988067 2.7546 -3.05742e-19 
-0.160701 2.71598 -1.70905e-21 
-0.452311 2.09426 -8.85106e-20 
-0.448271 2.0456 -1.32405e-19 
-0.175737 1.30762 0 
-0.130666 1.3384 0 
0.0427253 1.83151 -7.11559e-19 
-0.0324992 1.42624 -7.68684e-19 
-0.0744989 1.64252 9.74375e-19 
0.189834 1.81586 0 
-0.11651 1.91718 -8.0534e-23 
-0.096986 1.97078 -5.36041e-21 
-0.119155 2.01082 3.93457e-21 
-0.413862 1.97366 1.0721e-19 
-0.204262 2.16238 1.35185e-20 
-0.236232 2.22785 -7.66304e-20 
1.02076 0.0236018 -2.90721e-19 
1.01823 0.0260397 2.89639e-19 
1.01398 0.0214879 0 
1.00751 0.048688 4.21313e-19 
0.994294 0.0351939 -4.9441e-19 
0.964864 0.0231566 5.72901e-19 
1.00831 0.084091 -5.44924e-20 
1.03941 -0.00933781 0 
1.04162 -0.00863576 2.40633e-19 
1.03348 -0.0180992 -2.42682e-19 
1.05964 0.0423636 -1.32773e-20 
1.05591 0.0238411 1.18322e-19 
1.05663 0.0515416 0 
1.05008 0.0428422 -4.43253e-20 
1.03927 0.0289121 0 
1.03521 0.0250542 0 
1.02812 0.0118424 0 
1.02663 0.0151755 0 
1.04754 0.0267183 9.24033e-20 
1.04644 0.0188409 -2.09292e-19 
1.05144 0.0266985 -9.2921e-20 
1.04954 0.0274695 -1.08055e-19 
1.05858 0.0582546 1.93136e-19 
1.07822 0.0515757 0 
1.08314 0.0936202 0 
-0.109919 1.90742 2.92524e-21 
-0.0783002 1.85357 -9.52296e-22 
-0.0890152 1.86558 0 
-0.0716135 1.91387 -2.92831e-21 
-0.0496582 1.87561 2.0183e-21 
-0.0581041 1.89404 1.92999e-22 
-0.0965469 2.19782 -1.2843e-19 
-0.12441 2.06029 1.77712e-21 
-0.150472 2.11151 -1.45927e-20 
-0.0523948 2.08572 3.50535e-20 
-0.0571932 2.10935 -3.93645e-20 
-0.147669 1.77607 -8.15796e-22 
-0.13835 1.82329 8.29323e-21 
0.380399 1.39511 -4.21748e-19 
0.372156 1.36353 -4.06589e-19 
0.639119 1.41706 -5.95253e-19 
0.516534 1.47934 -3.18937e-19 
0.556539 1.45555 0 
0.589603 2.40789 1.22989e-19 
0.662473 2.38933 2.24252e-19 
0.408545 2.50197 7.89323e-20 
0.404907 2.55423 -1.65621e-19 
0.518121 2.51418 2.63256e-19 
0.545225 2.44752 0 
0.485432 2.4929 -3.56331e-19 
0.240117 2.56955 6.1158e-19 
0.350812 2.5503 -7.92957e-20 
0.282331 2.62796 -9.24654e-19 
0.923106 2.37488 2.10759e-19 
0.819282 2.36969 0 
1.01032 0.000367413 9.76577e-21 
1.01485 -0.00579476 -8.02042e-21 
1.01826 -0.00393141 -1.45066e-19 
1.01503 -0.000582658 1.45003e-19 
1.01225 0.00107527 0 
0.621502 1.26303 0 
0.624083 1.17193 0 
0.730432 1.07657 0 
0.62365 1.12002 0 
1.18159 2.63402 5.5815e-20 
1.06503 2.36879 0 
0.835312 2.23641 -1.85261e-21 
0.824024 2.47863 0 
0.914862 2.56449 1.37392e-20 
0.948523 2.52082 -9.18691e-21 
0.843797 0.145607 0 
0.812821 0.147381 8.3643e-20 
0.928208 0.125702 4.26491e-19 
0.866509 0.116093 -1.70775e-19 
0.850145 0.066061 -5.15557e-19 
1.03699 0.215352 -2.40303e-19 
0.956048 0.272283 -1.58721e-20 
0.903245 0.272136 3.87463e-19 
0.970635 0.19874 2.87134e-19 
0.93663 0.158937 -5.36352e-19 
0.910346 0.171364 6.95619e-20 
0.936396 0.234774 -1.35287e-19 
0.913353 0.194017 0 
0.971623 0.15807 2.56618e-19 
1.0127 0.163666 0 
1.00737 0.19043 0 
1.07567 0.109661 8.1474e-20 
1.03666 0.155623 -1.29934e-20 
1.03099 0.217505 -4.5689e-20 
1.06727 0.190495 0 
1.02563 0.0285509 2.19593e-19 
1.04289 0.0476803 2.61079e-19 
1.04094 0.031801 -2.18346e-19 
1.04004 0.0526265 -1.75881e-19 
1.01962 0.0539578 -2.96252e-19 
0.974669 0.124458 0 
0.986262 0.0775051 0 
0.968436 0.0426314 -2.06435e-19 
0.934979 0.0577886 8.61119e-20 
1.02766 0.0839762 2.47285e-19 
1.04309 0.110603 -2.49858e-19 
1.04682 0.136572 2.28423e-19 
1.01285 0.123381 0 
1.0524 0.0972141 0 
1.03998 0.0800471 -1.04306e-19 
1.03688 0.0809354 -1.98641e-19 
0.575037 1.07835 -1.00795e-19 
0.618931 1.44528 2.01563e-19 
1.15695 2.76016 1.07809e-19 
1.22404 3.09675 -7.20973e-20 
1.24635 2.73503 5.69603e-19 
1.27932 2.71865 -3.43463e-19 
1.20552 2.35375 -8.08386e-21 
1.21001 3.00054 1.99428e-19 
1.22769 2.96578 -2.232e-19 
1.21624 3.25011 -2.70547e-19 
1.37859 2.98143 3.74633e-19 
1.37176 2.89833 0 
0.517829 0.863232 -1.25464e-20 
0.161178 1.28667 3.72636e-19 
0.527391 0.522735 3.53888e-19 
0.363106 0.292022 3.87409e-19 
0.556101 0.413016 4.06458e-19 
0.558119 0.483562 -6.48333e-19 
0.563662 0.49672 5.337e-19 
0.522614 0.449062 -2.12538e-19 
0.467615 0.385967 4.8639e-19 
0.777147 0.250902 -1.8681e-19 
0.728461 0.302589 0 
0.722971 0.239372 1.08948e-20 
0.728416 0.510326 1.88193e-19 
0.697301 0.477554 -6.96392e-19 
0.624557 0.479742 1.87575e-20 
0.6376 0.457188 0 
0.646534 0.726891 1.50665e-19 
0.789706 0.750464 5.7113e-20 
0.713198 0.835637 -7.4864e-20 
0.835535 0.787453 -1.69269e-20 
0.870358 0.830079 1.41771e-20 
0.878828 0.832037 -1.45187e-20 
0.810395 0.626964 -2.21754e-19 
0.884802 0.679484 1.57303e-20 
0.941646 0.696005 0 
0.930854 0.674431 -1.42868e-20 
0.981924 0.310498 6.1087e-20 
1.09866 0.282614 3.27562e-21 
1.02138 0.249016 9.80026e-20 
0.965604 0.345162 -1.41473e-19 
1.01613 0.403468 0 
1.05917 0.390466 0 
0.887833 0.355525 5.30564e-21 
0.827428 0.283913 0 
0.849668 0.272822 2.00079e-19 
0.881911 0.27846 -5.73432e-21 
0.906206 0.423105 7.58476e-19 
0.869604 0.48024 1.92136e-19 
0.873222 0.447952 -2.47531e-19 
0.801996 0.433849 2.65669e-19 
0.787945 0.432416 1.80733e-19 
0.753263 0.414528 -1.776e-19 
1.02724 -0.00132962 2.33735e-19 
1.01988 -0.000170052 0 
1.0183 0.000720286 1.54851e-19 
1.02196 -0.00116984 -3.48392e-19 
1.02164 0.00395414 1.68739e-19 
1.02072 0.0103664 -3.54465e-19 
1.02164 0.00983362 0 
1.02056 0.0107656 -7.48317e-20 
1.01607 0.0076118 1.87756e-19 
1.01692 0.0103341 -9.41922e-20 
1.01769 0.00955414 6.90103e-20 
-0.0603449 1.04536 0 
-0.0622662 1.22936 0 
0.0461405 1.04633 0 
0.0105592 0.929001 0 
0.22246 1.34391 -8.55435e-19 
0.218456 1.30728 2.76207e-19 
0.232294 1.50687 1.8128e-19 
0.218467 1.36689 -2.06762e-19 
0.119325 1.50107 6.996e-19 
0.158337 1.45974 -5.25599e-19 
0.257691 1.31531 -1.9937e-20 
0.221709 1.23122 5.88796e-19 
0.143835 1.17231 8.68535e-20 
0.0867481 1.18943 8.90654e-20 
0.119993 2.40825 2.2171e-19 
0.111882 2.43235 0 
0.185734 2.07465 -2.5697e-20 
0.18306 1.76014 -1.06784e-19 
0.223116 2.07225 2.35111e-20 
0.199483 2.44953 0 
0.263814 2.40692 -1.36299e-19 
0.295988 2.40963 9.68534e-20 
0.20838 2.01339 6.28435e-20 
0.148401 2.18503 6.58746e-21 
0.146196 2.32008 0 
-0.0292105 2.24826 7.05179e-19 
-0.205598 2.62163 6.08372e-19 
-0.167073 2.51843 0 
-0.0385328 2.62327 -3.09737e-20 
0.0166267 2.49423 -3.28569e-19 
-0.33602 1.41576 -4.53879e-20 
-0.292577 1.44778 6.64685e-19 
-0.312444 1.53082 -1.39895e-19 
-0.410426 1.53531 -2.83491e-19 
-0.357297 1.4643 0 
-0.296779 1.51617 0 
-0.136847 1.56845 -3.82382e-20 
-0.221572 1.60268 1.40481e-20 
-0.274194 1.52967 0 
-0.168653 1.43626 -3.75177e-20 
-0.0999314 1.48376 6.36807e-20 
1.03908 0.00148185 0 
1.0408 -0.00128659 -2.22465e-20 
1.04672 0.0136212 -1.66209e-19 
1.05077 0.0120937 0 
1.05054 0.00947674 0 
1.04013 0.00373757 -6.7194e-21 
1.0346 0.00505038 2.7472e-19 
1.03607 0.0111426 3.32128e-19 
1.02823 0.0187504 0 
1.0271 0.0197683 0 
1.04145 0.0204864 1.67306e-19 
1.03373 0.0218626 0 
1.03049 0.0213066 0 
-0.233911 1.94326 0 
-0.173074 1.83127 9.83562e-22 
-0.186031 1.90902 3.27271e-22 
-0.194551 1.64636 0 
-0.224707 1.79142 -1.52158e-20 
-0.173824 1.75179 -2.72298e-21 
-0.1669 1.69993 0 
0.401814 1.67858 0 
0.369655 1.29294 6.60645e-19 
0.295741 1.34789 0 
0.430148 1.27427 -8.53841e-19 
0.472661 1.44416 0 
0.446554 1.3858 4.02176e-19 
1.02563 2.70316 -4.00556e-21 
0.947562 2.4082 -2.65989e-19 
0.882914 2.15899 3.18362e-19 
0.837174 2.36313 1.30411e-19 
0.844579 2.51611 0 
0.905863 2.51154 0 
0.897755 2.36925 0 
0.908462 2.33542 -4.62234e-19 
0.695424 2.49551 -2.20035e-20 
0.802382 2.48508 -1.41356e-20 
0.81005 2.45842 1.08149e-20 
0.688408 2.37057 0 
0.785019 2.36754 0 
0.753589 2.37708 -2.22778e-19 
0.769806 2.50196 0 
0.586819 1.08771 0 
0.479566 0.936344 4.10873e-21 
0.524085 0.966924 -9.87754e-22 
0.510345 1.05595 0 
0.510511 1.01238 -3.51114e-21 
0.735782 0.862691 1.43995e-20 
0.757739 1.00151 0 
0.729536 0.95714 -6.39687e-20 
0.61039 1.02307 0 
0.612627 0.936007 0 
1.16018 2.7803 6.01204e-20 
1.13882 2.84463 1.28204e-19 
0.93139 2.37399 -2.91367e-19 
0.898828 2.34749 3.70141e-20 
1.12288 2.74993 0 
1.07379 2.72062 -4.4301e-20 
1.07997 2.49338 -7.0796e-20 
0.972715 2.22881 -3.00172e-20 
0.48336 1.37287 0 
0.492195 1.06719 8.88077e-20 
0.539726 1.14934 0 
0.856548 0.217517 0 
0.81982 0.178075 0 
0.781032 0.161792 0 
0.850174 0.222019 -3.14614e-19 
0.798356 0.217013 1.95698e-19 
0.941325 0.0508018 -1.77221e-19 
0.952921 0.100778 0 
0.925711 0.104895 8.0026e-20 
0.887929 0.0806495 3.28036e-19 
0.88046 0.0473822 -2.01406e-19 
1.16672 3.37544 -9.86973e-19 
1.2126 3.29496 0 
1.16692 3.40213 -1.94343e-18 
0.653039 3.56283 1.66821e-18 
0.87965 3.12863 3.84363e-19 
0.498865 0.886722 2.19692e-19 
0.431087 0.873665 0 
0.360017 0.553747 -8.39225e-20 
0.444349 0.698485 3.81497e-19 
0.534202 0.523295 -1.11994e-19 
0.51873 0.547001 1.2962e-19 
0.663265 0.527338 2.68168e-19 
0.688766 0.542822 0 
0.645184 0.622179 0 
0.599037 0.551143 0 
0.938683 0.585028 -5.20916e-20 
0.871946 0.525271 -1.85776e-19 
0.89364 0.558124 8.58836e-20 
0.925407 0.499164 -1.36494e-19 
1.02603 0.464377 0 
1.03421 0.55741 -5.18631e-21 
0.8229 0.390673 -4.01655e-19 
0.824499 0.375098 -4.65444e-19 
0.777846 0.387388 3.1501e-19 
0.773322 0.356185 -3.55996e-19 
0.822871 0.312147 -2.64916e-19 
0.77824 0.314964 3.25913e-19 
1.02597 0.00450062 -1.73643e-19 
1.02583 0.00431588 3.52633e-19 
1.0308 -0.00136093 2.21795e-19 
1.03136 -0.00144099 -2.66157e-19 
1.03493 0.000496353 0 
1.03169 0.00220816 -4.30182e-19 
0.187382 1.78439 -1.0232e-19 
0.174085 1.73266 0 
0.195765 1.77689 -5.60297e-19 
0.190386 1.75076 5.26301e-19 
0.215569 1.60632 -3.35816e-19 
0.285083 1.61968 0 
-0.398967 1.96256 0 
-0.357125 1.72558 1.62987e-20 
-0.3033 1.71576 -1.47784e-20 
-0.254743 1.80434 1.63482e-21 
-0.265718 1.96635 1.09695e-20 
-0.30871 1.97822 -1.0915e-20 
0.48157 1.38424 4.17656e-19 
0.48359 1.38605 -4.48438e-19 
0.441922 1.27554 4.20377e-19 
0.434982 1.29388 -2.55359e-20 
0.613729 1.28504 0 
0.532121 1.36698 5.47552e-19 
0.551718 1.39472 -5.30562e-19 
0.448332 1.26243 -4.02548e-19 
0.491372 1.22168 0 
0.542265 1.18212 0 
0.666088 2.45629 3.23249e-20 
0.674815 2.47499 5.36049e-19 
0.722015 2.49103 -3.68713e-19 
0.632444 2.47437 -1.18239e-19 
0.570611 2.57455 9.59483e-20 
0.515546 2.54485 -2.92945e-19 
0.960168 2.37108 -1.71356e-19 
1.00411 2.39458 0 
0.897788 2.14129 -2.3734e-19 
1.04258 2.70016 0 
1.04315 2.68737 0 
0.623245 2.29607 2.47474e-19 
1.0459 3.17678 4.88124e-19 
0.917619 3.04636 -4.35825e-19 
0.295071 0.971894 0 
0.349354 0.844787 -1.51734e-19 
0.493359 0.794043 -6.4756e-20 
0.408308 2.05005 0 
0.474632 2.79457 -2.67628e-19 
0.43555 2.56048 0 
0.664712 0.665835 -3.12029e-19 
0.736003 0.652727 3.9604e-19 
0.767166 0.602977 -3.86782e-19 
0.666984 0.629777 -4.61984e-20 
0.719991 0.584068 -1.88142e-19 
1.0068 2.78362 -3.71084e-19 
1.0394 2.8401 2.94317e-19 
0.651427 2.19601 4.38787e-20 
0.604009 1.73828 -6.27918e-20 
0.705443 1.92743 1.17047e-19 
0.991062 2.46611 -6.77925e-20 
0.993823 2.46642 -1.70198e-19 
0.672338 1.88169 -5.64299e-21 
0.458424 1.3501 -8.29265e-20 
))
(300 (2 10 3 0 0 919 1018)(
0 0 0 
0 0 0 
0 0 0 
0 0 0 
0 0 0 
0 0 0 
0 0 0 
0 0 0 
0 0 0 
0 0 0 
0 0 0 
0 0 0 
0 0 0 
0 0 0 
0 0 0 
0 0 0 
0 0 0 
0 0 0 
0 0 0 
0 0 0 
0 0 0 
0 0 0 
0 0 0 
0 0 0 
0 0 0 
0 0 0 
0 0 0 
0 0 0 
0 0 0 
0 0 0 
0 0 0 
0 0 0 
0 0 0 
0 0 0 
0 0 0 
0 0 0 
0 0 0 
0 0 0 
0 0 0 
0 0 0 
0 0 0 
0 0 0 
0 0 0 
0 0 0 
0 0 0 
0 0 0 
0 0 0 
0 0 0 
0 0 0 
0 0 0 
0 0 0 
0 0 0 
0 0 0 
0 0 0 
0 0 0 
0 0 0 
0 0 0 
0 0 0 
0 0 0 
0 0 0 
0 0 0 
0 0 0 
0 0 0 
0 0 0 
0 0 0 
0 0 0 
0 0 0 
0 0 0 
0 0 0 
0 0 0 
0 0 0 
0 0 0 
0 0 0 
0 0 0 
0 0 0 
0 0 0 
0 0 0 
0 0 0 
0 0 0 
0 0 0 
0 0 0 
0 0 0 
0 0 0 
0 0 0 
0 0 0 
0 0 0 
0 0 0 
0 0 0 
0 0 0 
0 0 0 
0 0 0 
0 0 0 
0 0 0 
0 0 0 
0 0 0 
0 0 0 
0 0 0 
0 0 0 
0 0 0 
0 0 0 
))
(300 (2 11 3 0 0 1019 1026)(
1 0 0 
1 0 0 
1 0 0 
1 0 0 
1 0 0 
1 0 0 
1 0 0 
1 0 0 
))
(300 (2 12 3 0 0 1027 1030)(
0 3 0 
0 3 0 
0 3 0 
0 3 0 
))
(300 (2 13 3 0 0 1031 1038)(
-0.0168738 1.55766 0 
-0.00216164 1.54723 1.28746e-20 
-0.0347965 1.72254 0 
-0.00445929 1.86358 0 
-0.0307251 1.83514 0 
-0.0302112 1.80857 0 
-0.0354364 1.81062 0 
-0.0224907 1.84198 0 
))
(300 (2 14 3 0 0 1039 1072)(
0 0 0 
0 0 0 
0 0 0 
0 0 0 
0 0 0 
0 0 0 
0 0 0 
0 0 0 
0 0 0 
0 0 0 
0 0 0 
0 0 0 
0 0 0 
0 0 0 
0 0 0 
0 0 0 
0 0 0 
0 0 0 
0 0 0 
0 0 0 
0 0 0 
0 0 0 
0 0 0 
0 0 0 
0 0 0 
0 0 0 
0 0 0 
0 0 0 
0 0 0 
0 0 0 
0 0 0 
0 0 0 
0 0 0 
0 0 0 
))
(300 (2 15 3 0 0 1073 1072)(
))
