(0 "FOAM to Fluent data File")

(33 (918 3444 1074))
(300 (1 1 1 0 0 1 918)(
0.39061
1.04324
0.012092
0.389861
-0.0353494
1.01031
-0.669515
0.563
0.370699
-0.251386
-0.209627
0.36375
0.870769
0.637236
-1.29614
-0.116179
0.514768
-0.547865
0.369689
-0.249435
0.597702
0.377333
0.380373
0.37097
0.430754
0.619683
0.751486
-0.0488081
0.00293759
-0.0432894
-0.0919262
-0.176661
-0.20931
0.893948
0.945042
0.96772
0.339358
0.166495
-0.527642
-0.599645
-0.590929
-0.717816
0.555143
0.558105
-0.334377
0.563008
0.57364
0.358027
0.370062
0.370973
0.372087
0.371014
0.372424
0.255977
-0.259804
-0.287149
-0.229608
-0.224257
-0.0689895
-0.20063
-0.202385
-0.218049
-0.232207
0.291769
0.360348
0.357639
0.36843
0.375493
0.982789
0.954699
0.980846
0.894505
0.911031
0.848737
0.821349
0.657648
0.679257
0.622805
0.612005
-1.73485
-2.6994
-0.699203
-0.444279
-0.0259744
-0.0723112
-0.079424
0.504737
0.506207
0.515167
0.527307
0.911803
-0.544903
-0.677241
0.369817
0.368604
0.377015
0.377697
0.373705
0.372798
-0.277166
-0.277067
-0.113477
-0.236607
-0.195714
0.58561
0.584254
0.37152
0.36855
0.383151
0.403317
0.395242
0.127894
0.436596
0.452887
0.439468
0.60867
0.603193
0.61179
0.724899
0.688448
0.788809
0.811935
-0.0265888
-0.0184709
-0.144965
-0.197327
-0.189791
0.33534
0.328162
0.35369
0.342681
0.345075
0.0815796
-0.0545716
0.253142
0.278197
-0.436846
-0.501141
-0.605968
-0.622726
-0.735162
0.426665
0.544095
0.544597
-0.353702
-0.272861
-0.412329
-0.199179
-0.262143
0.348539
0.355343
0.350443
0.36575
0.360272
0.362197
0.374287
0.371386
0.372928
0.318984
0.440705
0.18201
0.149846
-0.406661
-0.308425
-0.403366
-0.215387
-0.210379
-0.064076
-0.0438701
-0.0780521
-0.0807565
-0.204877
-0.204478
-0.205714
-0.250239
-0.257993
0.284544
0.273809
0.303479
0.31054
0.351431
0.352383
0.355229
0.353798
0.77209
0.794372
0.801998
0.775846
-3.7027
-6.51128
-0.114312
0.0250397
-0.0631153
-0.053572
-0.0317593
-0.0591527
-0.0221085
-0.0118271
-0.0621969
-0.0774548
-0.0300277
-0.0668658
0.490268
0.490606
0.828041
0.823293
0.813494
0.763841
0.357815
0.359975
0.36554
0.36139
-0.278507
-0.279474
-0.278486
0.571467
0.578977
0.578942
0.0921998
0.00851788
0.174876
0.202014
0.475858
0.458596
0.473381
0.500455
0.537607
0.819407
0.83773
0.835902
0.844435
0.888531
0.904985
0.870279
0.31596
0.325253
0.320489
0.356973
0.354629
0.355591
0.350759
0.352445
0.350132
-0.207459
-0.592738
0.338033
0.353956
0.326929
0.337476
0.502218
0.573119
0.526322
0.534446
0.535817
-0.132815
-0.191441
0.107036
0.0792596
0.227709
0.262072
0.242406
0.743169
0.703836
0.753823
0.727099
0.688616
0.713921
-0.54478
-2.06201
-1.17163
0.381375
0.191512
0.28041
-0.0919938
-0.0868591
-0.0783048
0.813244
0.892941
0.497116
0.658876
0.670926
0.577271
0.607503
0.661618
0.587763
0.621844
0.656657
0.637888
0.3849
0.34949
0.348129
0.641329
0.696834
-0.018767
-0.0720377
-0.117461
-0.0268997
0.0328386
0.00382284
0.860743
0.755209
0.8286
0.368277
0.368959
-0.105357
-0.149892
0.37305
0.373062
-0.114424
-0.233308
0.262771
-1.00554
-0.0309112
0.361466
0.351886
0.368699
-0.24278
0.214071
-0.187543
-0.0727255
-0.11436
0.361469
0.301142
0.263198
-0.152839
-0.159514
-0.289991
-0.367058
0.365945
0.364267
0.368168
0.369198
0.36984
-0.183732
-0.170483
-0.128385
-0.324363
-0.226124
-0.255813
0.333696
0.350296
-0.322222
0.368309
0.370432
0.370255
0.363395
0.369044
0.367296
-0.193958
-0.22247
-0.235485
0.078276
0.194923
0.511063
0.60775
0.475206
0.248338
0.00927552
0.410224
0.476342
0.378053
0.537574
0.536798
0.553517
0.0310235
-0.116102
0.0398775
-0.0157867
0.35936
0.358004
0.350155
0.347308
0.363579
0.361672
0.366246
0.363181
0.36612
0.367559
-0.197075
-0.212923
-0.238758
-0.297192
0.174223
0.432301
0.105446
0.134523
0.0123298
-0.195614
-0.203809
-0.182541
-0.199057
-0.123776
-0.135567
-0.0862962
-0.0726406
-0.105083
-0.106819
-0.129098
-0.144133
-0.157449
0.355188
0.354121
0.360298
0.367574
0.310226
0.314312
0.280867
0.300281
0.286103
0.228889
0.262669
0.237594
-0.111133
-0.180669
-0.0969825
-0.171658
-0.109739
-0.304948
-0.276945
-0.361717
-0.253882
-0.250715
-0.305918
-0.296784
-0.327368
-0.440935
0.813931
0.756868
-0.0497674
0.355218
0.361566
0.358413
0.363082
0.366206
0.367114
0.364864
0.361393
0.350943
0.352778
0.349096
0.349495
-0.262774
-0.399734
-0.223565
-0.290769
-0.0257233
0.468297
0.208413
0.149482
0.143655
0.36239
0.757607
0.554886
0.554735
0.578664
-0.509196
-0.112538
-0.442218
0.176164
-0.000920945
0.508448
0.5597
0.582859
0.529323
0.480397
-0.27896
0.380378
-0.209987
-0.166067
0.0251597
-0.0806542
0.554204
0.519397
0.524013
0.540888
0.559648
0.524951
0.502928
0.498559
0.537565
0.543369
0.336014
0.110794
0.0662698
0.0282631
0.503094
0.37767
0.436019
0.349892
0.354187
0.357063
0.35562
0.33847
0.345594
0.341426
0.346895
0.350045
0.359313
0.359632
0.355105
0.357333
-0.200088
-0.208463
-0.178334
-0.291304
-0.280733
-0.334103
-0.221743
-0.0873936
-0.119989
0.0679748
0.174561
-0.113925
-0.228084
-0.198024
-0.169422
0.0135146
0.0386638
-0.066931
0.0271553
0.00516208
-0.00759314
0.0916729
0.101038
-0.184482
-0.167099
-0.180823
-0.180196
-0.101004
-0.0393145
-0.026232
-0.178882
-0.131244
-0.212517
-0.23422
-0.182975
-0.172038
-0.164889
-0.135683
-0.30082
-0.217683
-0.206993
-0.205214
-0.155209
-0.168417
0.349453
0.35108
0.351033
0.358767
0.373697
0.388368
0.351883
0.331764
0.323093
0.325928
0.300421
0.310029
0.30638
0.318712
0.338365
0.346347
0.345102
0.347565
0.330875
0.332569
0.320069
0.323121
0.300518
0.282743
0.271553
-0.279894
-0.232786
-0.28331
-0.209632
-0.161591
-0.17707
-0.117053
-0.160241
-0.145744
-0.126762
-0.107405
-0.393932
-0.361214
-0.239437
-0.163235
-0.346451
-0.378362
-0.447095
0.721537
0.835325
0.648476
0.428966
0.434337
0.669302
0.759718
0.397009
0.569098
0.598211
0.398877
0.658129
0.359953
0.359564
0.357232
0.356674
0.357926
-0.177389
-0.078044
-0.0652094
-0.0128488
0.105784
0.220939
0.131465
0.0052117
0.140748
0.147738
0.462769
0.47924
0.42474
0.449408
0.447101
0.274762
0.351828
0.406896
0.360585
0.405238
0.427488
0.388487
0.418817
0.365344
0.323154
0.321922
0.267369
0.288414
0.266012
0.248137
0.3495
0.327731
0.33795
0.328623
0.34811
0.375238
0.369565
0.396094
0.407716
0.334022
0.294491
0.303883
0.331657
0.293011
0.306058
0.321367
0.0534605
-0.0475439
0.0397352
-0.252233
-0.170323
-0.186178
-0.232545
-0.187772
0.098749
-0.600364
-0.573784
-1.20778
0.321121
0.788079
0.509181
0.479983
0.555004
0.533058
0.535746
0.559733
0.566841
0.492702
0.509885
0.514373
0.467627
0.491279
0.514617
0.512733
0.35111
0.228007
0.219168
0.180059
0.056994
0.0895612
0.293168
0.214871
0.142276
0.147408
0.310389
0.200711
0.266326
0.304533
0.236251
0.192066
0.392727
0.460116
0.451033
0.425737
0.34186
0.353901
0.379944
0.415304
0.442235
0.475458
0.346818
0.352526
0.353833
0.351439
0.348521
0.351357
0.351432
0.353949
0.354838
0.357773
0.356733
-0.196264
-0.184168
-0.19703
-0.204504
-0.17424
-0.180895
-0.132236
-0.139616
-0.15767
-0.15091
-0.180875
-0.183591
-0.176355
-0.168841
-0.0543648
-0.0389265
-0.0485585
-0.0936116
0.0815247
0.215928
0.27869
0.161624
0.0539952
0.0815984
0.109062
-0.168196
-0.111704
-0.131237
-0.0955627
-0.112661
-0.211932
-0.235008
-0.237267
-0.157335
-0.188856
-0.277835
-0.305053
-0.293533
-0.283225
-0.247353
-0.280496
0.334083
0.327759
0.328601
0.322953
0.321901
0.335152
0.339293
0.341023
0.346169
0.347863
0.338776
0.344008
0.347335
-0.289419
-0.370268
-0.336334
-0.280311
-0.337946
-0.400548
-0.341096
-0.0546602
-0.127892
-0.122094
-0.163881
-0.28547
-0.230998
0.308254
0.307375
0.318466
0.533127
0.386203
0.30566
0.401293
0.50471
0.0912856
0.291681
0.122714
0.704752
0.594523
0.738432
0.362244
0.0676251
0.222167
0.271888
0.0808202
0.152934
0.159798
0.0487776
0.0812632
0.111715
0.210844
0.0912561
0.0653236
-0.179521
0.00586942
0.128385
0.10816
0.241065
0.305981
0.0786055
0.0028558
-0.0421476
0.45439
0.474499
0.493153
0.462865
0.487795
0.409928
0.401541
0.419841
0.42815
0.422003
-0.935512
-0.642753
-1.58804
-0.90197
-0.451025
0.353377
0.316193
0.588372
0.479591
0.545637
0.531083
0.491595
0.457033
0.468701
0.501376
0.203282
0.313237
0.287128
0.294149
0.196947
0.130576
0.428859
0.422092
0.460154
0.483863
0.449521
0.483474
0.344633
0.344247
0.343764
0.340516
0.338985
0.340973
-0.0841309
-0.117656
-0.0877879
-0.107121
-0.131186
-0.13948
-0.237828
-0.256174
-0.256534
-0.275354
-0.275412
-0.228798
-0.0165288
-0.0725678
-0.146566
-0.117858
-0.175051
-0.2372
-0.256811
-0.158882
-0.070872
-0.0782332
0.224164
0.475172
0.299015
0.467925
0.305746
0.36182
0.310375
0.301989
0.332799
0.206946
0.283135
0.0532237
-0.452352
-0.360388
0.605434
0.624594
0.411503
0.224809
-0.00556026
0.18234
0.378922
0.317195
0.356566
0.424878
0.41782
-0.162688
-0.0960143
0.166503
0.394478
0.0600068
0.0517119
0.0469509
0.221578
0.145288
))
(300 (1 10 1 0 0 919 1018)(
0.39061
1.04324
0.012092
0.389861
1.01031
-0.669515
0.563
-0.251386
-0.209627
0.36375
0.870769
0.637236
-1.29614
0.514768
-0.547865
0.369689
-0.249435
0.597702
0.37097
0.430754
0.619683
0.751486
-0.0488081
0.893948
0.339358
-0.599645
-0.717816
0.558105
-0.334377
0.57364
0.358027
-0.287149
-0.224257
-0.202385
-0.232207
0.291769
0.357639
0.375493
0.911031
0.821349
0.679257
0.612005
-2.6994
-0.444279
0.506207
0.527307
-0.677241
0.368604
0.372798
-0.277067
-0.195714
0.584254
0.36855
0.395242
0.127894
0.452887
0.439468
0.61179
0.688448
0.811935
0.328162
0.35369
0.345075
-0.501141
-0.735162
0.544597
-0.412329
-0.262143
0.350443
0.362197
-0.403366
-0.210379
-0.205714
-0.257993
0.273809
0.31054
0.351431
0.353798
0.775846
0.0250397
0.490606
0.357815
0.36139
-0.278486
0.578942
0.00851788
0.202014
0.473381
0.537607
0.844435
0.320489
0.355591
0.350132
0.535817
-0.191441
0.242406
0.727099
0.28041
0.621844
-0.117461
))
(300 (1 11 1 0 0 919 926)(
0.39061
0.389861
0.370699
0.377333
0.370973
0.372424
0.377015
0.372928
))
(300 (1 12 1 0 0 919 922)(
1.04324
1.01031
0.96772
0.980846
))
(300 (1 13 1 0 0 919 926)(
0
0
0
0
0
0
0
0
))
(300 (1 14 1 0 0 919 952)(
-0.0353494
-0.116179
-0.20931
0.166495
0.255977
-0.0689895
-0.079424
0.911803
-0.189791
-0.0545716
0.278197
0.426665
0.440705
0.149846
-0.0438701
-0.0807565
-6.51128
-0.0621969
-0.0668658
0.823293
0.763841
-0.592738
0.338033
0.337476
0.573119
0.0792596
-1.17163
-0.0783048
0.892941
0.670926
0.348129
0.696834
0.00382284
0.8286
))
(300 (1 15 1 0 0 919 2754)(
0.39061
0.39061
1.04324
1.04324
0.012092
0.012092
0.389861
0.389861
-0.0353494
-0.0353494
1.01031
1.01031
-0.669515
-0.669515
0.563
0.563
0.370699
0.370699
-0.251386
-0.251386
-0.209627
-0.209627
0.36375
0.36375
0.870769
0.870769
0.637236
0.637236
-1.29614
-1.29614
-0.116179
-0.116179
0.514768
0.514768
-0.547865
-0.547865
0.369689
0.369689
-0.249435
-0.249435
0.597702
0.597702
0.377333
0.377333
0.380373
0.380373
0.37097
0.37097
0.430754
0.430754
0.619683
0.619683
0.751486
0.751486
-0.0488081
-0.0488081
0.00293759
0.00293759
-0.0432894
-0.0432894
-0.0919262
-0.0919262
-0.176661
-0.176661
-0.20931
-0.20931
0.893948
0.893948
0.945042
0.945042
0.96772
0.96772
0.339358
0.339358
0.166495
0.166495
-0.527642
-0.527642
-0.599645
-0.599645
-0.590929
-0.590929
-0.717816
-0.717816
0.555143
0.555143
0.558105
0.558105
-0.334377
-0.334377
0.563008
0.563008
0.57364
0.57364
0.358027
0.358027
0.370062
0.370062
0.370973
0.370973
0.372087
0.372087
0.371014
0.371014
0.372424
0.372424
0.255977
0.255977
-0.259804
-0.259804
-0.287149
-0.287149
-0.229608
-0.229608
-0.224257
-0.224257
-0.0689895
-0.0689895
-0.20063
-0.20063
-0.202385
-0.202385
-0.218049
-0.218049
-0.232207
-0.232207
0.291769
0.291769
0.360348
0.360348
0.357639
0.357639
0.36843
0.36843
0.375493
0.375493
0.982789
0.982789
0.954699
0.954699
0.980846
0.980846
0.894505
0.894505
0.911031
0.911031
0.848737
0.848737
0.821349
0.821349
0.657648
0.657648
0.679257
0.679257
0.622805
0.622805
0.612005
0.612005
-1.73485
-1.73485
-2.6994
-2.6994
-0.699203
-0.699203
-0.444279
-0.444279
-0.0259744
-0.0259744
-0.0723112
-0.0723112
-0.079424
-0.079424
0.504737
0.504737
0.506207
0.506207
0.515167
0.515167
0.527307
0.527307
0.911803
0.911803
-0.544903
-0.544903
-0.677241
-0.677241
0.369817
0.369817
0.368604
0.368604
0.377015
0.377015
0.377697
0.377697
0.373705
0.373705
0.372798
0.372798
-0.277166
-0.277166
-0.277067
-0.277067
-0.113477
-0.113477
-0.236607
-0.236607
-0.195714
-0.195714
0.58561
0.58561
0.584254
0.584254
0.37152
0.37152
0.36855
0.36855
0.383151
0.383151
0.403317
0.403317
0.395242
0.395242
0.127894
0.127894
0.436596
0.436596
0.452887
0.452887
0.439468
0.439468
0.60867
0.60867
0.603193
0.603193
0.61179
0.61179
0.724899
0.724899
0.688448
0.688448
0.788809
0.788809
0.811935
0.811935
-0.0265888
-0.0265888
-0.0184709
-0.0184709
-0.144965
-0.144965
-0.197327
-0.197327
-0.189791
-0.189791
0.33534
0.33534
0.328162
0.328162
0.35369
0.35369
0.342681
0.342681
0.345075
0.345075
0.0815796
0.0815796
-0.0545716
-0.0545716
0.253142
0.253142
0.278197
0.278197
-0.436846
-0.436846
-0.501141
-0.501141
-0.605968
-0.605968
-0.622726
-0.622726
-0.735162
-0.735162
0.426665
0.426665
0.544095
0.544095
0.544597
0.544597
-0.353702
-0.353702
-0.272861
-0.272861
-0.412329
-0.412329
-0.199179
-0.199179
-0.262143
-0.262143
0.348539
0.348539
0.355343
0.355343
0.350443
0.350443
0.36575
0.36575
0.360272
0.360272
0.362197
0.362197
0.374287
0.374287
0.371386
0.371386
0.372928
0.372928
0.318984
0.318984
0.440705
0.440705
0.18201
0.18201
0.149846
0.149846
-0.406661
-0.406661
-0.308425
-0.308425
-0.403366
-0.403366
-0.215387
-0.215387
-0.210379
-0.210379
-0.064076
-0.064076
-0.0438701
-0.0438701
-0.0780521
-0.0780521
-0.0807565
-0.0807565
-0.204877
-0.204877
-0.204478
-0.204478
-0.205714
-0.205714
-0.250239
-0.250239
-0.257993
-0.257993
0.284544
0.284544
0.273809
0.273809
0.303479
0.303479
0.31054
0.31054
0.351431
0.351431
0.352383
0.352383
0.355229
0.355229
0.353798
0.353798
0.77209
0.77209
0.794372
0.794372
0.801998
0.801998
0.775846
0.775846
-3.7027
-3.7027
-6.51128
-6.51128
-0.114312
-0.114312
0.0250397
0.0250397
-0.0631153
-0.0631153
-0.053572
-0.053572
-0.0317593
-0.0317593
-0.0591527
-0.0591527
-0.0221085
-0.0221085
-0.0118271
-0.0118271
-0.0621969
-0.0621969
-0.0774548
-0.0774548
-0.0300277
-0.0300277
-0.0668658
-0.0668658
0.490268
0.490268
0.490606
0.490606
0.828041
0.828041
0.823293
0.823293
0.813494
0.813494
0.763841
0.763841
0.357815
0.357815
0.359975
0.359975
0.36554
0.36554
0.36139
0.36139
-0.278507
-0.278507
-0.279474
-0.279474
-0.278486
-0.278486
0.571467
0.571467
0.578977
0.578977
0.578942
0.578942
0.0921998
0.0921998
0.00851788
0.00851788
0.174876
0.174876
0.202014
0.202014
0.475858
0.475858
0.458596
0.458596
0.473381
0.473381
0.500455
0.500455
0.537607
0.537607
0.819407
0.819407
0.83773
0.83773
0.835902
0.835902
0.844435
0.844435
0.888531
0.888531
0.904985
0.904985
0.870279
0.870279
0.31596
0.31596
0.325253
0.325253
0.320489
0.320489
0.356973
0.356973
0.354629
0.354629
0.355591
0.355591
0.350759
0.350759
0.352445
0.352445
0.350132
0.350132
-0.207459
-0.207459
-0.592738
-0.592738
0.338033
0.338033
0.353956
0.353956
0.326929
0.326929
0.337476
0.337476
0.502218
0.502218
0.573119
0.573119
0.526322
0.526322
0.534446
0.534446
0.535817
0.535817
-0.132815
-0.132815
-0.191441
-0.191441
0.107036
0.107036
0.0792596
0.0792596
0.227709
0.227709
0.262072
0.262072
0.242406
0.242406
0.743169
0.743169
0.703836
0.703836
0.753823
0.753823
0.727099
0.727099
0.688616
0.688616
0.713921
0.713921
-0.54478
-0.54478
-2.06201
-2.06201
-1.17163
-1.17163
0.381375
0.381375
0.191512
0.191512
0.28041
0.28041
-0.0919938
-0.0919938
-0.0868591
-0.0868591
-0.0783048
-0.0783048
0.813244
0.813244
0.892941
0.892941
0.497116
0.497116
0.658876
0.658876
0.670926
0.670926
0.577271
0.577271
0.607503
0.607503
0.661618
0.661618
0.587763
0.587763
0.621844
0.621844
0.656657
0.656657
0.637888
0.637888
0.3849
0.3849
0.34949
0.34949
0.348129
0.348129
0.641329
0.641329
0.696834
0.696834
-0.018767
-0.018767
-0.0720377
-0.0720377
-0.117461
-0.117461
-0.0268997
-0.0268997
0.0328386
0.0328386
0.00382284
0.00382284
0.860743
0.860743
0.755209
0.755209
0.8286
0.8286
0.368277
0.368277
0.368959
0.368959
-0.105357
-0.105357
-0.149892
-0.149892
0.37305
0.37305
0.373062
0.373062
-0.114424
-0.114424
-0.233308
-0.233308
0.262771
0.262771
-1.00554
-1.00554
-0.0309112
-0.0309112
0.361466
0.361466
0.351886
0.351886
0.368699
0.368699
-0.24278
-0.24278
0.214071
0.214071
-0.187543
-0.187543
-0.0727255
-0.0727255
-0.11436
-0.11436
0.361469
0.361469
0.301142
0.301142
0.263198
0.263198
-0.152839
-0.152839
-0.159514
-0.159514
-0.289991
-0.289991
-0.367058
-0.367058
0.365945
0.365945
0.364267
0.364267
0.368168
0.368168
0.369198
0.369198
0.36984
0.36984
-0.183732
-0.183732
-0.170483
-0.170483
-0.128385
-0.128385
-0.324363
-0.324363
-0.226124
-0.226124
-0.255813
-0.255813
0.333696
0.333696
0.350296
0.350296
-0.322222
-0.322222
0.368309
0.368309
0.370432
0.370432
0.370255
0.370255
0.363395
0.363395
0.369044
0.369044
0.367296
0.367296
-0.193958
-0.193958
-0.22247
-0.22247
-0.235485
-0.235485
0.078276
0.078276
0.194923
0.194923
0.511063
0.511063
0.60775
0.60775
0.475206
0.475206
0.248338
0.248338
0.00927552
0.00927552
0.410224
0.410224
0.476342
0.476342
0.378053
0.378053
0.537574
0.537574
0.536798
0.536798
0.553517
0.553517
0.0310235
0.0310235
-0.116102
-0.116102
0.0398775
0.0398775
-0.0157867
-0.0157867
0.35936
0.35936
0.358004
0.358004
0.350155
0.350155
0.347308
0.347308
0.363579
0.363579
0.361672
0.361672
0.366246
0.366246
0.363181
0.363181
0.36612
0.36612
0.367559
0.367559
-0.197075
-0.197075
-0.212923
-0.212923
-0.238758
-0.238758
-0.297192
-0.297192
0.174223
0.174223
0.432301
0.432301
0.105446
0.105446
0.134523
0.134523
0.0123298
0.0123298
-0.195614
-0.195614
-0.203809
-0.203809
-0.182541
-0.182541
-0.199057
-0.199057
-0.123776
-0.123776
-0.135567
-0.135567
-0.0862962
-0.0862962
-0.0726406
-0.0726406
-0.105083
-0.105083
-0.106819
-0.106819
-0.129098
-0.129098
-0.144133
-0.144133
-0.157449
-0.157449
0.355188
0.355188
0.354121
0.354121
0.360298
0.360298
0.367574
0.367574
0.310226
0.310226
0.314312
0.314312
0.280867
0.280867
0.300281
0.300281
0.286103
0.286103
0.228889
0.228889
0.262669
0.262669
0.237594
0.237594
-0.111133
-0.111133
-0.180669
-0.180669
-0.0969825
-0.0969825
-0.171658
-0.171658
-0.109739
-0.109739
-0.304948
-0.304948
-0.276945
-0.276945
-0.361717
-0.361717
-0.253882
-0.253882
-0.250715
-0.250715
-0.305918
-0.305918
-0.296784
-0.296784
-0.327368
-0.327368
-0.440935
-0.440935
0.813931
0.813931
0.756868
0.756868
-0.0497674
-0.0497674
0.355218
0.355218
0.361566
0.361566
0.358413
0.358413
0.363082
0.363082
0.366206
0.366206
0.367114
0.367114
0.364864
0.364864
0.361393
0.361393
0.350943
0.350943
0.352778
0.352778
0.349096
0.349096
0.349495
0.349495
-0.262774
-0.262774
-0.399734
-0.399734
-0.223565
-0.223565
-0.290769
-0.290769
-0.0257233
-0.0257233
0.468297
0.468297
0.208413
0.208413
0.149482
0.149482
0.143655
0.143655
0.36239
0.36239
0.757607
0.757607
0.554886
0.554886
0.554735
0.554735
0.578664
0.578664
-0.509196
-0.509196
-0.112538
-0.112538
-0.442218
-0.442218
0.176164
0.176164
-0.000920945
-0.000920945
0.508448
0.508448
0.5597
0.5597
0.582859
0.582859
0.529323
0.529323
0.480397
0.480397
-0.27896
-0.27896
0.380378
0.380378
-0.209987
-0.209987
-0.166067
-0.166067
0.0251597
0.0251597
-0.0806542
-0.0806542
0.554204
0.554204
0.519397
0.519397
0.524013
0.524013
0.540888
0.540888
0.559648
0.559648
0.524951
0.524951
0.502928
0.502928
0.498559
0.498559
0.537565
0.537565
0.543369
0.543369
0.336014
0.336014
0.110794
0.110794
0.0662698
0.0662698
0.0282631
0.0282631
0.503094
0.503094
0.37767
0.37767
0.436019
0.436019
0.349892
0.349892
0.354187
0.354187
0.357063
0.357063
0.35562
0.35562
0.33847
0.33847
0.345594
0.345594
0.341426
0.341426
0.346895
0.346895
0.350045
0.350045
0.359313
0.359313
0.359632
0.359632
0.355105
0.355105
0.357333
0.357333
-0.200088
-0.200088
-0.208463
-0.208463
-0.178334
-0.178334
-0.291304
-0.291304
-0.280733
-0.280733
-0.334103
-0.334103
-0.221743
-0.221743
-0.0873936
-0.0873936
-0.119989
-0.119989
0.0679748
0.0679748
0.174561
0.174561
-0.113925
-0.113925
-0.228084
-0.228084
-0.198024
-0.198024
-0.169422
-0.169422
0.0135146
0.0135146
0.0386638
0.0386638
-0.066931
-0.066931
0.0271553
0.0271553
0.00516208
0.00516208
-0.00759314
-0.00759314
0.0916729
0.0916729
0.101038
0.101038
-0.184482
-0.184482
-0.167099
-0.167099
-0.180823
-0.180823
-0.180196
-0.180196
-0.101004
-0.101004
-0.0393145
-0.0393145
-0.026232
-0.026232
-0.178882
-0.178882
-0.131244
-0.131244
-0.212517
-0.212517
-0.23422
-0.23422
-0.182975
-0.182975
-0.172038
-0.172038
-0.164889
-0.164889
-0.135683
-0.135683
-0.30082
-0.30082
-0.217683
-0.217683
-0.206993
-0.206993
-0.205214
-0.205214
-0.155209
-0.155209
-0.168417
-0.168417
0.349453
0.349453
0.35108
0.35108
0.351033
0.351033
0.358767
0.358767
0.373697
0.373697
0.388368
0.388368
0.351883
0.351883
0.331764
0.331764
0.323093
0.323093
0.325928
0.325928
0.300421
0.300421
0.310029
0.310029
0.30638
0.30638
0.318712
0.318712
0.338365
0.338365
0.346347
0.346347
0.345102
0.345102
0.347565
0.347565
0.330875
0.330875
0.332569
0.332569
0.320069
0.320069
0.323121
0.323121
0.300518
0.300518
0.282743
0.282743
0.271553
0.271553
-0.279894
-0.279894
-0.232786
-0.232786
-0.28331
-0.28331
-0.209632
-0.209632
-0.161591
-0.161591
-0.17707
-0.17707
-0.117053
-0.117053
-0.160241
-0.160241
-0.145744
-0.145744
-0.126762
-0.126762
-0.107405
-0.107405
-0.393932
-0.393932
-0.361214
-0.361214
-0.239437
-0.239437
-0.163235
-0.163235
-0.346451
-0.346451
-0.378362
-0.378362
-0.447095
-0.447095
0.721537
0.721537
0.835325
0.835325
0.648476
0.648476
0.428966
0.428966
0.434337
0.434337
0.669302
0.669302
0.759718
0.759718
0.397009
0.397009
0.569098
0.569098
0.598211
0.598211
0.398877
0.398877
0.658129
0.658129
0.359953
0.359953
0.359564
0.359564
0.357232
0.357232
0.356674
0.356674
0.357926
0.357926
-0.177389
-0.177389
-0.078044
-0.078044
-0.0652094
-0.0652094
-0.0128488
-0.0128488
0.105784
0.105784
0.220939
0.220939
0.131465
0.131465
0.0052117
0.0052117
0.140748
0.140748
0.147738
0.147738
0.462769
0.462769
0.47924
0.47924
0.42474
0.42474
0.449408
0.449408
0.447101
0.447101
0.274762
0.274762
0.351828
0.351828
0.406896
0.406896
0.360585
0.360585
0.405238
0.405238
0.427488
0.427488
0.388487
0.388487
0.418817
0.418817
0.365344
0.365344
0.323154
0.323154
0.321922
0.321922
0.267369
0.267369
0.288414
0.288414
0.266012
0.266012
0.248137
0.248137
0.3495
0.3495
0.327731
0.327731
0.33795
0.33795
0.328623
0.328623
0.34811
0.34811
0.375238
0.375238
0.369565
0.369565
0.396094
0.396094
0.407716
0.407716
0.334022
0.334022
0.294491
0.294491
0.303883
0.303883
0.331657
0.331657
0.293011
0.293011
0.306058
0.306058
0.321367
0.321367
0.0534605
0.0534605
-0.0475439
-0.0475439
0.0397352
0.0397352
-0.252233
-0.252233
-0.170323
-0.170323
-0.186178
-0.186178
-0.232545
-0.232545
-0.187772
-0.187772
0.098749
0.098749
-0.600364
-0.600364
-0.573784
-0.573784
-1.20778
-1.20778
0.321121
0.321121
0.788079
0.788079
0.509181
0.509181
0.479983
0.479983
0.555004
0.555004
0.533058
0.533058
0.535746
0.535746
0.559733
0.559733
0.566841
0.566841
0.492702
0.492702
0.509885
0.509885
0.514373
0.514373
0.467627
0.467627
0.491279
0.491279
0.514617
0.514617
0.512733
0.512733
0.35111
0.35111
0.228007
0.228007
0.219168
0.219168
0.180059
0.180059
0.056994
0.056994
0.0895612
0.0895612
0.293168
0.293168
0.214871
0.214871
0.142276
0.142276
0.147408
0.147408
0.310389
0.310389
0.200711
0.200711
0.266326
0.266326
0.304533
0.304533
0.236251
0.236251
0.192066
0.192066
0.392727
0.392727
0.460116
0.460116
0.451033
0.451033
0.425737
0.425737
0.34186
0.34186
0.353901
0.353901
0.379944
0.379944
0.415304
0.415304
0.442235
0.442235
0.475458
0.475458
0.346818
0.346818
0.352526
0.352526
0.353833
0.353833
0.351439
0.351439
0.348521
0.348521
0.351357
0.351357
0.351432
0.351432
0.353949
0.353949
0.354838
0.354838
0.357773
0.357773
0.356733
0.356733
-0.196264
-0.196264
-0.184168
-0.184168
-0.19703
-0.19703
-0.204504
-0.204504
-0.17424
-0.17424
-0.180895
-0.180895
-0.132236
-0.132236
-0.139616
-0.139616
-0.15767
-0.15767
-0.15091
-0.15091
-0.180875
-0.180875
-0.183591
-0.183591
-0.176355
-0.176355
-0.168841
-0.168841
-0.0543648
-0.0543648
-0.0389265
-0.0389265
-0.0485585
-0.0485585
-0.0936116
-0.0936116
0.0815247
0.0815247
0.215928
0.215928
0.27869
0.27869
0.161624
0.161624
0.0539952
0.0539952
0.0815984
0.0815984
0.109062
0.109062
-0.168196
-0.168196
-0.111704
-0.111704
-0.131237
-0.131237
-0.0955627
-0.0955627
-0.112661
-0.112661
-0.211932
-0.211932
-0.235008
-0.235008
-0.237267
-0.237267
-0.157335
-0.157335
-0.188856
-0.188856
-0.277835
-0.277835
-0.305053
-0.305053
-0.293533
-0.293533
-0.283225
-0.283225
-0.247353
-0.247353
-0.280496
-0.280496
0.334083
0.334083
0.327759
0.327759
0.328601
0.328601
0.322953
0.322953
0.321901
0.321901
0.335152
0.335152
0.339293
0.339293
0.341023
0.341023
0.346169
0.346169
0.347863
0.347863
0.338776
0.338776
0.344008
0.344008
0.347335
0.347335
-0.289419
-0.289419
-0.370268
-0.370268
-0.336334
-0.336334
-0.280311
-0.280311
-0.337946
-0.337946
-0.400548
-0.400548
-0.341096
-0.341096
-0.0546602
-0.0546602
-0.127892
-0.127892
-0.122094
-0.122094
-0.163881
-0.163881
-0.28547
-0.28547
-0.230998
-0.230998
0.308254
0.308254
0.307375
0.307375
0.318466
0.318466
0.533127
0.533127
0.386203
0.386203
0.30566
0.30566
0.401293
0.401293
0.50471
0.50471
0.0912856
0.0912856
0.291681
0.291681
0.122714
0.122714
0.704752
0.704752
0.594523
0.594523
0.738432
0.738432
0.362244
0.362244
0.0676251
0.0676251
0.222167
0.222167
0.271888
0.271888
0.0808202
0.0808202
0.152934
0.152934
0.159798
0.159798
0.0487776
0.0487776
0.0812632
0.0812632
0.111715
0.111715
0.210844
0.210844
0.0912561
0.0912561
0.0653236
0.0653236
-0.179521
-0.179521
0.00586942
0.00586942
0.128385
0.128385
0.10816
0.10816
0.241065
0.241065
0.305981
0.305981
0.0786055
0.0786055
0.0028558
0.0028558
-0.0421476
-0.0421476
0.45439
0.45439
0.474499
0.474499
0.493153
0.493153
0.462865
0.462865
0.487795
0.487795
0.409928
0.409928
0.401541
0.401541
0.419841
0.419841
0.42815
0.42815
0.422003
0.422003
-0.935512
-0.935512
-0.642753
-0.642753
-1.58804
-1.58804
-0.90197
-0.90197
-0.451025
-0.451025
0.353377
0.353377
0.316193
0.316193
0.588372
0.588372
0.479591
0.479591
0.545637
0.545637
0.531083
0.531083
0.491595
0.491595
0.457033
0.457033
0.468701
0.468701
0.501376
0.501376
0.203282
0.203282
0.313237
0.313237
0.287128
0.287128
0.294149
0.294149
0.196947
0.196947
0.130576
0.130576
0.428859
0.428859
0.422092
0.422092
0.460154
0.460154
0.483863
0.483863
0.449521
0.449521
0.483474
0.483474
0.344633
0.344633
0.344247
0.344247
0.343764
0.343764
0.340516
0.340516
0.338985
0.338985
0.340973
0.340973
-0.0841309
-0.0841309
-0.117656
-0.117656
-0.0877879
-0.0877879
-0.107121
-0.107121
-0.131186
-0.131186
-0.13948
-0.13948
-0.237828
-0.237828
-0.256174
-0.256174
-0.256534
-0.256534
-0.275354
-0.275354
-0.275412
-0.275412
-0.228798
-0.228798
-0.0165288
-0.0165288
-0.0725678
-0.0725678
-0.146566
-0.146566
-0.117858
-0.117858
-0.175051
-0.175051
-0.2372
-0.2372
-0.256811
-0.256811
-0.158882
-0.158882
-0.070872
-0.070872
-0.0782332
-0.0782332
0.224164
0.224164
0.475172
0.475172
0.299015
0.299015
0.467925
0.467925
0.305746
0.305746
0.36182
0.36182
0.310375
0.310375
0.301989
0.301989
0.332799
0.332799
0.206946
0.206946
0.283135
0.283135
0.0532237
0.0532237
-0.452352
-0.452352
-0.360388
-0.360388
0.605434
0.605434
0.624594
0.624594
0.411503
0.411503
0.224809
0.224809
-0.00556026
-0.00556026
0.18234
0.18234
0.378922
0.378922
0.317195
0.317195
0.356566
0.356566
0.424878
0.424878
0.41782
0.41782
-0.162688
-0.162688
-0.0960143
-0.0960143
0.166503
0.166503
0.394478
0.394478
0.0600068
0.0600068
0.0517119
0.0517119
0.0469509
0.0469509
0.221578
0.221578
0.145288
0.145288
))
(300 (2 1 3 0 0 1 918)(
0.985168 -0.000494676 0 
0.00501163 2.96625 0 
-0.0590184 1.22867 0 
0.979698 0.00215207 0 
0.00351482 1.2997 1.54229e-19 
-0.0070424 2.94879 -2.15476e-18 
0.834868 1.17911 5.88996e-19 
0.355677 0.163298 -1.24676e-20 
0.999905 -0.000293996 0 
0.0634847 0.857505 0 
0.0148975 0.681393 0 
0.734006 -0.00964042 0 
0.0111033 2.9304 0 
0.00211036 2.79498 0 
-0.0176963 3.15804 9.36243e-19 
-0.125438 1.43197 8.86909e-20 
0.439969 0.057681 8.02056e-19 
0.189006 1.20423 4.78505e-19 
0.962771 0.00501962 0 
-0.0369822 0.705429 0 
0.0867888 0.200462 -5.95925e-19 
1.00198 -0.00498574 0 
1.00021 -0.0098042 0 
0.975708 -0.0064389 0 
0.598814 -0.0441655 0 
0.0164425 2.63783 0 
-0.0150034 2.91011 7.70768e-19 
-0.122241 1.09341 0 
-0.192814 1.37741 0 
-0.0840307 1.16781 0 
-0.0588004 2.30988 0 
0.0770841 1.41374 -1.21572e-19 
0.0167781 1.01344 0 
-0.0206176 2.9876 -7.65014e-23 
-0.0166925 3.00529 1.67471e-18 
0.00210012 3.00019 0 
0.870256 -0.00935718 0 
0.404918 0.940419 7.13536e-20 
0.815973 1.19529 -7.64835e-19 
0.965965 1.03376 7.5358e-19 
0.685081 1.28892 -1.36701e-19 
0.682856 1.27602 7.72889e-19 
0.396676 0.253514 1.21637e-20 
0.381161 0.138077 0 
1.14972 0.558049 0 
0.357693 0.253966 5.58351e-20 
0.312558 0.167634 -5.79451e-20 
0.919639 -0.00749063 0 
1.00028 0.000134522 0 
0.999912 0.000330102 0 
1.00364 -0.00778459 0 
1.00096 -0.000933608 0 
1.00017 2.36825e-05 0 
0.0795829 1.78262 -4.88321e-19 
0.032951 1.01171 0 
0.0802619 0.92269 0 
0.026965 0.946873 0 
0.0254254 0.786581 0 
0.0271486 1.99985 0 
-0.00817315 0.81911 0 
0.0004947 0.691799 0 
-0.00731954 0.785187 0 
-0.00967119 0.647526 0 
0.835322 -0.0143256 0 
0.852611 0.0263604 0 
0.768082 -0.000418582 0 
0.827051 0.034837 0 
0.701406 -0.0148451 0 
0.0146891 3.0004 7.94209e-19 
0.0114984 3.00798 0 
0.00611801 3.00279 0 
0.0135286 2.99734 8.9389e-24 
0.00798275 2.95848 -1.18039e-18 
0.014487 2.98208 0 
0.010837 2.9036 0 
0.0245452 2.9308 1.70715e-24 
0.00449786 2.82506 0 
0.0306391 2.91615 0 
-0.00534239 2.74457 0 
0.308936 3.55556 0 
-0.132034 3.63713 0 
0.139853 3.2487 -8.71286e-19 
-0.012507 2.98371 0 
-0.29381 2.12814 0 
-0.141605 1.652 -8.36144e-20 
-0.123374 1.66715 4.79792e-20 
0.518646 0.151166 -2.7692e-19 
0.438205 0.0335949 -2.67564e-19 
0.502323 0.17678 -8.35349e-19 
0.423237 0.0808499 -5.54715e-19 
0.215791 0.921114 0 
0.269854 1.34239 -5.23643e-19 
0.380553 1.2884 8.66198e-19 
0.987482 0.00850508 0 
0.941989 0.0058387 0 
1.0003 0.000570696 0 
1.00287 0.00929771 0 
1.00304 0.00844478 -1.8973e-18 
0.991921 0.00970954 1.43272e-18 
-0.0298023 0.793245 0 
-0.0112949 0.63607 0 
-0.118397 1.06897 0 
-0.0374332 0.853243 0 
-0.019917 0.786142 0 
0.134664 0.20853 1.84316e-19 
0.189293 0.187096 0 
0.993522 -0.00840828 0 
0.954372 -0.00652137 0 
0.782031 0.0392886 0 
0.729836 0.0479988 0 
0.66145 -0.0327692 0 
0.950404 -0.00547145 0 
0.658121 0.0616246 0 
0.492706 -0.0208801 1.12434e-18 
-0.0367913 2.86314 4.93458e-19 
0.0420152 2.90892 0 
0.0547075 2.88498 0 
-0.0049122 2.69894 0 
-0.0130675 2.98535 7.19959e-19 
-0.0179782 2.8953 0 
-0.0153216 2.98812 -2.25281e-18 
-0.0133488 2.92524 7.7427e-19 
-0.284908 1.3778 0 
-0.291154 1.55743 0 
-0.0802837 1.446 5.66936e-21 
-0.00136512 1.32539 0 
-0.066378 1.1707 0 
0.937549 -0.00771768 0 
0.855582 -0.00964879 0 
0.863815 0.00682622 0 
0.948875 -0.0080867 0 
0.883423 -0.00812879 0 
0.5174 1.13433 -9.60264e-20 
0.567116 1.18571 0 
0.368219 0.884606 1.87426e-20 
0.310309 0.744663 0 
0.925513 1.0717 -2.13685e-19 
1.03924 0.874362 4.33454e-19 
0.374785 1.38366 0 
0.537418 1.35284 0 
0.544263 1.31108 0 
0.106775 0.178962 -2.15337e-19 
0.434625 0.233352 0 
0.405362 0.122584 1.5737e-19 
1.00964 0.928632 0 
1.0762 0.776488 0 
1.10192 0.718924 -3.62014e-19 
1.12926 0.617793 0 
1.17502 0.401987 5.61167e-20 
0.95734 -0.00883134 0 
0.962269 -0.0100865 0 
0.901349 -0.00807317 0 
0.984129 -0.00920526 0 
0.974565 -0.00935496 0 
0.936982 -0.00640532 0 
1.00019 0.00232243 0 
1.00091 0.00142178 0 
0.999906 0.000844226 0 
0.0345075 2.0474 2.8319e-19 
0.122731 1.72582 0 
0.0191393 2.16552 3.72687e-19 
0.0482943 1.84132 -2.76411e-19 
0.122838 1.19995 -3.94914e-19 
0.0434766 1.08161 0 
0.127475 1.06995 0 
0.0268155 0.901 0 
0.0204713 0.72101 0 
-0.0117367 2.1852 9.19363e-22 
0.0320036 1.99036 0 
-0.0145987 2.15043 6.91586e-20 
0.0334061 2.00478 -1.44059e-19 
0.015641 0.861858 0 
-0.00132573 0.834978 0 
0.00385423 0.691956 0 
-0.0108062 0.764688 0 
-0.0240207 0.628354 0 
0.93274 0.0077372 0 
0.841419 -0.015524 0 
0.924001 -0.000468399 0 
0.838265 -0.0112161 0 
0.813568 0.00364475 0 
0.903504 0.0187173 0 
0.881624 0.0221896 0 
0.790331 0.00243596 0 
0.00571612 3.06484 -7.21122e-21 
0.0166622 3.05789 0 
0.0147064 2.96908 0 
0.00858395 2.87624 0 
0.926697 3.97289 0 
1.24174 3.30519 9.73672e-19 
0.0703468 3.07581 0 
-0.0278492 2.90654 0 
-0.365406 1.62133 0 
-0.364258 2.05633 0 
-0.341957 1.84387 0 
-0.162874 2.35079 -7.75918e-20 
-0.274483 2.2729 0 
-0.203389 2.22598 0 
-0.0388299 1.94092 -4.08491e-21 
-0.0923444 1.99915 -6.06811e-20 
-0.126431 1.84251 -4.90923e-20 
-0.106755 1.84426 0 
0.546594 0.123623 4.11822e-19 
0.454601 0.0093217 -4.03792e-19 
0.261187 1.55523 0 
0.263326 0.69666 -2.57659e-19 
0.177199 1.64168 -8.66532e-19 
0.225194 1.16908 8.68746e-19 
0.902484 0.00668176 0 
0.967619 0.0109624 0 
0.974692 0.010722 0 
0.923609 0.00655077 0 
0.00601239 0.747241 0 
-0.0157181 0.757087 0 
-0.0227748 0.623323 0 
0.302857 0.246826 5.11629e-19 
0.246506 0.224056 -6.07354e-19 
0.260518 0.179529 0 
1.0786 0.0862907 1.17365e-20 
1.06103 0.0403414 0 
0.992998 0.0398868 0 
0.888704 -0.00400208 0 
0.570055 0.0953917 0 
0.599484 0.0721112 -1.80386e-18 
0.470299 -0.00219774 6.81847e-19 
0.00920007 2.98139 5.62733e-19 
-0.032521 2.86647 4.76328e-20 
0.00367165 3.05019 -1.54048e-20 
0.0201499 3.04344 5.50938e-19 
-0.0150155 2.99658 2.55682e-20 
-0.0129629 2.94948 -1.03184e-22 
-0.0172507 3.01196 -4.78534e-19 
0.0148209 3.02393 3.45951e-19 
0.00733004 3.03673 -5.4447e-19 
0.931715 -0.00225937 0 
0.937882 -0.00372794 0 
0.843261 -0.00880496 0 
0.956902 0.0115605 0 
0.943349 0.0126999 0 
0.882036 0.00638553 0 
0.919171 0.0154061 0 
0.927131 0.0141227 0 
0.839641 0.00506466 0 
0.721322 1.41318 1.89971e-19 
0.754968 1.52237 0 
0.19766 0.347243 4.88226e-20 
0.208025 0.64561 3.9321e-19 
0.255064 0.71742 -2.27579e-19 
0.27202 0.551637 4.44828e-19 
0.318005 0.755752 1.1578e-18 
0.123696 0.209335 2.88282e-19 
0.477766 0.200001 5.91176e-19 
0.455758 0.214978 1.51329e-19 
0.413848 0.105232 2.95176e-19 
1.16411 0.459428 1.68265e-19 
1.17562 0.253765 1.71243e-19 
0.00951941 2.20793 1.1948e-19 
0.0473912 1.90867 0 
0.955351 0.0281571 0 
0.932942 0.0119082 0 
0.853969 -0.0166761 0 
0.0111185 3.07434 0 
0.0197089 2.94407 9.79824e-19 
0.0164679 2.95633 0 
0.00629617 2.85071 -9.71868e-19 
0.00626865 3.09116 2.35261e-19 
0.00730026 3.08278 0 
0.788168 1.82531 -2.01576e-19 
1.24957 2.50383 5.39658e-19 
0.770351 1.96511 -1.37037e-18 
0.0203153 2.9818 -4.56929e-19 
0.0362523 3.00276 0 
-0.0332756 2.87921 0 
-0.0266773 2.12037 7.37544e-22 
-0.0443343 2.07181 1.38239e-19 
0.000355347 1.98729 2.22489e-21 
0.275119 1.36239 8.40817e-19 
0.216723 0.478085 -5.77995e-19 
0.0633933 1.97041 6.067e-19 
0.138396 1.86126 -7.36369e-19 
0.176704 1.46291 8.73321e-20 
0.0026591 3.1183 -1.43394e-18 
0.0171626 3.11783 1.53486e-18 
-0.00896477 2.98107 6.45466e-19 
-0.00310401 2.9775 -5.94011e-19 
-0.0213 2.88171 -6.57388e-19 
0.00868384 3.09929 -1.73785e-18 
0.00224788 3.10662 1.69241e-18 
0.261771 0.666806 0 
0.21954 0.655673 -8.0496e-19 
0.102363 0.220444 3.58415e-19 
0.337472 0.878253 8.63263e-19 
0.17883 0.250157 -1.32755e-18 
1.16581 0.173447 5.10633e-21 
1.17638 0.308001 0 
1.1536 0.121046 5.21414e-20 
-0.00696579 2.20517 3.69135e-22 
-0.00277289 2.20909 0 
0.0361487 1.95975 0 
0.336686 1.26345 -3.0439e-19 
0.359742 1.08746 -6.52658e-19 
0.190991 0.34395 1.14513e-18 
1.00586 -0.0108781 0 
1.00766 -0.00767543 3.48992e-19 
-0.283358 1.37976 0 
-0.26296 1.20428 0 
1.00221 0.00347354 1.77528e-21 
1.00369 0.00944647 7.14054e-19 
-0.169934 2.37923 9.68336e-20 
-0.174199 2.41603 0 
0.0368567 3.17964 2.57336e-19 
0.396226 3.4934 0 
1.13116 0.652783 -1.81877e-22 
1.01301 0.0129592 -2.15376e-21 
1.02117 -0.0105127 0 
1.00171 0.000143242 7.54707e-23 
0.0998781 1.35452 0 
0.142768 2.57922 0 
0.0562309 1.27198 0 
0.000684792 2.62091 -7.92166e-20 
-0.0263879 2.57994 -8.3563e-20 
1.00482 0.0282283 2.67851e-21 
1.06122 0.00167802 0 
1.08874 0.0142232 0 
-0.349576 2.05512 0 
-0.236727 2.55095 0 
-0.0814603 1.0556 0 
0.278106 1.46293 -3.04875e-19 
1.01124 -0.00970746 0 
1.00936 -0.0149592 0 
1.00239 0.000724808 4.45299e-19 
1.00548 -0.00484946 -5.24076e-19 
1.00117 -0.00104163 0 
-0.37672 1.81811 0 
-0.335132 1.41347 0 
-0.348606 1.64309 0 
-0.0896473 1.02359 0 
-0.174065 1.06385 0 
-0.0944556 0.968666 0 
1.03417 -0.00684619 0 
1.02094 0.0156468 -9.54962e-22 
0.792114 1.256 3.88475e-19 
1.00231 0.000317865 -4.44591e-19 
1.00407 0.00522405 5.21037e-19 
1.00116 0.0020407 0 
1.01285 0.0102454 4.39377e-19 
1.00807 0.00828165 -5.36203e-19 
1.00861 0.0146916 0 
-0.234028 2.57155 0 
-0.216612 2.52196 -2.66778e-19 
-0.239041 2.49924 1.95621e-19 
1.2058 0.261337 2.60989e-19 
1.14341 0.0818823 0 
0.0463567 3.07756 -7.10605e-19 
0.0661667 2.85327 -5.36374e-20 
0.143144 3.19433 1.1056e-18 
0.138155 3.22331 -9.72734e-20 
0.13628 3.23599 0 
0.0206673 3.13771 1.72369e-19 
0.0776306 3.16111 6.97664e-19 
0.0704855 3.18721 -3.27621e-19 
0.0234084 3.12953 0 
0.660972 0.302659 0 
0.576023 0.367704 0 
1.10339 0.682259 -4.69855e-20 
1.10041 0.813826 1.201e-19 
1.16001 0.5703 0 
1.18977 0.512628 0 
1.0162 0.0132219 -8.16986e-19 
1.01499 0.0142309 1.02393e-18 
1.02506 -0.0100206 0 
1.02309 -0.0120741 0 
1.00645 0.00260171 0 
1.01037 0.00367371 0 
1.00443 0.00190472 0 
1.00981 0.00601579 0 
1.00795 0.00592902 0 
1.00448 0.00466396 0 
0.0915631 1.34979 0 
0.0843571 1.31776 0 
0.113387 1.38274 0 
0.127323 1.40429 0 
0.144711 2.60252 0 
0.186695 2.66417 -3.14461e-19 
0.102686 2.65953 0 
0.0848747 2.66225 8.49496e-20 
0.0415663 2.67661 1.69191e-20 
0.0769045 1.25235 0 
0.0703929 1.15195 0 
0.0306882 1.30772 0 
0.0200606 1.26061 0 
-0.0133725 1.97999 1.01648e-19 
-0.0359968 2.60466 -1.28137e-19 
-0.0155442 2.66414 -1.41979e-19 
-0.0245734 2.6712 0 
-0.0506603 2.61024 2.38273e-19 
-0.0419201 2.59979 1.40766e-19 
-0.0131771 1.97872 -7.38288e-20 
-0.0334842 2.42495 1.71818e-19 
-0.0145991 2.43015 1.60981e-19 
1.01395 0.0346362 8.26162e-19 
1.00865 0.0176348 -1.01948e-18 
1.00561 0.0418281 -8.32558e-19 
0.985639 0.0233673 1.06265e-18 
1.06204 0.0057509 0 
1.04753 -0.00952567 0 
1.0876 0.0247816 0 
1.07021 0.00817207 0 
1.06703 -0.002732 0 
1.12657 0.0725246 0 
1.10041 0.0352771 0 
1.10183 0.0255384 0 
-0.21403 2.43575 2.13251e-20 
-0.354315 2.29624 0 
-0.279985 2.32031 0 
-0.200945 2.60628 -1.23091e-19 
-0.143354 2.5591 1.63889e-21 
-0.283286 1.97238 -3.43505e-19 
-0.323708 1.83292 3.45126e-19 
-0.161457 1.37162 0 
-0.2749 1.40113 0 
-0.313783 1.44126 0 
-0.0142056 1.04531 0 
-0.0235668 0.938305 0 
0.372832 1.47628 5.60132e-19 
0.406688 1.48638 2.38133e-19 
0.59392 2.45041 -1.93862e-19 
0.405621 2.54329 5.51696e-19 
0.35462 2.08219 7.19031e-21 
1.02081 -0.0083105 0 
1.01539 -0.00988026 0 
1.01482 -0.0156443 0 
1.00749 -0.001331 0 
1.00498 -0.00101057 0 
1.00775 -0.00484723 0 
1.00921 -0.00387387 0 
1.01412 -0.00458059 0 
1.02165 0.0157836 7.92939e-19 
1.01831 0.0157361 -1.01874e-18 
1.02212 0.017627 -7.96911e-19 
1.0197 0.0163577 9.99073e-19 
0.760451 1.30553 0 
0.693862 1.36004 4.30096e-19 
0.869203 1.2018 2.25036e-19 
0.912438 1.1582 -2.99521e-19 
1.16003 2.61105 -1.44565e-19 
0.821333 0.0958763 4.43703e-19 
1.1432 0.100558 0 
1.18595 0.186818 -2.07035e-19 
1.17098 0.155727 -8.62258e-21 
1.00458 0.131151 0 
0.139298 2.96293 3.30873e-19 
0.116408 2.86871 -9.10368e-19 
0.0281726 2.36924 6.2838e-19 
0.0934721 0.0166035 -2.73632e-19 
0.34087 3.42237 -3.30402e-19 
0.195115 3.31494 0 
0.237578 3.35716 4.30293e-19 
0.247154 3.03596 -1.26056e-18 
0.341991 3.19474 0 
0.00602276 3.12102 3.58538e-20 
0.0162533 3.12979 -4.36474e-19 
0.0144284 3.12579 6.42405e-19 
0.0359893 3.14016 0 
0.0346176 3.15081 0 
1.21823 2.61072 0 
0.538057 0.842334 -3.81448e-19 
1.0322 0.984917 -1.0058e-19 
0.970308 1.05507 0 
0.815746 0.957965 -2.75226e-20 
1.05529 0.872418 2.98264e-20 
0.369333 0.415963 -7.19737e-19 
0.702469 0.323929 -2.23354e-20 
0.687892 0.254331 3.28179e-19 
0.591883 0.396991 2.46471e-20 
0.511387 0.373078 -9.97401e-19 
0.672262 0.343247 0 
0.697211 0.429711 5.49467e-19 
0.704321 0.427161 0 
0.629145 0.382304 0 
0.609092 0.310718 0 
0.782634 0.616172 2.76528e-19 
1.2022 0.279819 -2.31182e-19 
1.19795 0.414782 0 
1.21117 0.364183 0 
0.765356 0.197884 4.87314e-19 
0.827897 0.539535 -2.91591e-19 
0.733767 0.516356 4.99665e-19 
0.926845 0.419395 -5.24617e-19 
1.01995 0.0144933 5.46821e-19 
1.01797 0.0141215 -5.52802e-19 
1.01595 0.0156952 0 
1.03557 -0.0064313 0 
1.02939 -0.00890681 -5.10977e-19 
1.02714 -0.0124939 5.05809e-19 
1.02516 0.00939457 0 
1.0237 0.0129961 0 
1.01139 0.00395655 0 
1.01432 0.00881738 0 
1.01507 0.00373686 0 
1.01418 0.0026824 0 
0.0706064 1.33426 0 
0.0675746 1.29535 0 
0.148176 1.34081 1.71383e-19 
0.259504 1.46042 1.70147e-19 
0.15033 1.4341 3.59964e-19 
0.1808 1.44153 -5.8729e-19 
0.166846 1.37062 0 
0.123108 1.58982 1.0978e-19 
0.110199 1.55921 0 
0.351794 2.03724 -1.04497e-20 
0.351892 2.36876 4.14497e-19 
0.182877 1.44098 -9.5799e-20 
0.260546 1.36268 1.1125e-19 
0.190342 1.35308 -8.92861e-20 
0.268087 1.30313 1.20537e-19 
0.234097 1.57396 0 
0.259561 1.61563 -5.77562e-20 
0.0287888 2.27236 3.51511e-20 
0.0387211 2.66976 0 
0.0625237 2.41089 -2.68143e-20 
0.0537791 2.43134 0 
0.0700943 2.67371 -9.48692e-20 
0.0510042 2.69872 0 
0.05837 1.43769 1.91183e-19 
0.014711 1.47395 0 
0.0243758 1.39346 0 
0.0601819 1.39636 -2.09487e-19 
-0.00311402 2.64911 -1.97378e-20 
0.024832 2.69729 -3.89894e-20 
0.00931783 2.71693 -2.94343e-22 
0.0644617 1.90186 -1.41191e-19 
0.0167158 1.65827 -4.84729e-20 
0.0712767 1.1353 0 
0.0487284 1.02211 0 
0.0290398 1.57561 -2.44199e-19 
0.0227092 1.44471 -2.30959e-19 
0.0393132 1.5087 2.96828e-19 
0.0291557 1.602 0 
-0.21281 2.48025 6.79905e-19 
-0.214701 2.61573 -2.85355e-19 
-0.139988 2.57325 6.26324e-20 
0.0102692 1.93125 1.70424e-19 
-0.0815345 2.53909 6.7216e-20 
-0.0366918 2.4723 -2.01829e-19 
1.02062 0.0202359 -5.41871e-19 
1.01744 0.0252163 5.44179e-19 
1.01488 0.0164795 0 
1.01822 0.0630789 7.55076e-19 
0.996476 0.0544649 -8.72975e-19 
0.9589 0.0402001 9.855e-19 
1.01764 0.0948994 -1.0153e-19 
1.04183 -0.00639354 0 
1.04964 -0.00237187 4.79415e-19 
1.03808 -0.0105387 -4.80109e-19 
1.06772 0.0343431 -2.78991e-20 
1.06242 0.0179328 2.42945e-19 
1.06114 0.0453622 0 
1.05613 0.0394467 -8.79687e-20 
1.03307 0.0372737 0 
1.02696 0.0342717 0 
1.02762 0.0122232 0 
1.02437 0.0151922 0 
1.03899 0.0278715 1.81981e-19 
1.03794 0.023658 -4.05607e-19 
1.051 0.0282237 -1.91111e-19 
1.04807 0.0279923 -2.12023e-19 
1.07144 0.0516359 4.06032e-19 
1.08794 0.0417115 0 
1.09468 0.0884148 0 
-0.228806 2.49099 3.28426e-19 
-0.301871 2.31059 3.09394e-20 
-0.290276 2.35202 0 
-0.247854 2.51769 -3.05536e-19 
-0.245809 2.46999 -5.09488e-20 
-0.22623 2.51364 5.89928e-20 
-0.0729403 2.60995 -1.13885e-19 
-0.121705 2.59846 1.20202e-20 
-0.0832004 2.55035 -4.63453e-20 
-0.119574 2.60989 7.7237e-20 
-0.0721028 2.58031 -9.49893e-20 
-0.134092 1.66599 -8.23116e-21 
-0.176213 2.01498 -4.68871e-19 
0.363318 1.41293 -2.67792e-19 
0.361037 1.35354 -1.95742e-19 
0.641564 1.40598 -4.15973e-19 
0.508529 1.4721 -2.3066e-19 
0.559339 1.44613 0 
0.589878 2.42502 1.64847e-19 
0.657033 2.4153 2.78098e-19 
0.411043 2.5197 8.08483e-20 
0.405068 2.55698 -3.76738e-19 
0.515613 2.50942 4.22076e-19 
0.548241 2.46381 0 
0.488239 2.51462 -4.50958e-19 
0.24682 2.59169 8.6433e-19 
0.352732 2.56857 -8.11134e-20 
0.284342 2.6517 -1.22897e-18 
0.935497 2.38496 4.74635e-19 
0.830637 2.3876 0 
1.01109 0.000208695 1.79465e-20 
1.01528 -0.00553787 -1.45735e-20 
1.01744 -0.00365767 -2.6495e-19 
1.01484 -0.00114914 2.66776e-19 
1.01233 0.000757038 0 
0.628113 1.2723 0 
0.649372 1.16605 0 
0.750065 1.07217 0 
0.64129 1.13425 0 
1.18765 2.6267 5.79651e-20 
1.07822 2.37093 0 
0.845077 2.19775 9.2457e-22 
0.827876 2.46485 0 
0.922708 2.55214 -1.85784e-19 
0.959657 2.50618 1.23777e-19 
0.833387 0.14563 0 
0.803146 0.133871 1.23791e-19 
0.925216 0.122023 6.85364e-19 
0.851348 0.119557 -2.64253e-19 
0.832677 0.0605981 -7.99595e-19 
1.06093 0.222242 -5.76338e-19 
0.980346 0.275718 -1.56685e-20 
0.910331 0.272071 6.35364e-19 
0.995028 0.204358 5.09985e-19 
0.946426 0.162374 -8.95433e-19 
0.916979 0.170044 1.13318e-19 
0.943793 0.23303 -2.35787e-19 
0.922464 0.193203 0 
0.991257 0.164216 4.37846e-19 
1.03797 0.170632 0 
1.03352 0.197066 0 
1.09234 0.110474 1.85205e-19 
1.06491 0.162031 -1.35158e-20 
1.05512 0.226109 -1.01556e-19 
1.08764 0.195419 0 
1.02395 0.0417094 4.17873e-19 
1.04378 0.0504226 5.12088e-19 
1.03435 0.0385436 -4.14878e-19 
1.04575 0.0557867 -3.43566e-19 
1.02033 0.0650417 -5.33089e-19 
0.990299 0.135158 0 
1.00356 0.089746 0 
0.97362 0.0550397 -3.52678e-19 
0.925846 0.0707314 1.41442e-19 
1.04198 0.0910824 4.7774e-19 
1.0676 0.110906 -5.41919e-19 
1.07154 0.141217 4.8768e-19 
1.03362 0.129438 0 
1.07398 0.0963174 0 
1.06033 0.0773998 -2.21858e-19 
1.05072 0.0854122 -3.88773e-19 
0.587722 1.08883 1.98179e-20 
0.618749 1.41628 8.0649e-20 
1.15956 2.74264 -5.94166e-20 
1.22549 3.08344 -3.54938e-20 
1.25116 2.72524 2.26952e-19 
1.28143 2.7089 -1.91008e-19 
1.20991 2.3498 -9.7481e-21 
1.21273 2.98755 5.43776e-20 
1.23208 2.95281 4.12519e-21 
1.21658 3.23723 -2.07958e-19 
1.37768 2.96939 2.87652e-19 
1.36867 2.88774 0 
0.542627 0.849248 -3.11226e-20 
0.140961 1.26339 4.68908e-19 
0.526129 0.471693 4.6979e-19 
0.361001 0.224998 5.12887e-19 
0.530363 0.403498 5.61261e-19 
0.538588 0.4908 -9.05685e-19 
0.541224 0.49591 7.4134e-19 
0.495425 0.422011 -2.83656e-19 
0.425318 0.36186 6.4919e-19 
0.767689 0.254679 -2.76638e-19 
0.727239 0.291281 0 
0.724093 0.22766 9.97951e-21 
0.71301 0.515315 2.86621e-19 
0.684284 0.489578 -1.04952e-18 
0.604933 0.488891 1.64574e-20 
0.621989 0.473672 0 
0.668759 0.738474 2.7251e-19 
0.812495 0.768556 2.26818e-19 
0.742207 0.852074 -2.69517e-19 
0.855089 0.800481 -8.81046e-20 
0.887606 0.839654 -1.24311e-20 
0.895938 0.841462 1.27248e-20 
0.821885 0.643222 -4.62435e-19 
0.899197 0.694599 8.18421e-20 
0.957407 0.707644 0 
0.946075 0.683773 -1.09961e-19 
1.00609 0.317027 1.41008e-19 
1.115 0.28891 1.51483e-19 
1.04528 0.259764 2.35482e-19 
0.986136 0.35009 -2.92964e-19 
1.02866 0.416641 0 
1.08316 0.404473 0 
0.898476 0.349576 4.71126e-21 
0.837737 0.284179 0 
0.858881 0.274367 3.08138e-19 
0.894674 0.278336 -6.33551e-21 
0.918031 0.42259 1.45431e-18 
0.874823 0.48434 3.73312e-19 
0.880273 0.449243 -4.19573e-19 
0.81132 0.437288 4.49862e-19 
0.793216 0.431938 2.81315e-19 
0.764872 0.417129 -2.7638e-19 
1.0272 -0.000647592 4.38585e-19 
1.02013 -0.000293884 0 
1.0186 0.000587635 2.86664e-19 
1.02112 -0.00213757 -6.48092e-19 
1.02247 0.00415189 3.15211e-19 
1.02048 0.0108112 -6.60185e-19 
1.02148 0.0102258 0 
1.02087 0.0104619 -1.38106e-19 
1.01613 0.00738217 3.4643e-19 
1.01681 0.0101703 -1.72917e-19 
1.01747 0.00954561 1.27344e-19 
0.0481106 1.31752 0 
0.0344796 1.36763 0 
0.0503875 1.31911 0 
0.0313635 1.27824 0 
0.0760261 1.37062 -3.81949e-19 
0.0847885 1.34111 1.2368e-19 
0.101678 1.49549 7.6447e-20 
0.0917713 1.33672 -8.75929e-20 
0.0275209 1.45405 2.22713e-19 
0.0320518 1.44532 -1.71741e-19 
0.0641918 1.35244 -5.43217e-21 
0.0554969 1.35522 2.40329e-19 
0.049141 1.33492 3.47362e-20 
0.0319805 1.36662 2.92521e-20 
0.10429 2.38682 3.16541e-20 
0.0945383 2.43002 0 
0.161628 2.06625 3.19636e-20 
0.106707 1.70731 -3.58983e-20 
0.225828 2.06029 -2.57187e-20 
0.211874 2.45646 0 
0.268517 2.40975 -3.34514e-19 
0.30329 2.40906 2.38839e-19 
0.229017 2.01918 -6.97941e-20 
0.148591 2.18554 7.22374e-20 
0.143871 2.30756 0 
0.0287694 1.88328 2.46903e-19 
-0.00754324 2.40662 1.95263e-19 
-0.0215663 2.15292 0 
0.00304351 2.46434 -1.28031e-20 
0.0285085 2.31449 -1.07022e-19 
0.0990973 1.4364 -4.01557e-20 
0.14143 1.37033 6.97817e-19 
0.108545 1.4263 -2.34898e-19 
0.0900201 1.45327 -1.90611e-19 
0.0846432 1.4643 0 
0.102825 1.39983 0 
-0.0315934 1.05128 -3.33608e-19 
0.0784502 1.31099 1.00989e-19 
0.120704 1.34172 0 
0.0362368 1.04231 -2.1934e-19 
0.0147252 0.916603 4.64369e-19 
1.04028 0.010732 0 
1.0456 0.00710073 -4.49442e-20 
1.03849 0.0205298 -3.25586e-19 
1.04752 0.0185263 0 
1.05219 0.0181214 0 
1.03564 0.010503 -6.41842e-21 
1.03139 0.0104437 5.25904e-19 
1.03135 0.0152907 6.39375e-19 
1.02614 0.0190455 0 
1.02359 0.0198556 0 
1.03475 0.0231713 3.2563e-19 
1.02586 0.0247412 0 
1.02548 0.0240697 0 
-0.0212731 2.22047 0 
-0.0985244 2.0452 6.85644e-21 
-0.089671 2.14774 -1.55515e-19 
0.0593422 1.31061 0 
0.0433245 1.75498 -2.01972e-19 
0.0343726 1.49385 1.72122e-19 
0.0226236 1.27764 0 
0.394663 1.69204 0 
0.361357 1.28009 3.13876e-19 
0.304895 1.33634 0 
0.416594 1.27932 -4.4384e-19 
0.460489 1.44489 0 
0.441743 1.3886 2.17887e-19 
1.03225 2.69708 -9.75797e-21 
0.958553 2.41672 -5.97584e-19 
0.904947 2.18556 6.87127e-19 
0.84325 2.38012 1.78523e-19 
0.845085 2.51126 0 
0.915251 2.50516 0 
0.918851 2.37882 0 
0.896489 2.36304 -6.88431e-19 
0.692873 2.48417 -1.90998e-19 
0.801714 2.47594 -5.24534e-20 
0.81335 2.44684 4.01474e-20 
0.691275 2.3926 0 
0.795202 2.39062 0 
0.754311 2.40161 -2.93607e-19 
0.769694 2.50167 0 
0.613248 1.08713 0 
0.489731 0.933266 -2.49765e-19 
0.557411 0.965096 -1.64375e-20 
0.529476 1.0653 0 
0.528985 1.01466 3.76089e-19 
0.765821 0.874922 -5.75746e-20 
0.776121 1.00916 0 
0.749444 0.963834 6.13672e-20 
0.641713 1.02887 0 
0.644518 0.941335 0 
1.16622 2.76447 -8.38099e-20 
1.14454 2.82798 1.56599e-20 
0.936346 2.35082 -9.60959e-20 
0.903208 2.32989 -2.21441e-20 
1.13078 2.73917 0 
1.0832 2.71005 2.67979e-20 
1.09013 2.49226 -1.95794e-19 
0.985569 2.23674 -3.08116e-20 
0.504736 1.37044 0 
0.518739 1.08275 -1.75e-20 
0.554708 1.15396 0 
0.860107 0.214076 0 
0.80951 0.170131 0 
0.768078 0.149343 0 
0.854048 0.222751 -4.8488e-19 
0.78617 0.21362 2.90701e-19 
0.935409 0.0574994 -2.91326e-19 
0.950479 0.103503 0 
0.926086 0.10868 1.27358e-19 
0.874844 0.0862323 5.13826e-19 
0.857223 0.0475086 -3.19488e-19 
1.16375 3.36273 -8.55492e-19 
1.21146 3.28191 0 
1.16215 3.39089 -1.71984e-18 
0.648861 3.55171 1.46923e-18 
0.873939 3.1189 2.28871e-19 
0.516493 0.857659 4.12812e-19 
0.436797 0.854081 0 
0.340533 0.504571 -1.16619e-19 
0.441989 0.688418 6.18521e-19 
0.528518 0.477003 -1.58614e-19 
0.504178 0.526522 1.81794e-19 
0.649685 0.543308 3.90543e-19 
0.678679 0.562805 0 
0.630793 0.62511 0 
0.588763 0.563577 0 
0.953619 0.594355 2.27292e-20 
0.87787 0.534022 -3.62649e-19 
0.90095 0.565938 2.4733e-19 
0.936375 0.501806 -2.76948e-19 
1.04022 0.475233 0 
1.04868 0.564676 -5.43117e-20 
0.836389 0.387496 -6.35502e-19 
0.840707 0.372567 -7.64821e-19 
0.790221 0.383982 4.96552e-19 
0.783276 0.355842 -5.27551e-19 
0.836753 0.311945 -4.0248e-19 
0.792182 0.309592 4.95025e-19 
1.02651 0.00558108 -3.34489e-19 
1.02627 0.00574795 6.80805e-19 
1.02941 -0.000449851 4.22535e-19 
1.0331 0.000325835 -5.08374e-19 
1.03308 0.00767515 0 
1.02991 0.00853535 -8.22611e-19 
0.0511122 1.64619 -1.92276e-20 
0.0342713 1.57411 0 
0.0840978 1.69519 -2.02534e-19 
0.0784711 1.67733 1.90649e-19 
0.0910544 1.5285 -1.43439e-19 
0.0897717 1.50494 0 
0.13097 1.81745 0 
0.0918546 1.61023 8.52071e-20 
0.114939 1.45929 -7.59163e-20 
0.0823112 1.66388 1.89148e-20 
0.0254051 2.09903 1.51717e-19 
0.028842 2.08194 -5.14745e-20 
0.498093 1.37996 9.07367e-20 
0.490874 1.38545 -9.4571e-20 
0.438063 1.27766 2.06558e-19 
0.433813 1.29452 -9.7979e-21 
0.623002 1.28753 0 
0.537515 1.37457 3.24058e-19 
0.554601 1.38362 -3.15511e-19 
0.444437 1.2665 -1.99257e-19 
0.500342 1.22048 0 
0.556552 1.19088 0 
0.659394 2.44347 2.80637e-19 
0.669505 2.47475 8.74065e-19 
0.717435 2.49026 -6.0146e-19 
0.620754 2.47186 -1.60676e-19 
0.563227 2.56248 1.85028e-19 
0.512745 2.53465 -5.07909e-19 
0.972786 2.38142 -3.79855e-19 
1.0121 2.3976 0 
0.918337 2.16563 -4.55688e-19 
1.05224 2.69047 0 
1.05445 2.67753 0 
0.614486 2.27818 5.92148e-20 
1.04439 3.16527 3.10205e-19 
0.915443 3.03549 -2.3499e-19 
0.284306 0.923695 0 
0.32318 0.784594 -2.3486e-19 
0.481393 0.739372 -1.94904e-19 
0.390269 2.02666 0 
0.469024 2.78772 -1.59344e-19 
0.424643 2.55203 0 
0.678058 0.688627 -5.73848e-19 
0.756362 0.679424 7.70684e-19 
0.774882 0.624629 -7.6039e-19 
0.657012 0.652407 -7.75923e-20 
0.712157 0.600826 -3.2091e-19 
1.00692 2.76912 -2.35872e-19 
1.04336 2.82448 6.65443e-20 
0.640996 2.15403 3.73254e-19 
0.600178 1.72195 -2.81866e-19 
0.703809 1.91267 -1.43491e-19 
0.993144 2.45244 -9.11383e-20 
0.997235 2.4448 6.24846e-20 
0.663467 1.8513 1.12947e-20 
0.457783 1.34299 3.11099e-20 
))
(300 (2 10 3 0 0 919 1018)(
0 0 0 
0 0 0 
0 0 0 
0 0 0 
0 0 0 
0 0 0 
0 0 0 
0 0 0 
0 0 0 
0 0 0 
0 0 0 
0 0 0 
0 0 0 
0 0 0 
0 0 0 
0 0 0 
0 0 0 
0 0 0 
0 0 0 
0 0 0 
0 0 0 
0 0 0 
0 0 0 
0 0 0 
0 0 0 
0 0 0 
0 0 0 
0 0 0 
0 0 0 
0 0 0 
0 0 0 
0 0 0 
0 0 0 
0 0 0 
0 0 0 
0 0 0 
0 0 0 
0 0 0 
0 0 0 
0 0 0 
0 0 0 
0 0 0 
0 0 0 
0 0 0 
0 0 0 
0 0 0 
0 0 0 
0 0 0 
0 0 0 
0 0 0 
0 0 0 
0 0 0 
0 0 0 
0 0 0 
0 0 0 
0 0 0 
0 0 0 
0 0 0 
0 0 0 
0 0 0 
0 0 0 
0 0 0 
0 0 0 
0 0 0 
0 0 0 
0 0 0 
0 0 0 
0 0 0 
0 0 0 
0 0 0 
0 0 0 
0 0 0 
0 0 0 
0 0 0 
0 0 0 
0 0 0 
0 0 0 
0 0 0 
0 0 0 
0 0 0 
0 0 0 
0 0 0 
0 0 0 
0 0 0 
0 0 0 
0 0 0 
0 0 0 
0 0 0 
0 0 0 
0 0 0 
0 0 0 
0 0 0 
0 0 0 
0 0 0 
0 0 0 
0 0 0 
0 0 0 
0 0 0 
0 0 0 
0 0 0 
))
(300 (2 11 3 0 0 1019 1026)(
1 0 0 
1 0 0 
1 0 0 
1 0 0 
1 0 0 
1 0 0 
1 0 0 
1 0 0 
))
(300 (2 12 3 0 0 1027 1030)(
0 3 0 
0 3 0 
0 3 0 
0 3 0 
))
(300 (2 13 3 0 0 1031 1038)(
-0.0590184 1.22867 0 
0.00351482 1.2997 1.54229e-19 
-0.192814 1.37741 0 
-0.0588004 2.30988 0 
-0.29381 2.12814 0 
-0.291154 1.55743 0 
-0.341957 1.84387 0 
-0.203389 2.22598 0 
))
(300 (2 14 3 0 0 1039 1072)(
0 0 0 
0 0 0 
0 0 0 
0 0 0 
0 0 0 
0 0 0 
0 0 0 
0 0 0 
0 0 0 
0 0 0 
0 0 0 
0 0 0 
0 0 0 
0 0 0 
0 0 0 
0 0 0 
0 0 0 
0 0 0 
0 0 0 
0 0 0 
0 0 0 
0 0 0 
0 0 0 
0 0 0 
0 0 0 
0 0 0 
0 0 0 
0 0 0 
0 0 0 
0 0 0 
0 0 0 
0 0 0 
0 0 0 
0 0 0 
))
(300 (2 15 3 0 0 1073 1072)(
))
