(0 "FOAM to Fluent data File")

(33 (918 3444 1074))
(300 (1 1 1 0 0 1 918)(
0.557647
1.18156
0.00128915
0.557098
-0.0125667
1.14857
-0.511053
0.658297
0.537849
-0.107173
-0.0519112
0.540239
1.00914
0.774619
-1.12351
-0.0104967
0.65208
-0.381219
0.536965
-0.0601133
0.687721
0.544386
0.547411
0.537989
0.598248
0.749434
0.889987
0.0245303
0.00986221
0.00532096
-0.0119441
-0.0387908
-0.0329126
1.03224
1.0833
1.10598
0.50559
0.334106
-0.376436
-0.44943
-0.436629
-0.544661
0.657125
0.656568
-0.212762
0.661209
0.662505
0.524867
0.537218
0.53813
0.539147
0.538134
0.539513
0.40429
-0.107553
-0.138842
-0.0880336
-0.081752
0.0527307
-0.0531102
-0.0556858
-0.0502109
-0.0494763
0.454684
0.534437
0.530889
0.544427
0.553802
1.12111
1.09306
1.11919
1.03276
1.0493
0.987158
0.959776
0.795772
0.817315
0.758866
0.74706
-1.55439
-2.50453
-0.534415
-0.284216
-0.010622
-0.00837136
-0.00294182
0.649271
0.650655
0.651513
0.653469
1.07985
-0.378794
-0.479372
0.537107
0.535918
0.544234
0.544935
0.540955
0.540045
-0.05121
-0.0478814
-0.0509352
-0.0560933
-0.054372
0.673446
0.674673
0.538516
0.535519
0.561476
0.581743
0.571812
0.277949
0.608981
0.624818
0.581468
0.743868
0.736259
0.745855
0.863577
0.826603
0.927257
0.950518
0.0171499
-4.60332e-05
-0.0152183
-0.0194951
-0.0181639
0.501417
0.493951
0.521487
0.509029
0.511539
0.250906
0.117625
0.419038
0.443832
-0.295635
-0.362476
-0.429117
-0.459831
-0.568356
0.612867
0.656093
0.654738
-0.222675
-0.150892
-0.284412
-0.0778025
-0.140861
0.515122
0.522144
0.517137
0.532702
0.527166
0.529131
0.54149
0.53856
0.54012
0.466402
0.589894
0.330534
0.295092
-0.242248
-0.154207
-0.241792
-0.0714809
-0.0692435
0.0668149
0.0924824
0.0394494
0.0276776
-0.0649227
-0.0587843
-0.0614981
-0.0476593
-0.0469679
0.447416
0.43618
0.467387
0.474957
0.520782
0.52229
0.526797
0.524611
0.910681
0.932978
0.940491
0.914352
-3.49272
-6.27204
0.040053
0.176287
-0.00673104
-0.00939385
0.00197646
-0.00586032
0.000208105
-0.00196028
-0.00773305
-0.00919235
-0.00428988
-0.0030146
0.64395
0.644921
1.00213
1.0091
0.977647
0.930559
0.525331
0.527401
0.532895
0.52878
-0.0466398
-0.0467188
-0.0463485
0.665623
0.67096
0.668475
0.239371
0.149449
0.329112
0.358314
0.637307
0.625905
0.635508
0.641336
0.676781
0.957885
0.976027
0.974369
0.982697
1.02681
1.04327
1.00849
0.480809
0.490821
0.485751
0.524525
0.522317
0.523204
0.519524
0.520492
0.518699
-0.0327158
-0.412316
0.491115
0.507922
0.493413
0.495719
0.692974
0.77156
0.653031
0.654423
0.654036
-0.00843998
-0.0669495
0.250234
0.216128
0.386839
0.423332
0.402264
0.881744
0.84232
0.892336
0.865787
0.82719
0.853022
-0.36386
-1.86198
-0.981865
0.524577
0.339631
0.426248
0.009467
-0.00720796
-0.00267398
1.00179
1.07404
0.645661
0.820496
0.823123
0.714213
0.744803
0.79957
0.725178
0.759987
0.794946
0.776856
0.568804
0.504204
0.5202
0.840608
0.896301
0.119137
0.0572478
0.0134537
0.111401
0.168906
0.142905
1.03402
0.950002
1.02016
0.53528
0.536003
-0.00518457
-0.0183934
0.540252
0.540308
-0.0124754
-0.00153138
0.409783
-0.831113
0.0979799
0.52884
0.518723
0.535866
-0.0927171
0.35585
-0.0516875
0.0480514
-0.0087431
0.530423
0.465831
0.424859
0.00051049
-0.0195742
-0.050947
-0.212724
0.53295
0.531255
0.535334
0.536274
0.536956
-0.0187057
-0.0143862
-0.0103004
-0.0477448
-0.0411099
-0.0533007
0.49975
0.519193
-0.170402
0.53548
0.537616
0.537434
0.5307
0.536329
0.534583
-0.0104399
-0.0154673
-0.017742
0.219481
0.351872
0.648696
0.734863
0.620956
0.397244
0.162775
0.552425
0.615533
0.521514
0.674704
0.651625
0.658059
0.163493
0.0131341
0.17234
0.1141
0.526702
0.525424
0.516975
0.513933
0.530733
0.528848
0.533406
0.53043
0.53338
0.53476
-0.0489709
-0.0756246
-0.0847413
-0.151769
0.310547
0.571575
0.255046
0.284462
0.142208
-0.0461985
-0.0478262
-0.0496102
-0.0584093
0.00117739
-0.0243095
0.0427294
0.0429127
0.0145373
-0.0111632
-0.00851579
-0.0195105
-0.0138864
0.523684
0.523744
0.528141
0.536857
0.475506
0.479292
0.444087
0.464857
0.450098
0.388723
0.424096
0.399286
-0.00547061
0.00308462
-0.00242685
-0.017561
-0.0142731
-0.0334649
-0.0303487
-0.0257622
-0.0217467
-0.028599
-0.0453776
-0.0477249
-0.170813
-0.286751
0.988483
0.909428
0.13726
0.522095
0.528554
0.525313
0.530245
0.533374
0.53417
0.531877
0.528423
0.519419
0.520841
0.517712
0.518795
-0.10169
-0.243257
-0.0716067
-0.146351
0.145951
0.628601
0.363768
0.299031
0.294396
0.523291
0.91706
0.699838
0.668629
0.667381
-0.343196
0.0453792
-0.279841
0.335186
0.162371
0.648451
0.697603
0.719671
0.667339
0.620403
-0.100033
0.556368
-0.0740094
-0.0216329
0.180047
0.0556571
0.660202
0.639538
0.646922
0.651581
0.664854
0.642752
0.625468
0.62542
0.646327
0.65022
0.483111
0.250146
0.200707
0.162251
0.643018
0.516783
0.566591
0.490095
0.522008
0.52453
0.523183
0.50459
0.512189
0.507702
0.514282
0.517925
0.526454
0.526934
0.52219
0.524318
-0.0560642
-0.0625789
-0.0248526
-0.135006
-0.127851
-0.189958
-0.0588319
0.0744745
0.0360164
0.237373
0.34148
0.0521521
-0.0565378
-0.0290341
0.012655
0.179853
0.20831
0.0743292
0.162291
0.153522
0.134464
0.237521
0.24084
-0.0292632
-0.0308544
-0.0357524
-0.0378074
0.0190492
0.0905642
0.0997448
-0.00710676
-0.0127624
-0.0444501
-0.0444258
-0.0220617
-0.0273531
-0.02225
0.00486309
-0.0526169
-0.0201098
-0.00618556
-0.0044551
-0.0054077
-0.0108953
0.518668
0.520264
0.520637
0.528049
0.540635
0.555234
0.52148
0.497752
0.488524
0.491542
0.464427
0.474721
0.470543
0.484123
0.505278
0.514002
0.512328
0.515169
0.497362
0.499143
0.48568
0.48933
0.46442
0.445014
0.433061
-0.0422952
-0.00363567
-0.0118216
-0.0376072
-0.00793768
-0.0199233
-0.0108912
0.00811206
-0.00832339
-0.00966618
-0.0198139
-0.0261013
-0.025756
-0.0727999
0.0139019
-0.184244
-0.219686
-0.292772
0.890719
1.01493
0.81005
0.583027
0.603331
0.846666
0.931124
0.543218
0.735571
0.758716
0.587626
0.854863
0.526945
0.52654
0.52414
0.52362
0.52484
-0.00675505
0.0996245
0.0975635
0.161132
0.277663
0.389282
0.320212
0.194923
0.324941
0.327416
0.621582
0.633789
0.588838
0.612891
0.613244
0.425383
0.501043
0.552673
0.513865
0.565678
0.587267
0.541336
0.57426
0.523745
0.479307
0.475485
0.425012
0.444684
0.420262
0.403384
0.516506
0.493728
0.50451
0.494929
0.515729
0.543751
0.54044
0.562261
0.577416
0.498328
0.453211
0.462598
0.49278
0.454253
0.469845
0.485878
0.233414
0.135504
0.218403
-0.066525
0.00406849
-0.00842138
-0.0571411
-0.00572444
0.278457
-0.412312
-0.38905
-1.01593
0.504664
0.954513
0.591319
0.567175
0.665855
0.651386
0.657632
0.674655
0.672832
0.63164
0.640761
0.645576
0.596377
0.617099
0.636644
0.632646
0.524927
0.382255
0.381637
0.329329
0.199432
0.239369
0.435316
0.359613
0.284711
0.284821
0.456766
0.343264
0.413319
0.446704
0.377954
0.332635
0.535315
0.601338
0.594978
0.568263
0.479004
0.491072
0.515599
0.549033
0.572778
0.60552
0.513699
0.519645
0.520876
0.518344
0.515614
0.518717
0.519009
0.521581
0.522162
0.525184
0.524252
-0.0524556
-0.0379834
-0.050769
-0.0629579
-0.0180414
-0.0202273
0.023318
0.0116952
-0.0152236
-0.0111463
-0.0328145
-0.0368386
-0.0334383
-0.0255288
0.102909
0.11569
0.101007
0.0611723
0.250833
0.380786
0.455187
0.330334
0.224151
0.248696
0.267092
-0.0118946
0.0136856
0.000931346
0.040685
0.0325233
-0.0387178
-0.0424965
-0.0385293
-0.0307271
-0.022451
-0.0378196
-0.0433564
-0.0344026
-0.0388607
-0.041558
-0.045182
0.500025
0.493484
0.495057
0.488977
0.487707
0.502028
0.506358
0.5083
0.513803
0.516239
0.506141
0.511577
0.515578
-0.0117949
-0.0349283
-0.0383952
-0.0295265
-0.031496
-0.0288809
-0.030479
0.123779
0.0546634
0.0584346
0.0112851
-0.120953
-0.0629893
0.492288
0.491093
0.480464
0.721487
0.570724
0.491591
0.588697
0.694342
0.276487
0.473201
0.308331
0.888688
0.785339
0.931639
0.542575
0.246325
0.410591
0.453018
0.266684
0.342527
0.324744
0.213826
0.244532
0.282906
0.381737
0.266454
0.243297
-0.000231459
0.19058
0.302456
0.284307
0.408819
0.469425
0.267414
0.187137
0.142119
0.606185
0.625776
0.638762
0.611485
0.633039
0.581633
0.57391
0.589044
0.597036
0.591358
-0.744257
-0.45064
-1.39747
-0.720354
-0.264824
0.535247
0.507432
0.770031
0.646052
0.680819
0.665497
0.624621
0.594457
0.619151
0.641536
0.340349
0.450893
0.426111
0.431876
0.334636
0.264845
0.563176
0.560218
0.593461
0.61674
0.588407
0.618661
0.511514
0.51124
0.510699
0.506933
0.505194
0.507556
0.0592296
0.0267808
0.0678707
0.0505638
0.0280683
0.0156299
-0.0105051
-0.0204877
-0.0276411
-0.0271719
-0.0128542
-0.00872589
0.172368
0.109681
0.0301885
0.0590172
-0.00171112
-0.0700719
-0.0892455
0.0162008
0.112298
0.102492
0.405633
0.655142
0.475188
0.64261
0.485175
0.540956
0.468927
0.460255
0.485174
0.380393
0.460773
0.251269
-0.256982
-0.166139
0.795396
0.80607
0.581805
0.407052
0.174737
0.351956
0.541396
0.471184
0.506565
0.57564
0.562671
0.0305776
0.0880113
0.375526
0.602298
0.241646
0.232716
0.226079
0.410662
0.328703
))
(300 (1 10 1 0 0 919 1018)(
0.557647
1.18156
0.00128915
0.557098
1.14857
-0.511053
0.658297
-0.107173
-0.0519112
0.540239
1.00914
0.774619
-1.12351
0.65208
-0.381219
0.536965
-0.0601133
0.687721
0.537989
0.598248
0.749434
0.889987
0.0245303
1.03224
0.50559
-0.44943
-0.544661
0.656568
-0.212762
0.662505
0.524867
-0.138842
-0.081752
-0.0556858
-0.0494763
0.454684
0.530889
0.553802
1.0493
0.959776
0.817315
0.74706
-2.50453
-0.284216
0.650655
0.653469
-0.479372
0.535918
0.540045
-0.0478814
-0.054372
0.674673
0.535519
0.571812
0.277949
0.624818
0.581468
0.745855
0.826603
0.950518
0.493951
0.521487
0.511539
-0.362476
-0.568356
0.654738
-0.284412
-0.140861
0.517137
0.529131
-0.241792
-0.0692435
-0.0614981
-0.0469679
0.43618
0.474957
0.520782
0.524611
0.914352
0.176287
0.644921
0.525331
0.52878
-0.0463485
0.668475
0.149449
0.358314
0.635508
0.676781
0.982697
0.485751
0.523204
0.518699
0.654036
-0.0669495
0.402264
0.865787
0.426248
0.759987
0.0134537
))
(300 (1 11 1 0 0 919 926)(
0.557647
0.557098
0.537849
0.544386
0.53813
0.539513
0.544234
0.54012
))
(300 (1 12 1 0 0 919 922)(
1.18156
1.14857
1.10598
1.11919
))
(300 (1 13 1 0 0 919 926)(
0
0
0
0
0
0
0
0
))
(300 (1 14 1 0 0 919 952)(
-0.0125667
-0.0104967
-0.0329126
0.334106
0.40429
0.0527307
-0.00294182
1.07985
-0.0181639
0.117625
0.443832
0.612867
0.589894
0.295092
0.0924824
0.0276776
-6.27204
-0.00773305
-0.0030146
1.0091
0.930559
-0.412316
0.491115
0.495719
0.77156
0.216128
-0.981865
-0.00267398
1.07404
0.823123
0.5202
0.896301
0.142905
1.02016
))
(300 (1 15 1 0 0 919 2754)(
0.557647
0.557647
1.18156
1.18156
0.00128915
0.00128915
0.557098
0.557098
-0.0125667
-0.0125667
1.14857
1.14857
-0.511053
-0.511053
0.658297
0.658297
0.537849
0.537849
-0.107173
-0.107173
-0.0519112
-0.0519112
0.540239
0.540239
1.00914
1.00914
0.774619
0.774619
-1.12351
-1.12351
-0.0104967
-0.0104967
0.65208
0.65208
-0.381219
-0.381219
0.536965
0.536965
-0.0601133
-0.0601133
0.687721
0.687721
0.544386
0.544386
0.547411
0.547411
0.537989
0.537989
0.598248
0.598248
0.749434
0.749434
0.889987
0.889987
0.0245303
0.0245303
0.00986221
0.00986221
0.00532096
0.00532096
-0.0119441
-0.0119441
-0.0387908
-0.0387908
-0.0329126
-0.0329126
1.03224
1.03224
1.0833
1.0833
1.10598
1.10598
0.50559
0.50559
0.334106
0.334106
-0.376436
-0.376436
-0.44943
-0.44943
-0.436629
-0.436629
-0.544661
-0.544661
0.657125
0.657125
0.656568
0.656568
-0.212762
-0.212762
0.661209
0.661209
0.662505
0.662505
0.524867
0.524867
0.537218
0.537218
0.53813
0.53813
0.539147
0.539147
0.538134
0.538134
0.539513
0.539513
0.40429
0.40429
-0.107553
-0.107553
-0.138842
-0.138842
-0.0880336
-0.0880336
-0.081752
-0.081752
0.0527307
0.0527307
-0.0531102
-0.0531102
-0.0556858
-0.0556858
-0.0502109
-0.0502109
-0.0494763
-0.0494763
0.454684
0.454684
0.534437
0.534437
0.530889
0.530889
0.544427
0.544427
0.553802
0.553802
1.12111
1.12111
1.09306
1.09306
1.11919
1.11919
1.03276
1.03276
1.0493
1.0493
0.987158
0.987158
0.959776
0.959776
0.795772
0.795772
0.817315
0.817315
0.758866
0.758866
0.74706
0.74706
-1.55439
-1.55439
-2.50453
-2.50453
-0.534415
-0.534415
-0.284216
-0.284216
-0.010622
-0.010622
-0.00837136
-0.00837136
-0.00294182
-0.00294182
0.649271
0.649271
0.650655
0.650655
0.651513
0.651513
0.653469
0.653469
1.07985
1.07985
-0.378794
-0.378794
-0.479372
-0.479372
0.537107
0.537107
0.535918
0.535918
0.544234
0.544234
0.544935
0.544935
0.540955
0.540955
0.540045
0.540045
-0.05121
-0.05121
-0.0478814
-0.0478814
-0.0509352
-0.0509352
-0.0560933
-0.0560933
-0.054372
-0.054372
0.673446
0.673446
0.674673
0.674673
0.538516
0.538516
0.535519
0.535519
0.561476
0.561476
0.581743
0.581743
0.571812
0.571812
0.277949
0.277949
0.608981
0.608981
0.624818
0.624818
0.581468
0.581468
0.743868
0.743868
0.736259
0.736259
0.745855
0.745855
0.863577
0.863577
0.826603
0.826603
0.927257
0.927257
0.950518
0.950518
0.0171499
0.0171499
-4.60332e-05
-4.60332e-05
-0.0152183
-0.0152183
-0.0194951
-0.0194951
-0.0181639
-0.0181639
0.501417
0.501417
0.493951
0.493951
0.521487
0.521487
0.509029
0.509029
0.511539
0.511539
0.250906
0.250906
0.117625
0.117625
0.419038
0.419038
0.443832
0.443832
-0.295635
-0.295635
-0.362476
-0.362476
-0.429117
-0.429117
-0.459831
-0.459831
-0.568356
-0.568356
0.612867
0.612867
0.656093
0.656093
0.654738
0.654738
-0.222675
-0.222675
-0.150892
-0.150892
-0.284412
-0.284412
-0.0778025
-0.0778025
-0.140861
-0.140861
0.515122
0.515122
0.522144
0.522144
0.517137
0.517137
0.532702
0.532702
0.527166
0.527166
0.529131
0.529131
0.54149
0.54149
0.53856
0.53856
0.54012
0.54012
0.466402
0.466402
0.589894
0.589894
0.330534
0.330534
0.295092
0.295092
-0.242248
-0.242248
-0.154207
-0.154207
-0.241792
-0.241792
-0.0714809
-0.0714809
-0.0692435
-0.0692435
0.0668149
0.0668149
0.0924824
0.0924824
0.0394494
0.0394494
0.0276776
0.0276776
-0.0649227
-0.0649227
-0.0587843
-0.0587843
-0.0614981
-0.0614981
-0.0476593
-0.0476593
-0.0469679
-0.0469679
0.447416
0.447416
0.43618
0.43618
0.467387
0.467387
0.474957
0.474957
0.520782
0.520782
0.52229
0.52229
0.526797
0.526797
0.524611
0.524611
0.910681
0.910681
0.932978
0.932978
0.940491
0.940491
0.914352
0.914352
-3.49272
-3.49272
-6.27204
-6.27204
0.040053
0.040053
0.176287
0.176287
-0.00673104
-0.00673104
-0.00939385
-0.00939385
0.00197646
0.00197646
-0.00586032
-0.00586032
0.000208105
0.000208105
-0.00196028
-0.00196028
-0.00773305
-0.00773305
-0.00919235
-0.00919235
-0.00428988
-0.00428988
-0.0030146
-0.0030146
0.64395
0.64395
0.644921
0.644921
1.00213
1.00213
1.0091
1.0091
0.977647
0.977647
0.930559
0.930559
0.525331
0.525331
0.527401
0.527401
0.532895
0.532895
0.52878
0.52878
-0.0466398
-0.0466398
-0.0467188
-0.0467188
-0.0463485
-0.0463485
0.665623
0.665623
0.67096
0.67096
0.668475
0.668475
0.239371
0.239371
0.149449
0.149449
0.329112
0.329112
0.358314
0.358314
0.637307
0.637307
0.625905
0.625905
0.635508
0.635508
0.641336
0.641336
0.676781
0.676781
0.957885
0.957885
0.976027
0.976027
0.974369
0.974369
0.982697
0.982697
1.02681
1.02681
1.04327
1.04327
1.00849
1.00849
0.480809
0.480809
0.490821
0.490821
0.485751
0.485751
0.524525
0.524525
0.522317
0.522317
0.523204
0.523204
0.519524
0.519524
0.520492
0.520492
0.518699
0.518699
-0.0327158
-0.0327158
-0.412316
-0.412316
0.491115
0.491115
0.507922
0.507922
0.493413
0.493413
0.495719
0.495719
0.692974
0.692974
0.77156
0.77156
0.653031
0.653031
0.654423
0.654423
0.654036
0.654036
-0.00843998
-0.00843998
-0.0669495
-0.0669495
0.250234
0.250234
0.216128
0.216128
0.386839
0.386839
0.423332
0.423332
0.402264
0.402264
0.881744
0.881744
0.84232
0.84232
0.892336
0.892336
0.865787
0.865787
0.82719
0.82719
0.853022
0.853022
-0.36386
-0.36386
-1.86198
-1.86198
-0.981865
-0.981865
0.524577
0.524577
0.339631
0.339631
0.426248
0.426248
0.009467
0.009467
-0.00720796
-0.00720796
-0.00267398
-0.00267398
1.00179
1.00179
1.07404
1.07404
0.645661
0.645661
0.820496
0.820496
0.823123
0.823123
0.714213
0.714213
0.744803
0.744803
0.79957
0.79957
0.725178
0.725178
0.759987
0.759987
0.794946
0.794946
0.776856
0.776856
0.568804
0.568804
0.504204
0.504204
0.5202
0.5202
0.840608
0.840608
0.896301
0.896301
0.119137
0.119137
0.0572478
0.0572478
0.0134537
0.0134537
0.111401
0.111401
0.168906
0.168906
0.142905
0.142905
1.03402
1.03402
0.950002
0.950002
1.02016
1.02016
0.53528
0.53528
0.536003
0.536003
-0.00518457
-0.00518457
-0.0183934
-0.0183934
0.540252
0.540252
0.540308
0.540308
-0.0124754
-0.0124754
-0.00153138
-0.00153138
0.409783
0.409783
-0.831113
-0.831113
0.0979799
0.0979799
0.52884
0.52884
0.518723
0.518723
0.535866
0.535866
-0.0927171
-0.0927171
0.35585
0.35585
-0.0516875
-0.0516875
0.0480514
0.0480514
-0.0087431
-0.0087431
0.530423
0.530423
0.465831
0.465831
0.424859
0.424859
0.00051049
0.00051049
-0.0195742
-0.0195742
-0.050947
-0.050947
-0.212724
-0.212724
0.53295
0.53295
0.531255
0.531255
0.535334
0.535334
0.536274
0.536274
0.536956
0.536956
-0.0187057
-0.0187057
-0.0143862
-0.0143862
-0.0103004
-0.0103004
-0.0477448
-0.0477448
-0.0411099
-0.0411099
-0.0533007
-0.0533007
0.49975
0.49975
0.519193
0.519193
-0.170402
-0.170402
0.53548
0.53548
0.537616
0.537616
0.537434
0.537434
0.5307
0.5307
0.536329
0.536329
0.534583
0.534583
-0.0104399
-0.0104399
-0.0154673
-0.0154673
-0.017742
-0.017742
0.219481
0.219481
0.351872
0.351872
0.648696
0.648696
0.734863
0.734863
0.620956
0.620956
0.397244
0.397244
0.162775
0.162775
0.552425
0.552425
0.615533
0.615533
0.521514
0.521514
0.674704
0.674704
0.651625
0.651625
0.658059
0.658059
0.163493
0.163493
0.0131341
0.0131341
0.17234
0.17234
0.1141
0.1141
0.526702
0.526702
0.525424
0.525424
0.516975
0.516975
0.513933
0.513933
0.530733
0.530733
0.528848
0.528848
0.533406
0.533406
0.53043
0.53043
0.53338
0.53338
0.53476
0.53476
-0.0489709
-0.0489709
-0.0756246
-0.0756246
-0.0847413
-0.0847413
-0.151769
-0.151769
0.310547
0.310547
0.571575
0.571575
0.255046
0.255046
0.284462
0.284462
0.142208
0.142208
-0.0461985
-0.0461985
-0.0478262
-0.0478262
-0.0496102
-0.0496102
-0.0584093
-0.0584093
0.00117739
0.00117739
-0.0243095
-0.0243095
0.0427294
0.0427294
0.0429127
0.0429127
0.0145373
0.0145373
-0.0111632
-0.0111632
-0.00851579
-0.00851579
-0.0195105
-0.0195105
-0.0138864
-0.0138864
0.523684
0.523684
0.523744
0.523744
0.528141
0.528141
0.536857
0.536857
0.475506
0.475506
0.479292
0.479292
0.444087
0.444087
0.464857
0.464857
0.450098
0.450098
0.388723
0.388723
0.424096
0.424096
0.399286
0.399286
-0.00547061
-0.00547061
0.00308462
0.00308462
-0.00242685
-0.00242685
-0.017561
-0.017561
-0.0142731
-0.0142731
-0.0334649
-0.0334649
-0.0303487
-0.0303487
-0.0257622
-0.0257622
-0.0217467
-0.0217467
-0.028599
-0.028599
-0.0453776
-0.0453776
-0.0477249
-0.0477249
-0.170813
-0.170813
-0.286751
-0.286751
0.988483
0.988483
0.909428
0.909428
0.13726
0.13726
0.522095
0.522095
0.528554
0.528554
0.525313
0.525313
0.530245
0.530245
0.533374
0.533374
0.53417
0.53417
0.531877
0.531877
0.528423
0.528423
0.519419
0.519419
0.520841
0.520841
0.517712
0.517712
0.518795
0.518795
-0.10169
-0.10169
-0.243257
-0.243257
-0.0716067
-0.0716067
-0.146351
-0.146351
0.145951
0.145951
0.628601
0.628601
0.363768
0.363768
0.299031
0.299031
0.294396
0.294396
0.523291
0.523291
0.91706
0.91706
0.699838
0.699838
0.668629
0.668629
0.667381
0.667381
-0.343196
-0.343196
0.0453792
0.0453792
-0.279841
-0.279841
0.335186
0.335186
0.162371
0.162371
0.648451
0.648451
0.697603
0.697603
0.719671
0.719671
0.667339
0.667339
0.620403
0.620403
-0.100033
-0.100033
0.556368
0.556368
-0.0740094
-0.0740094
-0.0216329
-0.0216329
0.180047
0.180047
0.0556571
0.0556571
0.660202
0.660202
0.639538
0.639538
0.646922
0.646922
0.651581
0.651581
0.664854
0.664854
0.642752
0.642752
0.625468
0.625468
0.62542
0.62542
0.646327
0.646327
0.65022
0.65022
0.483111
0.483111
0.250146
0.250146
0.200707
0.200707
0.162251
0.162251
0.643018
0.643018
0.516783
0.516783
0.566591
0.566591
0.490095
0.490095
0.522008
0.522008
0.52453
0.52453
0.523183
0.523183
0.50459
0.50459
0.512189
0.512189
0.507702
0.507702
0.514282
0.514282
0.517925
0.517925
0.526454
0.526454
0.526934
0.526934
0.52219
0.52219
0.524318
0.524318
-0.0560642
-0.0560642
-0.0625789
-0.0625789
-0.0248526
-0.0248526
-0.135006
-0.135006
-0.127851
-0.127851
-0.189958
-0.189958
-0.0588319
-0.0588319
0.0744745
0.0744745
0.0360164
0.0360164
0.237373
0.237373
0.34148
0.34148
0.0521521
0.0521521
-0.0565378
-0.0565378
-0.0290341
-0.0290341
0.012655
0.012655
0.179853
0.179853
0.20831
0.20831
0.0743292
0.0743292
0.162291
0.162291
0.153522
0.153522
0.134464
0.134464
0.237521
0.237521
0.24084
0.24084
-0.0292632
-0.0292632
-0.0308544
-0.0308544
-0.0357524
-0.0357524
-0.0378074
-0.0378074
0.0190492
0.0190492
0.0905642
0.0905642
0.0997448
0.0997448
-0.00710676
-0.00710676
-0.0127624
-0.0127624
-0.0444501
-0.0444501
-0.0444258
-0.0444258
-0.0220617
-0.0220617
-0.0273531
-0.0273531
-0.02225
-0.02225
0.00486309
0.00486309
-0.0526169
-0.0526169
-0.0201098
-0.0201098
-0.00618556
-0.00618556
-0.0044551
-0.0044551
-0.0054077
-0.0054077
-0.0108953
-0.0108953
0.518668
0.518668
0.520264
0.520264
0.520637
0.520637
0.528049
0.528049
0.540635
0.540635
0.555234
0.555234
0.52148
0.52148
0.497752
0.497752
0.488524
0.488524
0.491542
0.491542
0.464427
0.464427
0.474721
0.474721
0.470543
0.470543
0.484123
0.484123
0.505278
0.505278
0.514002
0.514002
0.512328
0.512328
0.515169
0.515169
0.497362
0.497362
0.499143
0.499143
0.48568
0.48568
0.48933
0.48933
0.46442
0.46442
0.445014
0.445014
0.433061
0.433061
-0.0422952
-0.0422952
-0.00363567
-0.00363567
-0.0118216
-0.0118216
-0.0376072
-0.0376072
-0.00793768
-0.00793768
-0.0199233
-0.0199233
-0.0108912
-0.0108912
0.00811206
0.00811206
-0.00832339
-0.00832339
-0.00966618
-0.00966618
-0.0198139
-0.0198139
-0.0261013
-0.0261013
-0.025756
-0.025756
-0.0727999
-0.0727999
0.0139019
0.0139019
-0.184244
-0.184244
-0.219686
-0.219686
-0.292772
-0.292772
0.890719
0.890719
1.01493
1.01493
0.81005
0.81005
0.583027
0.583027
0.603331
0.603331
0.846666
0.846666
0.931124
0.931124
0.543218
0.543218
0.735571
0.735571
0.758716
0.758716
0.587626
0.587626
0.854863
0.854863
0.526945
0.526945
0.52654
0.52654
0.52414
0.52414
0.52362
0.52362
0.52484
0.52484
-0.00675505
-0.00675505
0.0996245
0.0996245
0.0975635
0.0975635
0.161132
0.161132
0.277663
0.277663
0.389282
0.389282
0.320212
0.320212
0.194923
0.194923
0.324941
0.324941
0.327416
0.327416
0.621582
0.621582
0.633789
0.633789
0.588838
0.588838
0.612891
0.612891
0.613244
0.613244
0.425383
0.425383
0.501043
0.501043
0.552673
0.552673
0.513865
0.513865
0.565678
0.565678
0.587267
0.587267
0.541336
0.541336
0.57426
0.57426
0.523745
0.523745
0.479307
0.479307
0.475485
0.475485
0.425012
0.425012
0.444684
0.444684
0.420262
0.420262
0.403384
0.403384
0.516506
0.516506
0.493728
0.493728
0.50451
0.50451
0.494929
0.494929
0.515729
0.515729
0.543751
0.543751
0.54044
0.54044
0.562261
0.562261
0.577416
0.577416
0.498328
0.498328
0.453211
0.453211
0.462598
0.462598
0.49278
0.49278
0.454253
0.454253
0.469845
0.469845
0.485878
0.485878
0.233414
0.233414
0.135504
0.135504
0.218403
0.218403
-0.066525
-0.066525
0.00406849
0.00406849
-0.00842138
-0.00842138
-0.0571411
-0.0571411
-0.00572444
-0.00572444
0.278457
0.278457
-0.412312
-0.412312
-0.38905
-0.38905
-1.01593
-1.01593
0.504664
0.504664
0.954513
0.954513
0.591319
0.591319
0.567175
0.567175
0.665855
0.665855
0.651386
0.651386
0.657632
0.657632
0.674655
0.674655
0.672832
0.672832
0.63164
0.63164
0.640761
0.640761
0.645576
0.645576
0.596377
0.596377
0.617099
0.617099
0.636644
0.636644
0.632646
0.632646
0.524927
0.524927
0.382255
0.382255
0.381637
0.381637
0.329329
0.329329
0.199432
0.199432
0.239369
0.239369
0.435316
0.435316
0.359613
0.359613
0.284711
0.284711
0.284821
0.284821
0.456766
0.456766
0.343264
0.343264
0.413319
0.413319
0.446704
0.446704
0.377954
0.377954
0.332635
0.332635
0.535315
0.535315
0.601338
0.601338
0.594978
0.594978
0.568263
0.568263
0.479004
0.479004
0.491072
0.491072
0.515599
0.515599
0.549033
0.549033
0.572778
0.572778
0.60552
0.60552
0.513699
0.513699
0.519645
0.519645
0.520876
0.520876
0.518344
0.518344
0.515614
0.515614
0.518717
0.518717
0.519009
0.519009
0.521581
0.521581
0.522162
0.522162
0.525184
0.525184
0.524252
0.524252
-0.0524556
-0.0524556
-0.0379834
-0.0379834
-0.050769
-0.050769
-0.0629579
-0.0629579
-0.0180414
-0.0180414
-0.0202273
-0.0202273
0.023318
0.023318
0.0116952
0.0116952
-0.0152236
-0.0152236
-0.0111463
-0.0111463
-0.0328145
-0.0328145
-0.0368386
-0.0368386
-0.0334383
-0.0334383
-0.0255288
-0.0255288
0.102909
0.102909
0.11569
0.11569
0.101007
0.101007
0.0611723
0.0611723
0.250833
0.250833
0.380786
0.380786
0.455187
0.455187
0.330334
0.330334
0.224151
0.224151
0.248696
0.248696
0.267092
0.267092
-0.0118946
-0.0118946
0.0136856
0.0136856
0.000931346
0.000931346
0.040685
0.040685
0.0325233
0.0325233
-0.0387178
-0.0387178
-0.0424965
-0.0424965
-0.0385293
-0.0385293
-0.0307271
-0.0307271
-0.022451
-0.022451
-0.0378196
-0.0378196
-0.0433564
-0.0433564
-0.0344026
-0.0344026
-0.0388607
-0.0388607
-0.041558
-0.041558
-0.045182
-0.045182
0.500025
0.500025
0.493484
0.493484
0.495057
0.495057
0.488977
0.488977
0.487707
0.487707
0.502028
0.502028
0.506358
0.506358
0.5083
0.5083
0.513803
0.513803
0.516239
0.516239
0.506141
0.506141
0.511577
0.511577
0.515578
0.515578
-0.0117949
-0.0117949
-0.0349283
-0.0349283
-0.0383952
-0.0383952
-0.0295265
-0.0295265
-0.031496
-0.031496
-0.0288809
-0.0288809
-0.030479
-0.030479
0.123779
0.123779
0.0546634
0.0546634
0.0584346
0.0584346
0.0112851
0.0112851
-0.120953
-0.120953
-0.0629893
-0.0629893
0.492288
0.492288
0.491093
0.491093
0.480464
0.480464
0.721487
0.721487
0.570724
0.570724
0.491591
0.491591
0.588697
0.588697
0.694342
0.694342
0.276487
0.276487
0.473201
0.473201
0.308331
0.308331
0.888688
0.888688
0.785339
0.785339
0.931639
0.931639
0.542575
0.542575
0.246325
0.246325
0.410591
0.410591
0.453018
0.453018
0.266684
0.266684
0.342527
0.342527
0.324744
0.324744
0.213826
0.213826
0.244532
0.244532
0.282906
0.282906
0.381737
0.381737
0.266454
0.266454
0.243297
0.243297
-0.000231459
-0.000231459
0.19058
0.19058
0.302456
0.302456
0.284307
0.284307
0.408819
0.408819
0.469425
0.469425
0.267414
0.267414
0.187137
0.187137
0.142119
0.142119
0.606185
0.606185
0.625776
0.625776
0.638762
0.638762
0.611485
0.611485
0.633039
0.633039
0.581633
0.581633
0.57391
0.57391
0.589044
0.589044
0.597036
0.597036
0.591358
0.591358
-0.744257
-0.744257
-0.45064
-0.45064
-1.39747
-1.39747
-0.720354
-0.720354
-0.264824
-0.264824
0.535247
0.535247
0.507432
0.507432
0.770031
0.770031
0.646052
0.646052
0.680819
0.680819
0.665497
0.665497
0.624621
0.624621
0.594457
0.594457
0.619151
0.619151
0.641536
0.641536
0.340349
0.340349
0.450893
0.450893
0.426111
0.426111
0.431876
0.431876
0.334636
0.334636
0.264845
0.264845
0.563176
0.563176
0.560218
0.560218
0.593461
0.593461
0.61674
0.61674
0.588407
0.588407
0.618661
0.618661
0.511514
0.511514
0.51124
0.51124
0.510699
0.510699
0.506933
0.506933
0.505194
0.505194
0.507556
0.507556
0.0592296
0.0592296
0.0267808
0.0267808
0.0678707
0.0678707
0.0505638
0.0505638
0.0280683
0.0280683
0.0156299
0.0156299
-0.0105051
-0.0105051
-0.0204877
-0.0204877
-0.0276411
-0.0276411
-0.0271719
-0.0271719
-0.0128542
-0.0128542
-0.00872589
-0.00872589
0.172368
0.172368
0.109681
0.109681
0.0301885
0.0301885
0.0590172
0.0590172
-0.00171112
-0.00171112
-0.0700719
-0.0700719
-0.0892455
-0.0892455
0.0162008
0.0162008
0.112298
0.112298
0.102492
0.102492
0.405633
0.405633
0.655142
0.655142
0.475188
0.475188
0.64261
0.64261
0.485175
0.485175
0.540956
0.540956
0.468927
0.468927
0.460255
0.460255
0.485174
0.485174
0.380393
0.380393
0.460773
0.460773
0.251269
0.251269
-0.256982
-0.256982
-0.166139
-0.166139
0.795396
0.795396
0.80607
0.80607
0.581805
0.581805
0.407052
0.407052
0.174737
0.174737
0.351956
0.351956
0.541396
0.541396
0.471184
0.471184
0.506565
0.506565
0.57564
0.57564
0.562671
0.562671
0.0305776
0.0305776
0.0880113
0.0880113
0.375526
0.375526
0.602298
0.602298
0.241646
0.241646
0.232716
0.232716
0.226079
0.226079
0.410662
0.410662
0.328703
0.328703
))
(300 (2 1 3 0 0 1 918)(
0.98516 -0.000507509 0 
0.00501527 2.96625 0 
0.00746863 0.887658 0 
0.979704 0.00214552 0 
-0.0121984 2.06335 3.75695e-20 
-0.00704986 2.9488 -2.4584e-18 
0.820069 1.16401 4.49539e-19 
0.106266 0.0672706 -1.46731e-20 
0.999909 -0.000276391 0 
0.0669204 0.733455 0 
0.00967189 0.498508 0 
0.732661 -0.000617096 0 
0.011132 2.93036 0 
0.00256942 2.79532 0 
-0.017888 3.1485 7.80161e-19 
-0.0216109 1.91657 8.8718e-21 
0.283512 0.052496 1.01871e-18 
0.188741 1.14315 3.16176e-19 
0.962721 0.00501614 0 
0.00742168 0.471976 0 
-0.0163005 0.0757648 -6.90076e-19 
1.00197 -0.00497502 0 
1.00023 -0.00978432 0 
0.975739 -0.00643883 0 
0.598718 0.0280375 0 
0.014537 2.64161 0 
-0.0148832 2.91001 9.03611e-19 
0.0102044 0.934636 0 
-0.0178018 1.18046 0 
0.0120016 0.917672 0 
-0.0144283 2.59243 0 
-0.00118249 2.11747 -3.00055e-20 
-0.0113694 1.89688 0 
-0.0205958 2.98761 -8.83359e-23 
-0.0166825 3.00529 1.91047e-18 
0.00209878 3.00017 0 
0.871416 -0.00965802 0 
0.402572 0.932892 1.80806e-19 
0.805567 1.17812 -5.13172e-19 
0.956955 1.02396 5.57984e-19 
0.673905 1.26993 -1.04157e-19 
0.674731 1.24396 5.9943e-19 
0.142618 0.121715 1.43144e-20 
0.134739 0.0538973 0 
1.1615 0.563665 0 
0.116644 0.0973323 6.49786e-20 
0.0784951 0.0532555 -6.74269e-20 
0.919915 -0.00745858 0 
1.00027 0.000161288 0 
0.999909 0.000338542 0 
1.00363 -0.007759 0 
1.00096 -0.000918984 0 
1.00017 3.72969e-05 0 
0.0731173 1.826 -7.72819e-19 
0.032691 0.947113 0 
0.0992311 0.813689 0 
0.0141542 0.89558 0 
0.0406345 0.650497 0 
0.00666229 2.01489 0 
-0.00397938 0.790111 0 
0.0111393 0.509679 0 
-0.00543196 0.784025 0 
0.00995965 0.487758 0 
0.841892 -0.0156754 0 
0.841581 0.0285149 0 
0.760798 -0.00318602 0 
0.800971 0.0302999 0 
0.701816 0.0118027 0 
0.0146819 3.00041 9.11126e-19 
0.0114845 3.0081 0 
0.00610042 3.00274 0 
0.013546 2.99738 1.03339e-23 
0.00795449 2.95847 -1.35416e-18 
0.0145051 2.982 0 
0.0108989 2.90354 0 
0.0241491 2.93073 2.06983e-24 
0.0047352 2.82527 0 
0.0305497 2.91669 0 
-0.00470997 2.7456 0 
0.304968 3.54118 0 
-0.131576 3.62179 0 
0.13757 3.23854 -7.2601e-19 
-0.0137368 2.97707 0 
-0.025611 1.98657 0 
-0.00706728 2.17007 -8.75022e-21 
-0.0155568 1.92499 3.29955e-21 
0.342769 0.141626 -3.53824e-19 
0.314696 0.0303585 -3.43931e-19 
0.297151 0.146784 -1.05896e-18 
0.245658 0.0599987 -6.88003e-19 
0.22934 0.983665 0 
0.272198 1.29355 -3.67756e-19 
0.365782 1.2276 6.13393e-19 
0.987432 0.00857418 0 
0.941852 0.00582491 0 
1.0003 0.00058112 0 
1.00286 0.00930964 0 
1.00301 0.00847218 -2.74743e-18 
0.991907 0.00969542 2.07476e-18 
-0.0101735 0.781727 0 
0.00943349 0.480121 0 
-0.046351 1.00711 0 
-0.026263 0.825693 0 
0.00499524 0.473554 0 
-0.0419626 0.103065 2.13831e-19 
0.0588557 0.0641058 0 
0.993554 -0.00836998 0 
0.954469 -0.00653257 0 
0.74418 0.0287206 0 
0.680395 0.0244581 0 
0.661177 0.021554 0 
0.971633 -0.0072621 0 
0.591742 0.0730774 0 
0.452715 -0.00826739 1.54235e-18 
-0.0372162 2.86159 6.65876e-19 
0.0409172 2.91008 0 
0.0537008 2.8862 0 
-0.00453148 2.70088 0 
-0.0131028 2.9852 8.55058e-19 
-0.0178319 2.89503 0 
-0.015413 2.98804 -2.65243e-18 
-0.0132595 2.92518 9.08361e-19 
-0.0287116 1.34596 0 
-0.00363046 1.37516 0 
-0.00735511 2.13517 4.92238e-22 
-0.00641909 2.09696 0 
-0.0237814 1.90412 0 
0.938658 -0.0073702 0 
0.857594 -0.00997942 0 
0.863308 0.00530814 0 
0.949637 -0.0077992 0 
0.884103 -0.00819586 0 
0.513958 1.12577 -2.28279e-19 
0.563123 1.17674 0 
0.367217 0.877915 3.37056e-20 
0.309911 0.736609 0 
0.918395 1.06094 -1.53982e-19 
1.03693 0.870485 3.13567e-19 
0.358641 1.35484 0 
0.526354 1.32558 0 
0.54912 1.26425 0 
0.121092 0.184952 -3.02651e-19 
0.169527 0.125933 0 
0.176402 0.0781175 1.90994e-19 
1.00782 0.924966 0 
1.082 0.778847 0 
1.1072 0.720461 -2.49688e-19 
1.14091 0.623108 0 
1.19148 0.406834 5.74351e-20 
0.957784 -0.00869067 0 
0.962528 -0.0100266 0 
0.901781 -0.00798817 0 
0.984208 -0.00914311 0 
0.974719 -0.00932699 0 
0.937145 -0.00637435 0 
1.00019 0.00234022 0 
1.0009 0.00141535 0 
0.999909 0.000855527 0 
0.0356226 2.07286 4.28258e-19 
0.118703 1.76888 0 
0.0182012 2.18663 6.58407e-19 
0.0461233 1.88032 -5.4897e-19 
0.106351 1.14896 -2.58886e-19 
0.0490926 1.02835 0 
0.14297 0.979708 0 
0.00635218 0.850759 0 
0.0183325 0.584463 0 
-0.00094473 2.24203 -8.21683e-22 
0.0159027 2.01902 0 
-0.00183559 2.24458 -2.92386e-20 
0.00801738 2.02445 4.53037e-20 
0.000299377 0.824674 0 
-0.00301046 0.804668 0 
0.0127048 0.536177 0 
-0.00930826 0.781201 0 
0.0057015 0.479742 0 
0.938628 0.00983832 0 
0.850528 -0.0145929 0 
0.927766 0.000468996 0 
0.842738 -0.0128691 0 
0.811676 -0.00291685 0 
0.897945 0.0234568 0 
0.873893 0.0267026 0 
0.786489 -0.00502497 0 
0.00556849 3.06473 -8.48731e-21 
0.0166842 3.05777 0 
0.0146409 2.96901 0 
0.00863217 2.87618 0 
0.920369 3.95345 0 
1.23358 3.28713 9.25725e-19 
0.0688613 3.06947 0 
-0.0294898 2.90249 0 
-0.00884027 1.39722 0 
-0.0307846 1.69625 0 
-0.0175836 1.53116 0 
-0.0301782 2.55085 -8.28367e-21 
-0.0137701 2.24257 0 
-0.0198553 2.39012 0 
-0.00151168 1.95177 8.7012e-22 
-0.00361319 2.24101 -7.30668e-21 
-0.00547175 2.20522 -3.51993e-21 
-0.00942381 1.93658 0 
0.395988 0.12406 5.40655e-19 
0.363221 0.0190436 -5.30552e-19 
0.258723 1.58517 0 
0.277638 0.75678 -3.15812e-19 
0.176964 1.6724 -1.04841e-18 
0.225909 1.22011 1.05071e-18 
0.901982 0.00634901 0 
0.967381 0.0111394 0 
0.974532 0.010817 0 
0.923276 0.00640558 0 
-0.00895172 0.778294 0 
-0.0100899 0.776757 0 
0.00512356 0.475936 0 
0.106944 0.0804945 6.0125e-19 
0.097511 0.0664021 -7.11995e-19 
0.061692 0.0499394 0 
1.10004 0.0865849 2.7076e-20 
1.08211 0.0397031 0 
1.01389 0.040166 0 
0.907767 -0.00532766 0 
0.449226 0.104261 0 
0.509049 0.0872462 -2.46459e-18 
0.407471 0.012568 9.21657e-19 
0.00864615 2.98043 7.15018e-19 
-0.0331758 2.86488 4.57751e-20 
0.0036381 3.05025 -1.79749e-20 
0.0202196 3.04335 6.39603e-19 
-0.014998 2.99658 2.98371e-20 
-0.0129629 2.94949 -1.20035e-22 
-0.0172672 3.01191 -5.5233e-19 
0.0149107 3.02366 3.999e-19 
0.00741391 3.03687 -6.3346e-19 
0.934134 -0.0011702 0 
0.939563 -0.00316689 0 
0.846131 -0.00945547 0 
0.956498 0.0119448 0 
0.942552 0.0133816 0 
0.881574 0.00575664 0 
0.916021 0.0185753 0 
0.925503 0.0155061 0 
0.838418 0.00113331 0 
0.716346 1.40276 3.91283e-20 
0.749616 1.51138 0 
0.18126 0.315025 7.06831e-20 
0.228825 0.669073 5.68915e-19 
0.262405 0.720365 -3.32435e-19 
0.262903 0.520756 6.61553e-19 
0.346255 0.81147 1.59264e-18 
0.140702 0.230291 3.7591e-19 
0.252959 0.148479 7.27873e-19 
0.209966 0.143309 1.88731e-19 
0.212246 0.0700471 3.57355e-19 
1.18049 0.464855 6.46733e-20 
1.19587 0.257472 5.98561e-20 
0.010367 2.23522 2.53473e-19 
0.0403136 1.94849 0 
0.97108 0.0294624 0 
0.943625 0.0140075 0 
0.869445 -0.0178325 0 
0.0113253 3.07437 0 
0.0196528 2.944 1.16934e-18 
0.0164198 2.95633 0 
0.00637711 2.85062 -1.16013e-18 
0.00622978 3.09074 2.83591e-19 
0.00721249 3.08252 0 
0.782362 1.8128 -1.58467e-19 
1.24142 2.48821 4.02352e-19 
0.764345 1.9521 -1.22753e-18 
0.0197377 2.98056 -6.15605e-19 
0.0350861 2.99936 0 
-0.0344019 2.87689 0 
-0.00399741 2.22413 -1.30606e-20 
-0.00313059 2.24519 1.08808e-20 
0.00123222 1.98661 -7.19036e-21 
0.278212 1.39451 1.02505e-18 
0.239068 0.55137 -7.02856e-19 
0.0637957 1.99769 7.62585e-19 
0.135219 1.88404 -9.10267e-19 
0.180096 1.51159 9.49828e-20 
0.00157269 3.11903 -1.76526e-18 
0.0148318 3.11841 1.90029e-18 
-0.00907212 2.98117 7.84599e-19 
-0.00398065 2.97745 -7.40385e-19 
-0.020957 2.88097 -7.99096e-19 
0.008601 3.10014 -2.10872e-18 
0.0023359 3.10559 2.06731e-18 
0.282381 0.695577 0 
0.248586 0.684457 -1.18269e-18 
0.0959873 0.22521 5.25049e-19 
0.357882 0.938594 1.11338e-18 
0.195824 0.276327 -1.71661e-18 
1.1871 0.175475 6.27493e-20 
1.19627 0.312189 0 
1.17551 0.123079 -5.96892e-21 
0.00160096 2.25372 -1.47197e-21 
0.00506679 2.24512 0 
0.0246586 1.98431 0 
0.34004 1.30341 -3.68045e-19 
0.374894 1.15041 -8.00261e-19 
0.210498 0.378337 1.42695e-18 
1.00588 -0.0108267 0 
1.00767 -0.00763305 5.0683e-19 
-0.0242473 1.3266 0 
-0.0391315 1.32624 0 
1.00221 0.00351483 1.81178e-21 
1.00366 0.00947125 1.03487e-18 
-0.0185556 2.53535 1.04974e-20 
-0.0239024 2.57789 0 
0.0341364 3.1769 4.06774e-19 
0.390424 3.48347 0 
1.17622 0.664667 -5.68799e-20 
1.01285 0.0131474 -2.1335e-21 
1.02135 -0.0102792 0 
1.0017 0.00013071 7.82071e-23 
0.113145 1.37083 0 
0.143426 2.5678 0 
0.028124 1.31335 0 
8.14361e-05 2.61905 2.80166e-20 
-0.0211668 2.57625 3.17336e-21 
0.998654 0.0302598 2.34792e-21 
1.06321 0.00473563 0 
1.0978 0.0252572 0 
-0.0293033 1.73921 0 
-0.0182801 2.57803 0 
-0.00591391 1.3136 0 
0.311291 1.48213 -1.6782e-19 
1.01131 -0.00961287 0 
1.0094 -0.0149143 0 
1.00237 0.000754336 6.47716e-19 
1.00547 -0.00479858 -7.61298e-19 
1.00118 -0.000967325 0 
-0.0148948 1.46452 0 
-0.00712006 1.376 0 
-0.00831368 1.42187 0 
-0.0099711 1.3012 0 
-0.0195746 1.28854 0 
-0.0104776 1.27169 0 
1.03507 -0.00600999 0 
1.01952 0.0154945 -8.82169e-22 
0.822086 1.27403 2.60748e-19 
1.00224 0.000320792 -6.45285e-19 
1.00406 0.00526325 7.55421e-19 
1.00118 0.00207629 0 
1.01272 0.0103665 6.42178e-19 
1.00798 0.00831579 -7.78085e-19 
1.00856 0.0146984 0 
-0.0235148 2.60586 0 
-0.025584 2.58544 -1.86972e-20 
-0.0229154 2.59951 1.32713e-20 
1.23835 0.268577 5.80458e-19 
1.16288 0.0873418 0 
0.0399951 3.07783 -9.10138e-19 
0.0649929 2.85636 -6.61554e-20 
0.138216 3.19194 1.3934e-18 
0.133245 3.21981 -1.96503e-19 
0.132474 3.23056 0 
0.0197588 3.1374 2.34847e-19 
0.0744479 3.15985 8.97501e-19 
0.0671525 3.18512 -4.42683e-19 
0.0222055 3.12986 0 
0.576039 0.282547 0 
0.512526 0.302961 0 
1.14786 0.700769 1.28969e-19 
1.14132 0.822208 -1.12329e-19 
1.20416 0.587634 0 
1.23173 0.521944 0 
1.01603 0.0133833 -1.19705e-18 
1.01498 0.0142775 1.50269e-18 
1.0254 -0.00979327 0 
1.02346 -0.0118418 0 
1.00642 0.002644 0 
1.01041 0.00375029 0 
1.00458 0.00186833 0 
1.00978 0.00625778 0 
1.00781 0.00596801 0 
1.00451 0.00472387 0 
0.10197 1.3693 0 
0.100123 1.33201 0 
0.131358 1.40509 0 
0.150337 1.41052 0 
0.145266 2.59296 0 
0.184971 2.66327 -4.2343e-19 
0.101411 2.64804 0 
0.0852736 2.65098 1.98297e-19 
0.0387684 2.67362 -1.48963e-19 
0.0153069 1.32457 0 
0.0220774 1.24665 0 
0.0196403 1.33488 0 
0.0402799 1.27168 0 
0.00411418 1.98264 3.74134e-21 
-0.0199857 2.60397 -1.97513e-20 
-0.00807547 2.66032 1.30652e-20 
-0.017937 2.67966 0 
-0.0228301 2.60973 -3.44297e-21 
-0.0229184 2.60468 1.38109e-20 
0.0130138 1.98094 4.36731e-22 
-0.00705928 2.39134 2.6498e-20 
-0.0129504 2.41391 -1.48179e-20 
1.01189 0.0393627 1.2123e-18 
1.00497 0.0192842 -1.50882e-18 
1.00427 0.0466086 -1.23529e-18 
0.977194 0.0381909 1.55439e-18 
1.06443 0.00856339 0 
1.04952 -0.00818219 0 
1.09475 0.0354506 0 
1.0746 0.0131276 0 
1.07242 0.000643186 0 
1.14071 0.0838431 0 
1.11226 0.0449988 0 
1.11619 0.0328048 0 
-0.0254134 2.42851 1.13182e-21 
-0.0141572 2.01232 0 
-0.0168512 2.21431 0 
-0.0201777 2.59861 -1.115e-20 
-0.0173511 2.60856 2.02687e-22 
0.00296669 1.57612 -3.66047e-20 
-0.00636069 1.50428 3.72989e-20 
-0.0160219 1.39329 0 
-0.019515 1.39986 0 
-0.0248656 1.39451 0 
-0.00431501 1.31483 0 
0.0082149 1.23818 0 
0.386613 1.49955 2.73031e-19 
0.42989 1.50027 1.44914e-19 
0.59745 2.44377 -2.40422e-19 
0.398033 2.54077 7.0748e-19 
0.34905 2.05211 7.15862e-20 
1.02108 -0.00809697 0 
1.01552 -0.00973754 0 
1.01493 -0.0155 0 
1.0074 -0.00106311 0 
1.00493 -0.000905676 0 
1.00779 -0.00467769 0 
1.00928 -0.00359733 0 
1.01423 -0.00435834 0 
1.02025 0.0163901 1.17322e-18 
1.0176 0.0154236 -1.49741e-18 
1.02056 0.0185322 -1.18287e-18 
1.01819 0.0168626 1.48172e-18 
0.785382 1.32505 0 
0.721433 1.37554 2.46612e-19 
0.897814 1.22492 9.8202e-20 
0.943764 1.17023 -1.30682e-19 
1.15438 2.59882 2.81404e-19 
0.766151 0.122673 6.00235e-19 
1.16402 0.109784 0 
1.21329 0.195537 -4.67213e-19 
1.20054 0.156026 -1.99016e-20 
1.00637 0.157916 0 
0.128184 2.95835 5.30749e-19 
0.104306 2.86414 -1.15318e-18 
0.0112852 2.37501 7.69531e-19 
0.0993324 -0.161572 -3.23838e-19 
0.335334 3.41373 -2.15472e-19 
0.190372 3.30852 0 
0.234435 3.34898 2.80621e-19 
0.238903 3.03084 -1.77561e-18 
0.332469 3.18915 0 
0.0065468 3.12101 4.58316e-20 
0.0158676 3.12985 -5.4094e-19 
0.0146343 3.12593 7.9616e-19 
0.0349363 3.13988 0 
0.0333756 3.15023 0 
1.20974 2.59625 0 
0.547167 0.802178 -5.2815e-19 
1.06755 0.994929 -9.40865e-21 
1.00248 1.07936 0 
0.855734 0.974482 -1.09555e-19 
1.09372 0.896041 2.78612e-20 
0.305868 0.327691 -8.44284e-19 
0.653441 0.32536 -1.69813e-20 
0.545729 0.221375 4.06032e-19 
0.537447 0.336362 2.9549e-20 
0.43054 0.272499 -1.18692e-18 
0.610589 0.327026 0 
0.713912 0.425858 6.66534e-19 
0.712057 0.426376 0 
0.576788 0.341973 0 
0.497918 0.246086 0 
0.829324 0.626249 4.09144e-19 
1.23963 0.291014 -4.8826e-19 
1.23993 0.43008 0 
1.2482 0.370394 0 
0.6804 0.195763 6.20841e-19 
0.875226 0.555401 -3.73352e-19 
0.773758 0.530677 6.65835e-19 
0.96333 0.448034 -7.34916e-19 
1.01906 0.0150071 8.02752e-19 
1.01752 0.0143714 -8.08861e-19 
1.01592 0.0153119 0 
1.03655 -0.00555232 0 
1.02994 -0.00834252 -7.58115e-19 
1.02799 -0.0119384 7.50578e-19 
1.02488 0.0106486 0 
1.02331 0.014485 0 
1.01141 0.00417842 0 
1.01418 0.00917225 0 
1.01515 0.00420762 0 
1.01426 0.0029132 0 
0.0728953 1.35318 0 
0.0807815 1.29888 0 
0.147959 1.38537 6.54651e-21 
0.281616 1.48069 8.90784e-20 
0.176727 1.45162 1.87265e-19 
0.209801 1.45698 -3.05444e-19 
0.176428 1.41072 0 
0.135574 1.60005 -7.04479e-20 
0.119553 1.57865 0 
0.34512 2.00163 -1.04089e-19 
0.341621 2.33777 6.14602e-19 
0.194799 1.46446 6.14191e-20 
0.268542 1.39666 2.29334e-20 
0.202378 1.38981 -1.85044e-20 
0.278341 1.33947 -1.03819e-19 
0.242252 1.57909 0 
0.268199 1.61609 1.12764e-19 
0.0311458 2.25753 -2.91007e-20 
0.0437458 2.66286 0 
0.0668334 2.39401 1.36221e-19 
0.0633386 2.4147 0 
0.069617 2.66461 -2.19748e-19 
0.0492848 2.69314 0 
0.0279225 1.44374 3.40743e-20 
0.0363327 1.49298 0 
0.0307719 1.40996 0 
0.025805 1.41603 -3.84502e-20 
0.000838671 2.6466 -1.68801e-20 
0.0298489 2.69203 1.67288e-19 
0.0106303 2.71728 1.17384e-21 
0.00446379 1.83784 -4.21603e-21 
-0.00135675 1.69219 -3.7556e-21 
0.0106401 1.30275 0 
0.0198704 1.22019 0 
0.0464954 1.59522 -2.7123e-20 
0.034836 1.47384 -3.3504e-20 
0.0385324 1.53652 4.1645e-20 
0.0410107 1.61882 0 
-0.0291174 2.26834 9.74483e-20 
-0.0300914 2.54558 -4.08039e-20 
-0.0159598 2.44343 4.09473e-21 
-0.00258173 1.85349 5.10702e-21 
-0.025102 2.49532 2.46501e-21 
-0.0200768 2.4392 -7.41547e-22 
1.01843 0.0218555 -8.03093e-19 
1.01529 0.0279006 8.07213e-19 
1.01289 0.0167159 0 
1.01052 0.0710748 1.12868e-18 
0.991912 0.0603665 -1.26216e-18 
0.951041 0.0572275 1.41065e-18 
1.0142 0.112048 -1.50554e-19 
1.043 -0.00553371 0 
1.05142 -0.00113448 7.2299e-19 
1.03927 -0.00972176 -7.24468e-19 
1.07205 0.0430781 -4.29907e-20 
1.06512 0.0242561 3.70799e-19 
1.06321 0.0571263 0 
1.05423 0.0504543 -1.33341e-19 
1.03218 0.0425673 0 
1.02608 0.0394349 0 
1.02794 0.013804 0 
1.02387 0.0164248 0 
1.04043 0.0334798 2.74643e-19 
1.0388 0.0274205 -6.07301e-19 
1.05141 0.0346955 -2.91062e-19 
1.04843 0.034933 -3.20648e-19 
1.07182 0.0654244 6.25728e-19 
1.09725 0.0533062 0 
1.10646 0.0975808 0 
-0.0247217 2.27339 5.43109e-20 
-0.0240816 2.01783 9.01192e-22 
-0.0201291 2.02529 0 
-0.0264511 2.44193 -5.40657e-20 
-0.0215967 2.39832 -1.98092e-21 
-0.032637 2.46946 5.40982e-21 
-0.0203299 2.61733 -1.23747e-20 
-0.0226338 2.55923 1.18472e-22 
-0.0210656 2.51097 -3.37526e-21 
-0.0155302 2.61143 1.0621e-20 
-0.0204981 2.61334 -1.13972e-20 
-0.00595545 1.49939 -6.59587e-22 
0.00372991 1.62426 -3.47813e-20 
0.371515 1.44821 -1.15384e-19 
0.371335 1.38149 3.72588e-20 
0.661952 1.42594 -2.38575e-19 
0.528908 1.49294 -1.42468e-19 
0.587248 1.45853 0 
0.593173 2.4209 2.07014e-19 
0.661642 2.41649 3.37668e-19 
0.411001 2.51019 8.79314e-20 
0.402153 2.53456 -6.09347e-19 
0.509874 2.47564 6.14118e-19 
0.553142 2.45759 0 
0.487857 2.51514 -5.59394e-19 
0.248108 2.58721 1.14349e-18 
0.354568 2.55939 -7.73197e-20 
0.283748 2.6489 -1.58631e-18 
0.948086 2.3741 7.28242e-19 
0.838191 2.3794 0 
1.01108 0.000534658 2.62778e-20 
1.01536 -0.00535759 -2.13145e-20 
1.01768 -0.00346075 -3.89291e-19 
1.01505 -0.000824251 3.91412e-19 
1.01247 0.0012804 0 
0.648564 1.29089 0 
0.672399 1.18462 0 
0.786324 1.10308 0 
0.665491 1.14823 0 
1.18444 2.61234 5.9776e-20 
1.07248 2.3598 0 
0.833754 2.16281 3.85534e-21 
0.8235 2.42939 0 
0.921605 2.52322 -4.22798e-19 
0.956838 2.47931 2.81233e-19 
0.796834 0.184292 0 
0.738048 0.157103 1.63065e-19 
0.90717 0.152407 9.48675e-19 
0.822729 0.156455 -3.55318e-19 
0.778253 0.0910002 -1.09641e-18 
1.08313 0.242486 -8.92435e-19 
1.00045 0.30586 -1.79916e-20 
0.928031 0.309587 8.59703e-19 
1.00713 0.235933 7.22323e-19 
0.948023 0.200075 -1.25499e-18 
0.910251 0.204601 1.56963e-19 
0.946591 0.271975 -3.33185e-19 
0.925502 0.231913 0 
0.996339 0.196413 6.19039e-19 
1.0473 0.195289 0 
1.04491 0.223779 0 
1.10781 0.121951 2.90057e-19 
1.07179 0.182053 -1.50776e-20 
1.07644 0.242408 -1.57947e-19 
1.10197 0.208219 0 
1.02262 0.0468676 6.18326e-19 
1.03928 0.0603568 7.72654e-19 
1.03404 0.0459129 -6.14044e-19 
1.04288 0.068232 -5.18286e-19 
1.02011 0.0761841 -7.95437e-19 
0.985015 0.160285 0 
0.989567 0.106111 0 
0.965247 0.0753528 -5.01592e-19 
0.904792 0.0982584 1.99827e-19 
1.04035 0.108333 7.16943e-19 
1.06966 0.125552 -8.36645e-19 
1.07668 0.157903 7.47168e-19 
1.03146 0.15208 0 
1.0752 0.112869 0 
1.05409 0.0936371 -3.42978e-19 
1.04348 0.0985538 -5.85119e-19 
0.57892 1.05392 1.40719e-19 
0.6037 1.37781 -4.21762e-20 
1.15432 2.72778 -2.28842e-19 
1.21985 3.07026 2.40236e-21 
1.24604 2.71106 -1.26122e-19 
1.27439 2.69427 -3.0608e-20 
1.20178 2.33458 -1.11333e-20 
1.2076 2.97414 -9.50123e-20 
1.22779 2.93971 2.36677e-19 
1.20991 3.22308 -1.4211e-19 
1.36943 2.95393 1.96357e-19 
1.35797 2.87199 0 
0.565258 0.811028 -5.04719e-20 
0.107684 1.22244 5.69988e-19 
0.559443 0.349954 5.52338e-19 
0.39845 0.0963199 5.97685e-19 
0.476291 0.312476 6.73391e-19 
0.546484 0.430692 -1.09184e-18 
0.548268 0.426686 8.94325e-19 
0.464741 0.307355 -3.39797e-19 
0.340145 0.235353 7.65989e-19 
0.706889 0.270463 -3.58702e-19 
0.665708 0.292148 0 
0.60083 0.207842 6.3476e-21 
0.744948 0.508366 3.61938e-19 
0.725693 0.478692 -1.31544e-18 
0.624701 0.445116 1.06813e-20 
0.620752 0.436183 0 
0.694622 0.717611 3.96565e-19 
0.857364 0.780136 3.93968e-19 
0.780939 0.862615 -4.61036e-19 
0.902536 0.817184 -1.53787e-19 
0.933604 0.862619 -3.7083e-20 
0.94065 0.8623 3.79765e-20 
0.869311 0.661126 -6.77357e-19 
0.949079 0.714573 1.42794e-19 
1.00837 0.729421 0 
0.999366 0.705948 -1.9283e-19 
1.03031 0.346372 2.11826e-19 
1.15044 0.307628 2.87474e-19 
1.07123 0.279961 3.64694e-19 
1.02019 0.378841 -4.3051e-19 
1.06845 0.441041 0 
1.12442 0.422173 0 
0.922599 0.382494 1.3595e-21 
0.838782 0.318319 0 
0.885868 0.315509 4.06724e-19 
0.910031 0.318175 -8.23433e-21 
0.958172 0.451592 2.04725e-18 
0.919477 0.506851 5.26124e-19 
0.923956 0.473284 -5.6107e-19 
0.839394 0.461967 6.02199e-19 
0.824433 0.45546 3.60963e-19 
0.795288 0.436996 -3.54711e-19 
1.02743 -0.000169722 6.48524e-19 
1.02001 0.000119544 0 
1.01855 0.00104491 4.22881e-19 
1.02175 -0.00149155 -9.57937e-19 
1.02239 0.00457493 4.65373e-19 
1.0203 0.0116157 -9.74488e-19 
1.02119 0.0109705 0 
1.0204 0.0111802 -2.03105e-19 
1.01593 0.00788555 5.09583e-19 
1.01657 0.010682 -2.54265e-19 
1.01727 0.010027 1.87238e-19 
0.0331696 1.32948 0 
0.0387803 1.38409 0 
0.0518075 1.33016 0 
0.0576202 1.27764 0 
0.0747908 1.40217 -4.84474e-20 
0.0848229 1.36754 2.20224e-20 
0.112383 1.54666 -1.5268e-20 
0.105839 1.38934 -3.76662e-21 
0.0399958 1.47925 1.94274e-20 
0.0436521 1.47334 -1.49541e-20 
0.0674384 1.3894 -1.07764e-20 
0.0607566 1.39053 4.61595e-20 
0.0523139 1.36744 6.83177e-21 
0.0446283 1.38949 3.78993e-21 
0.107783 2.3619 -1.50439e-19 
0.0962541 2.41032 0 
0.169552 2.03573 1.09163e-19 
0.113413 1.70257 4.07248e-20 
0.234342 2.03374 -8.97687e-20 
0.199714 2.42449 0 
0.262286 2.37447 -6.06278e-19 
0.302137 2.37224 4.28393e-19 
0.228123 1.99348 -2.50443e-19 
0.154261 2.15206 1.69157e-19 
0.141637 2.25936 0 
0.0187341 1.87796 5.88819e-21 
0.000756065 2.38608 -3.37739e-20 
0.00638335 2.14353 0 
0.0117614 2.44996 -1.36772e-20 
0.029315 2.29283 8.84318e-21 
0.0157441 1.42275 -7.3674e-21 
0.0127201 1.40395 1.22729e-19 
0.0124047 1.41092 -4.08864e-20 
0.0217475 1.41656 -3.38571e-20 
0.026022 1.44747 0 
0.0080918 1.39214 0 
-0.000126659 1.29932 -4.80573e-20 
0.00438345 1.38414 1.38023e-20 
0.00834115 1.38358 0 
0.00606695 1.29104 -3.5927e-20 
0.0164864 1.21049 7.29532e-20 
1.04086 0.0121858 0 
1.04708 0.00842764 -6.78364e-20 
1.03882 0.0225139 -4.89532e-19 
1.04865 0.0212521 0 
1.05255 0.0211121 0 
1.03645 0.012389 -6.84803e-21 
1.03106 0.0122224 7.86885e-19 
1.03166 0.0172794 9.53818e-19 
1.02554 0.0211891 0 
1.02236 0.0216665 0 
1.03531 0.0261437 4.88173e-19 
1.02598 0.0279957 0 
1.02372 0.0281352 0 
-0.0175932 2.02298 0 
0.000627924 1.6548 -4.40967e-21 
-0.00418788 1.76171 -3.04599e-20 
-0.00179821 1.39171 0 
-0.00653748 1.55679 -1.93406e-20 
-0.00932088 1.46783 1.19046e-20 
-0.00669706 1.40571 0 
0.388632 1.64255 0 
0.374029 1.30737 -7.3001e-20 
0.300756 1.34024 0 
0.426061 1.30641 8.55386e-21 
0.476767 1.4706 0 
0.457143 1.41496 2.42789e-20 
1.03636 2.67454 -1.53971e-20 
0.968457 2.40275 -9.15256e-19 
0.921674 2.19128 1.02677e-18 
0.852223 2.3713 2.4228e-19 
0.84775 2.48392 0 
0.917464 2.48001 0 
0.931434 2.36765 0 
0.910395 2.35698 -9.45659e-19 
0.686651 2.44764 -3.9492e-19 
0.79983 2.43706 -9.78565e-20 
0.810169 2.4112 7.43343e-20 
0.695527 2.38959 0 
0.8008 2.38494 0 
0.758924 2.39839 -3.68949e-19 
0.767392 2.47368 0 
0.632981 1.09386 0 
0.480267 0.898043 -5.14997e-19 
0.568693 0.942848 -3.2574e-20 
0.519078 1.03239 0 
0.519503 0.974933 7.71093e-19 
0.801615 0.885582 -1.29856e-19 
0.810067 1.0214 0 
0.785282 0.987762 1.85352e-19 
0.669811 1.03411 0 
0.671017 0.935314 0 
1.16334 2.75107 -2.30848e-19 
1.1408 2.81438 -9.79883e-20 
0.928701 2.32804 1.01975e-19 
0.896503 2.30762 -8.37733e-20 
1.12895 2.72413 0 
1.08281 2.69357 1.00783e-19 
1.08883 2.47768 -3.1448e-19 
0.983433 2.23091 -3.03556e-20 
0.492018 1.32894 0 
0.507893 1.05936 -1.24027e-19 
0.577459 1.16714 0 
0.852823 0.250259 0 
0.758014 0.200543 0 
0.666889 0.156459 0 
0.843493 0.252526 -6.38971e-19 
0.730025 0.244108 3.7401e-19 
0.921954 0.0912279 -4.11889e-19 
0.925092 0.133328 0 
0.913556 0.141585 1.77967e-19 
0.84923 0.119676 7.1145e-19 
0.813656 0.0804651 -4.46144e-19 
1.1551 3.34801 -7.16342e-19 
1.20416 3.26753 0 
1.15278 3.37702 -1.48583e-18 
0.641123 3.53861 1.26036e-18 
0.862404 3.10739 7.02632e-20 
0.52265 0.796417 6.06916e-19 
0.423387 0.793869 0 
0.305985 0.377211 -1.48713e-19 
0.474342 0.648385 8.57151e-19 
0.563891 0.353589 -1.94765e-19 
0.516346 0.463273 2.30606e-19 
0.675427 0.511322 4.90068e-19 
0.715863 0.550811 0 
0.665669 0.572988 0 
0.631547 0.525101 0 
1.0097 0.616062 8.81074e-20 
0.924807 0.556655 -5.12252e-19 
0.950128 0.587995 3.85831e-19 
0.980451 0.528116 -3.96789e-19 
1.08791 0.496124 0 
1.09642 0.587183 -9.65255e-20 
0.859492 0.414188 -8.29942e-19 
0.857474 0.402599 -1.02893e-18 
0.790324 0.39536 6.33918e-19 
0.799078 0.383772 -6.43625e-19 
0.845554 0.340735 -5.19414e-19 
0.792427 0.33804 6.3518e-19 
1.02669 0.00616544 -4.93775e-19 
1.0264 0.00638231 1.00356e-18 
1.02948 0.000285915 6.28449e-19 
1.03372 0.00120405 -7.56878e-19 
1.03385 0.00936106 0 
1.0301 0.0100689 -1.23217e-18 
0.062884 1.639 1.90609e-20 
0.0526857 1.58955 0 
0.0902148 1.68777 1.28133e-19 
0.0966741 1.66867 -1.13601e-19 
0.0931131 1.54731 2.72532e-20 
0.0927321 1.54841 0 
0.0125721 1.68908 0 
-0.00429226 1.49911 7.87393e-21 
-0.00223757 1.4451 -7.08423e-21 
-0.00761685 1.55402 5.36565e-21 
0.00263559 1.8852 1.17343e-20 
-0.00934194 1.93805 -1.99501e-21 
0.496876 1.3563 -2.77146e-19 
0.490442 1.35666 3.04545e-19 
0.453618 1.3019 -3.22264e-20 
0.436665 1.2834 7.79902e-21 
0.640895 1.30871 0 
0.555923 1.39906 1.04436e-19 
0.571592 1.40623 -1.01674e-19 
0.467336 1.29232 3.14296e-20 
0.522426 1.24138 0 
0.574013 1.20412 0 
0.653597 2.40725 5.80146e-19 
0.669195 2.44893 1.26023e-18 
0.713681 2.45962 -8.68385e-19 
0.609821 2.43351 -2.01902e-19 
0.559754 2.52372 2.83795e-19 
0.508967 2.49856 -7.57081e-19 
0.978176 2.37428 -5.74662e-19 
1.01228 2.3864 0 
0.925818 2.16935 -6.60221e-19 
1.05382 2.67263 0 
1.05612 2.65923 0 
0.597702 2.25558 -1.29743e-19 
1.03611 3.15308 1.26146e-19 
0.907272 3.02348 -2.90448e-20 
0.262681 0.842991 0 
0.288575 0.685383 -3.17839e-19 
0.459098 0.645536 -3.20196e-19 
0.377634 1.99964 0 
0.461608 2.77832 -4.8912e-20 
0.415036 2.54094 0 
0.718453 0.668016 -8.37574e-19 
0.803681 0.687105 1.12046e-18 
0.823351 0.627573 -1.10693e-18 
0.695099 0.63097 -1.07266e-19 
0.750385 0.589198 -4.3934e-19 
1.00012 2.75169 -9.59394e-20 
1.04135 2.81321 -1.6744e-19 
0.631003 2.11843 7.03087e-19 
0.583254 1.68727 -5.00735e-19 
0.693134 1.88726 -4.0946e-19 
0.986448 2.4356 -1.12934e-19 
0.993591 2.42849 2.98289e-19 
0.648537 1.82014 2.84528e-20 
0.440098 1.30803 1.45322e-19 
))
(300 (2 10 3 0 0 919 1018)(
0 0 0 
0 0 0 
0 0 0 
0 0 0 
0 0 0 
0 0 0 
0 0 0 
0 0 0 
0 0 0 
0 0 0 
0 0 0 
0 0 0 
0 0 0 
0 0 0 
0 0 0 
0 0 0 
0 0 0 
0 0 0 
0 0 0 
0 0 0 
0 0 0 
0 0 0 
0 0 0 
0 0 0 
0 0 0 
0 0 0 
0 0 0 
0 0 0 
0 0 0 
0 0 0 
0 0 0 
0 0 0 
0 0 0 
0 0 0 
0 0 0 
0 0 0 
0 0 0 
0 0 0 
0 0 0 
0 0 0 
0 0 0 
0 0 0 
0 0 0 
0 0 0 
0 0 0 
0 0 0 
0 0 0 
0 0 0 
0 0 0 
0 0 0 
0 0 0 
0 0 0 
0 0 0 
0 0 0 
0 0 0 
0 0 0 
0 0 0 
0 0 0 
0 0 0 
0 0 0 
0 0 0 
0 0 0 
0 0 0 
0 0 0 
0 0 0 
0 0 0 
0 0 0 
0 0 0 
0 0 0 
0 0 0 
0 0 0 
0 0 0 
0 0 0 
0 0 0 
0 0 0 
0 0 0 
0 0 0 
0 0 0 
0 0 0 
0 0 0 
0 0 0 
0 0 0 
0 0 0 
0 0 0 
0 0 0 
0 0 0 
0 0 0 
0 0 0 
0 0 0 
0 0 0 
0 0 0 
0 0 0 
0 0 0 
0 0 0 
0 0 0 
0 0 0 
0 0 0 
0 0 0 
0 0 0 
0 0 0 
))
(300 (2 11 3 0 0 1019 1026)(
1 0 0 
1 0 0 
1 0 0 
1 0 0 
1 0 0 
1 0 0 
1 0 0 
1 0 0 
))
(300 (2 12 3 0 0 1027 1030)(
0 3 0 
0 3 0 
0 3 0 
0 3 0 
))
(300 (2 13 3 0 0 1031 1038)(
0.00746863 0.887658 0 
-0.0121984 2.06335 3.75695e-20 
-0.0178018 1.18046 0 
-0.0144283 2.59243 0 
-0.025611 1.98657 0 
-0.00363046 1.37516 0 
-0.0175836 1.53116 0 
-0.0198553 2.39012 0 
))
(300 (2 14 3 0 0 1039 1072)(
0 0 0 
0 0 0 
0 0 0 
0 0 0 
0 0 0 
0 0 0 
0 0 0 
0 0 0 
0 0 0 
0 0 0 
0 0 0 
0 0 0 
0 0 0 
0 0 0 
0 0 0 
0 0 0 
0 0 0 
0 0 0 
0 0 0 
0 0 0 
0 0 0 
0 0 0 
0 0 0 
0 0 0 
0 0 0 
0 0 0 
0 0 0 
0 0 0 
0 0 0 
0 0 0 
0 0 0 
0 0 0 
0 0 0 
0 0 0 
))
(300 (2 15 3 0 0 1073 1072)(
))
