(0 "FOAM to Fluent data File")

(33 (918 3444 1074))
(300 (1 1 1 0 0 1 918)(
0.562897
1.20461
0.00172686
0.562282
-0.0114653
1.17164
-0.49434
0.704564
0.543061
-0.0923396
-0.0244391
0.540021
1.03227
0.79886
-1.11669
-0.00194205
0.661711
-0.373652
0.542125
-0.0390167
0.736051
0.549631
0.55266
0.543244
0.609394
0.776041
0.913331
0.0190895
0.00643327
0.00294008
-0.0105335
-0.036648
-0.0291484
1.05528
1.10638
1.12907
0.511126
0.339876
-0.361702
-0.429468
-0.421764
-0.538092
0.699193
0.698096
-0.187053
0.707368
0.712606
0.530182
0.542428
0.543336
0.544391
0.543354
0.544745
0.417856
-0.0950545
-0.127742
-0.0716417
-0.063234
0.0723625
-0.0252971
-0.0275386
-0.0239783
-0.0226766
0.461075
0.535236
0.532296
0.545241
0.554409
1.14416
1.11607
1.14222
1.05592
1.07241
1.01024
0.982918
0.819061
0.840926
0.78526
0.77304
-1.55243
-2.5107
-0.523071
-0.270379
-0.0101771
0.00359409
0.0121954
0.656162
0.656147
0.663384
0.670783
1.09014
-0.372578
-0.473611
0.542257
0.541057
0.549423
0.550119
0.546134
0.545226
-0.0329673
-0.0299128
-0.0360006
-0.0376639
-0.0352044
0.72507
0.723327
0.543779
0.540792
0.561142
0.582059
0.573958
0.288125
0.612508
0.625988
0.60405
0.768095
0.761727
0.770602
0.886789
0.850867
0.950423
0.973489
0.016064
0.000845294
-0.0100214
-0.0157859
-0.0150406
0.507012
0.499648
0.5264
0.514511
0.516982
0.255715
0.121032
0.425568
0.450818
-0.277506
-0.338827
-0.421114
-0.448266
-0.559205
0.614214
0.690361
0.687896
-0.201976
-0.128576
-0.258877
-0.0552599
-0.116331
0.520521
0.527477
0.522507
0.53798
0.532464
0.53442
0.546683
0.543761
0.545317
0.480296
0.603863
0.344286
0.309935
-0.234297
-0.1454
-0.235843
-0.0510674
-0.0464373
0.0859778
0.111087
0.059186
0.0477786
-0.0397821
-0.0314909
-0.0357526
-0.0213456
-0.0249369
0.453972
0.443002
0.473622
0.481062
0.524766
0.526018
0.529593
0.527926
0.93361
0.955931
0.963618
0.937418
-3.50774
-6.30359
0.0569775
0.194493
-0.00591042
-0.00949679
0.00170691
-0.00397027
0.00137453
-0.00115531
0.00994265
0.00723404
0.0108333
0.0127602
0.64813
0.648255
1.00967
1.01239
0.988835
0.940172
0.530394
0.532491
0.538024
0.533891
-0.0240672
-0.0272869
-0.0250494
0.714521
0.720387
0.7185
0.25043
0.162372
0.338275
0.36677
0.640812
0.629355
0.639275
0.664408
0.701785
0.980906
0.999212
0.99738
1.00585
1.04987
1.06627
1.03166
0.486772
0.496586
0.491628
0.52957
0.527303
0.528228
0.523835
0.525269
0.52312
-0.0304843
-0.413096
0.50028
0.518508
0.500277
0.505384
0.693545
0.770648
0.672277
0.681316
0.67893
0.0125338
-0.0452811
0.266043
0.232674
0.394561
0.430366
0.409646
0.904856
0.865353
0.915436
0.888636
0.84999
0.875451
-0.364756
-1.87305
-0.987509
0.546701
0.359607
0.447422
0.0293713
0.0114968
0.0171417
1.00554
1.08156
0.659774
0.830783
0.836312
0.738494
0.768324
0.824616
0.751963
0.785368
0.818703
0.798375
0.571187
0.513165
0.525602
0.840042
0.896211
0.133948
0.0753046
0.0311154
0.129711
0.185827
0.160438
1.04315
0.951471
1.02292
0.540545
0.541253
0.000359495
-0.00855391
0.545444
0.545493
-0.00814459
0.00307859
0.430483
-0.825589
0.116846
0.533968
0.524049
0.541075
-0.0753982
0.371292
-0.0252891
0.0677393
0.0105674
0.537566
0.471942
0.431784
0.00531227
-0.0103306
-0.0330518
-0.204384
0.538216
0.536522
0.540544
0.541508
0.542175
-0.012315
-0.00750699
-0.00655695
-0.0324218
-0.0283809
-0.0380401
0.505335
0.523579
-0.159285
0.540685
0.542809
0.542634
0.535849
0.5415
0.539736
-0.00253723
-0.00959947
-0.0119219
0.232915
0.360554
0.673236
0.762886
0.643927
0.41765
0.180555
0.574454
0.638786
0.543267
0.698531
0.686134
0.701941
0.182173
0.0323914
0.190583
0.132539
0.531826
0.530512
0.522305
0.519325
0.53594
0.534044
0.538609
0.535601
0.538553
0.539946
-0.0334249
-0.0572909
-0.0709176
-0.136854
0.326866
0.588018
0.26792
0.298218
0.159907
-0.0203467
-0.0215821
-0.0253474
-0.0316974
0.0214625
-0.00450806
0.0624371
0.062502
0.0341039
0.00723688
0.0133286
0.00104243
0.005442
0.530727
0.529125
0.535508
0.544572
0.481417
0.48516
0.450622
0.471033
0.456489
0.396412
0.431044
0.406467
0.00100534
0.00989745
0.00248282
-0.00559703
-0.00109359
-0.0204871
-0.018044
-0.0165006
-0.0125811
-0.0180245
-0.0268145
-0.0269445
-0.163942
-0.27867
0.995988
0.924504
0.13738
0.527392
0.533824
0.530602
0.535458
0.538582
0.539412
0.537143
0.533701
0.524018
0.525648
0.52231
0.523041
-0.0924716
-0.230801
-0.0604869
-0.132201
0.149977
0.631971
0.372404
0.309677
0.304443
0.530958
0.936423
0.725102
0.704098
0.720597
-0.332643
0.061277
-0.266906
0.351947
0.175432
0.671093
0.720421
0.742431
0.690324
0.642995
-0.0997463
0.563429
-0.0567008
-0.00705484
0.192802
0.0741285
0.703256
0.67015
0.674134
0.69163
0.709166
0.676401
0.659718
0.654258
0.687617
0.691294
0.502665
0.264157
0.217028
0.178173
0.653716
0.539259
0.593803
0.507782
0.52691
0.529596
0.528205
0.510099
0.517601
0.513188
0.519449
0.522826
0.531654
0.532064
0.527403
0.529562
-0.0377517
-0.0407058
-0.0157244
-0.125502
-0.115801
-0.17694
-0.0519226
0.0861906
0.0488875
0.24455
0.350292
0.0625502
-0.0497563
-0.0216945
0.0158693
0.188775
0.214561
0.0910658
0.179367
0.167757
0.151444
0.252256
0.257175
-0.00634663
-0.0106368
-0.0132054
-0.0152917
0.0386552
0.108935
0.11903
0.0155046
0.0100645
-0.0170692
-0.0169709
-0.00355593
-0.00831763
-0.00471244
0.0299554
-0.0399271
-0.00694848
0.00856128
0.0175153
0.0140803
0.00920579
0.523173
0.525413
0.525087
0.532673
0.550747
0.566924
0.523755
0.503338
0.494249
0.497238
0.4706
0.480761
0.476502
0.489993
0.510904
0.520114
0.517606
0.520324
0.503046
0.504719
0.491478
0.495115
0.470424
0.451579
0.439971
-0.0313789
0.0062018
-0.000237648
-0.0290508
0.000291414
-0.012337
0.00619017
0.0235736
0.00906111
0.00514693
-0.0041622
-0.014099
-0.0121542
-0.0666155
0.0177847
-0.175158
-0.212184
-0.281924
0.897493
1.02057
0.820564
0.594325
0.6107
0.853072
0.939048
0.557186
0.745211
0.769326
0.589182
0.854938
0.532208
0.531819
0.529419
0.528895
0.530117
-0.00105853
0.101966
0.105713
0.164833
0.281706
0.394787
0.319191
0.194441
0.326349
0.329845
0.624482
0.637592
0.593029
0.616528
0.616952
0.435701
0.511446
0.564181
0.520949
0.571818
0.592736
0.549287
0.581256
0.531329
0.486345
0.482748
0.432554
0.452838
0.429587
0.411808
0.522237
0.499594
0.510116
0.500434
0.519969
0.54426
0.541064
0.573553
0.584578
0.504353
0.46062
0.470151
0.500446
0.460917
0.475756
0.491943
0.234825
0.135248
0.219037
-0.0693985
0.00690854
-0.00743618
-0.0549372
-0.00686263
0.278372
-0.416222
-0.39167
-1.02234
0.505488
0.967333
0.653357
0.62666
0.706092
0.687511
0.692572
0.711156
0.715347
0.644481
0.661219
0.663708
0.625749
0.649286
0.6705
0.667557
0.533263
0.398702
0.394354
0.346346
0.217207
0.254729
0.455215
0.377411
0.302429
0.303655
0.46948
0.35643
0.425699
0.462054
0.393369
0.347113
0.551493
0.616475
0.60756
0.581898
0.498867
0.512915
0.537105
0.57267
0.598865
0.630116
0.51905
0.524887
0.526137
0.523638
0.520878
0.523866
0.524042
0.526575
0.527309
0.530265
0.529287
-0.0261288
-0.0147481
-0.0281545
-0.0355818
-0.00496149
-0.00918021
0.0345667
0.0210464
0.00597157
0.0122159
-0.0144127
-0.0186002
-0.0135456
-0.00440798
0.112602
0.125128
0.108971
0.0697208
0.257924
0.38867
0.460793
0.337546
0.2306
0.254433
0.276085
0.00601903
0.0331103
0.0203381
0.0589389
0.0504084
-0.0142116
-0.0178976
-0.0172148
-0.00878663
0.000955248
-0.0184871
-0.0228519
-0.0130874
-0.017754
-0.0186303
-0.0237085
0.505551
0.499107
0.500706
0.494673
0.493406
0.507502
0.511727
0.513669
0.519055
0.521225
0.511531
0.517119
0.520815
0.006197
-0.0191308
-0.0222218
-0.00881763
-0.0143937
-0.0139183
-0.0140175
0.126676
0.0553055
0.0597719
0.0141377
-0.114838
-0.0571992
0.49368
0.493297
0.487228
0.723163
0.573113
0.49317
0.590129
0.695279
0.277693
0.47643
0.309795
0.892865
0.787022
0.933517
0.546722
0.247562
0.406963
0.455848
0.26464
0.337433
0.334874
0.221967
0.2542
0.288714
0.390519
0.269178
0.244666
0.0019925
0.190742
0.305837
0.287096
0.414592
0.47686
0.266437
0.188039
0.142117
0.613342
0.631422
0.64687
0.620426
0.641395
0.582947
0.571131
0.589392
0.599304
0.594901
-0.749632
-0.456233
-1.40172
-0.718586
-0.26608
0.536526
0.502307
0.775684
0.656465
0.710927
0.695134
0.652416
0.61965
0.637643
0.665827
0.359895
0.471291
0.446156
0.451167
0.352373
0.283821
0.585196
0.579393
0.614311
0.637736
0.606687
0.637971
0.516825
0.516498
0.51607
0.512368
0.51063
0.512924
0.0734057
0.0427739
0.0773989
0.0584616
0.0357959
0.0243371
0.0121317
0.00198853
-0.00571505
-0.00690551
0.00821155
0.0127703
0.171309
0.111483
0.0324199
0.0621213
0.00224355
-0.0655359
-0.0832521
0.0179521
0.112531
0.103063
0.408776
0.66054
0.480465
0.647802
0.488951
0.544665
0.476852
0.469035
0.495728
0.384323
0.463759
0.242904
-0.264431
-0.17254
0.792943
0.808101
0.590909
0.409967
0.178419
0.362266
0.554931
0.487837
0.525304
0.594571
0.584128
0.0237839
0.0863035
0.359228
0.586496
0.241317
0.232766
0.226834
0.405842
0.326932
))
(300 (1 10 1 0 0 919 1018)(
0.562897
1.20461
0.00172686
0.562282
1.17164
-0.49434
0.704564
-0.0923396
-0.0244391
0.540021
1.03227
0.79886
-1.11669
0.661711
-0.373652
0.542125
-0.0390167
0.736051
0.543244
0.609394
0.776041
0.913331
0.0190895
1.05528
0.511126
-0.429468
-0.538092
0.698096
-0.187053
0.712606
0.530182
-0.127742
-0.063234
-0.0275386
-0.0226766
0.461075
0.532296
0.554409
1.07241
0.982918
0.840926
0.77304
-2.5107
-0.270379
0.656147
0.670783
-0.473611
0.541057
0.545226
-0.0299128
-0.0352044
0.723327
0.540792
0.573958
0.288125
0.625988
0.60405
0.770602
0.850867
0.973489
0.499648
0.5264
0.516982
-0.338827
-0.559205
0.687896
-0.258877
-0.116331
0.522507
0.53442
-0.235843
-0.0464373
-0.0357526
-0.0249369
0.443002
0.481062
0.524766
0.527926
0.937418
0.194493
0.648255
0.530394
0.533891
-0.0250494
0.7185
0.162372
0.36677
0.639275
0.701785
1.00585
0.491628
0.528228
0.52312
0.67893
-0.0452811
0.409646
0.888636
0.447422
0.785368
0.0311154
))
(300 (1 11 1 0 0 919 926)(
0.562897
0.562282
0.543061
0.549631
0.543336
0.544745
0.549423
0.545317
))
(300 (1 12 1 0 0 919 922)(
1.20461
1.17164
1.12907
1.14222
))
(300 (1 13 1 0 0 919 926)(
0
0
0
0
0
0
0
0
))
(300 (1 14 1 0 0 919 952)(
-0.0114653
-0.00194205
-0.0291484
0.339876
0.417856
0.0723625
0.0121954
1.09014
-0.0150406
0.121032
0.450818
0.614214
0.603863
0.309935
0.111087
0.0477786
-6.30359
0.00994265
0.0127602
1.01239
0.940172
-0.413096
0.50028
0.505384
0.770648
0.232674
-0.987509
0.0171417
1.08156
0.836312
0.525602
0.896211
0.160438
1.02292
))
(300 (1 15 1 0 0 919 2754)(
0.562897
0.562897
1.20461
1.20461
0.00172686
0.00172686
0.562282
0.562282
-0.0114653
-0.0114653
1.17164
1.17164
-0.49434
-0.49434
0.704564
0.704564
0.543061
0.543061
-0.0923396
-0.0923396
-0.0244391
-0.0244391
0.540021
0.540021
1.03227
1.03227
0.79886
0.79886
-1.11669
-1.11669
-0.00194205
-0.00194205
0.661711
0.661711
-0.373652
-0.373652
0.542125
0.542125
-0.0390167
-0.0390167
0.736051
0.736051
0.549631
0.549631
0.55266
0.55266
0.543244
0.543244
0.609394
0.609394
0.776041
0.776041
0.913331
0.913331
0.0190895
0.0190895
0.00643327
0.00643327
0.00294008
0.00294008
-0.0105335
-0.0105335
-0.036648
-0.036648
-0.0291484
-0.0291484
1.05528
1.05528
1.10638
1.10638
1.12907
1.12907
0.511126
0.511126
0.339876
0.339876
-0.361702
-0.361702
-0.429468
-0.429468
-0.421764
-0.421764
-0.538092
-0.538092
0.699193
0.699193
0.698096
0.698096
-0.187053
-0.187053
0.707368
0.707368
0.712606
0.712606
0.530182
0.530182
0.542428
0.542428
0.543336
0.543336
0.544391
0.544391
0.543354
0.543354
0.544745
0.544745
0.417856
0.417856
-0.0950545
-0.0950545
-0.127742
-0.127742
-0.0716417
-0.0716417
-0.063234
-0.063234
0.0723625
0.0723625
-0.0252971
-0.0252971
-0.0275386
-0.0275386
-0.0239783
-0.0239783
-0.0226766
-0.0226766
0.461075
0.461075
0.535236
0.535236
0.532296
0.532296
0.545241
0.545241
0.554409
0.554409
1.14416
1.14416
1.11607
1.11607
1.14222
1.14222
1.05592
1.05592
1.07241
1.07241
1.01024
1.01024
0.982918
0.982918
0.819061
0.819061
0.840926
0.840926
0.78526
0.78526
0.77304
0.77304
-1.55243
-1.55243
-2.5107
-2.5107
-0.523071
-0.523071
-0.270379
-0.270379
-0.0101771
-0.0101771
0.00359409
0.00359409
0.0121954
0.0121954
0.656162
0.656162
0.656147
0.656147
0.663384
0.663384
0.670783
0.670783
1.09014
1.09014
-0.372578
-0.372578
-0.473611
-0.473611
0.542257
0.542257
0.541057
0.541057
0.549423
0.549423
0.550119
0.550119
0.546134
0.546134
0.545226
0.545226
-0.0329673
-0.0329673
-0.0299128
-0.0299128
-0.0360006
-0.0360006
-0.0376639
-0.0376639
-0.0352044
-0.0352044
0.72507
0.72507
0.723327
0.723327
0.543779
0.543779
0.540792
0.540792
0.561142
0.561142
0.582059
0.582059
0.573958
0.573958
0.288125
0.288125
0.612508
0.612508
0.625988
0.625988
0.60405
0.60405
0.768095
0.768095
0.761727
0.761727
0.770602
0.770602
0.886789
0.886789
0.850867
0.850867
0.950423
0.950423
0.973489
0.973489
0.016064
0.016064
0.000845294
0.000845294
-0.0100214
-0.0100214
-0.0157859
-0.0157859
-0.0150406
-0.0150406
0.507012
0.507012
0.499648
0.499648
0.5264
0.5264
0.514511
0.514511
0.516982
0.516982
0.255715
0.255715
0.121032
0.121032
0.425568
0.425568
0.450818
0.450818
-0.277506
-0.277506
-0.338827
-0.338827
-0.421114
-0.421114
-0.448266
-0.448266
-0.559205
-0.559205
0.614214
0.614214
0.690361
0.690361
0.687896
0.687896
-0.201976
-0.201976
-0.128576
-0.128576
-0.258877
-0.258877
-0.0552599
-0.0552599
-0.116331
-0.116331
0.520521
0.520521
0.527477
0.527477
0.522507
0.522507
0.53798
0.53798
0.532464
0.532464
0.53442
0.53442
0.546683
0.546683
0.543761
0.543761
0.545317
0.545317
0.480296
0.480296
0.603863
0.603863
0.344286
0.344286
0.309935
0.309935
-0.234297
-0.234297
-0.1454
-0.1454
-0.235843
-0.235843
-0.0510674
-0.0510674
-0.0464373
-0.0464373
0.0859778
0.0859778
0.111087
0.111087
0.059186
0.059186
0.0477786
0.0477786
-0.0397821
-0.0397821
-0.0314909
-0.0314909
-0.0357526
-0.0357526
-0.0213456
-0.0213456
-0.0249369
-0.0249369
0.453972
0.453972
0.443002
0.443002
0.473622
0.473622
0.481062
0.481062
0.524766
0.524766
0.526018
0.526018
0.529593
0.529593
0.527926
0.527926
0.93361
0.93361
0.955931
0.955931
0.963618
0.963618
0.937418
0.937418
-3.50774
-3.50774
-6.30359
-6.30359
0.0569775
0.0569775
0.194493
0.194493
-0.00591042
-0.00591042
-0.00949679
-0.00949679
0.00170691
0.00170691
-0.00397027
-0.00397027
0.00137453
0.00137453
-0.00115531
-0.00115531
0.00994265
0.00994265
0.00723404
0.00723404
0.0108333
0.0108333
0.0127602
0.0127602
0.64813
0.64813
0.648255
0.648255
1.00967
1.00967
1.01239
1.01239
0.988835
0.988835
0.940172
0.940172
0.530394
0.530394
0.532491
0.532491
0.538024
0.538024
0.533891
0.533891
-0.0240672
-0.0240672
-0.0272869
-0.0272869
-0.0250494
-0.0250494
0.714521
0.714521
0.720387
0.720387
0.7185
0.7185
0.25043
0.25043
0.162372
0.162372
0.338275
0.338275
0.36677
0.36677
0.640812
0.640812
0.629355
0.629355
0.639275
0.639275
0.664408
0.664408
0.701785
0.701785
0.980906
0.980906
0.999212
0.999212
0.99738
0.99738
1.00585
1.00585
1.04987
1.04987
1.06627
1.06627
1.03166
1.03166
0.486772
0.486772
0.496586
0.496586
0.491628
0.491628
0.52957
0.52957
0.527303
0.527303
0.528228
0.528228
0.523835
0.523835
0.525269
0.525269
0.52312
0.52312
-0.0304843
-0.0304843
-0.413096
-0.413096
0.50028
0.50028
0.518508
0.518508
0.500277
0.500277
0.505384
0.505384
0.693545
0.693545
0.770648
0.770648
0.672277
0.672277
0.681316
0.681316
0.67893
0.67893
0.0125338
0.0125338
-0.0452811
-0.0452811
0.266043
0.266043
0.232674
0.232674
0.394561
0.394561
0.430366
0.430366
0.409646
0.409646
0.904856
0.904856
0.865353
0.865353
0.915436
0.915436
0.888636
0.888636
0.84999
0.84999
0.875451
0.875451
-0.364756
-0.364756
-1.87305
-1.87305
-0.987509
-0.987509
0.546701
0.546701
0.359607
0.359607
0.447422
0.447422
0.0293713
0.0293713
0.0114968
0.0114968
0.0171417
0.0171417
1.00554
1.00554
1.08156
1.08156
0.659774
0.659774
0.830783
0.830783
0.836312
0.836312
0.738494
0.738494
0.768324
0.768324
0.824616
0.824616
0.751963
0.751963
0.785368
0.785368
0.818703
0.818703
0.798375
0.798375
0.571187
0.571187
0.513165
0.513165
0.525602
0.525602
0.840042
0.840042
0.896211
0.896211
0.133948
0.133948
0.0753046
0.0753046
0.0311154
0.0311154
0.129711
0.129711
0.185827
0.185827
0.160438
0.160438
1.04315
1.04315
0.951471
0.951471
1.02292
1.02292
0.540545
0.540545
0.541253
0.541253
0.000359495
0.000359495
-0.00855391
-0.00855391
0.545444
0.545444
0.545493
0.545493
-0.00814459
-0.00814459
0.00307859
0.00307859
0.430483
0.430483
-0.825589
-0.825589
0.116846
0.116846
0.533968
0.533968
0.524049
0.524049
0.541075
0.541075
-0.0753982
-0.0753982
0.371292
0.371292
-0.0252891
-0.0252891
0.0677393
0.0677393
0.0105674
0.0105674
0.537566
0.537566
0.471942
0.471942
0.431784
0.431784
0.00531227
0.00531227
-0.0103306
-0.0103306
-0.0330518
-0.0330518
-0.204384
-0.204384
0.538216
0.538216
0.536522
0.536522
0.540544
0.540544
0.541508
0.541508
0.542175
0.542175
-0.012315
-0.012315
-0.00750699
-0.00750699
-0.00655695
-0.00655695
-0.0324218
-0.0324218
-0.0283809
-0.0283809
-0.0380401
-0.0380401
0.505335
0.505335
0.523579
0.523579
-0.159285
-0.159285
0.540685
0.540685
0.542809
0.542809
0.542634
0.542634
0.535849
0.535849
0.5415
0.5415
0.539736
0.539736
-0.00253723
-0.00253723
-0.00959947
-0.00959947
-0.0119219
-0.0119219
0.232915
0.232915
0.360554
0.360554
0.673236
0.673236
0.762886
0.762886
0.643927
0.643927
0.41765
0.41765
0.180555
0.180555
0.574454
0.574454
0.638786
0.638786
0.543267
0.543267
0.698531
0.698531
0.686134
0.686134
0.701941
0.701941
0.182173
0.182173
0.0323914
0.0323914
0.190583
0.190583
0.132539
0.132539
0.531826
0.531826
0.530512
0.530512
0.522305
0.522305
0.519325
0.519325
0.53594
0.53594
0.534044
0.534044
0.538609
0.538609
0.535601
0.535601
0.538553
0.538553
0.539946
0.539946
-0.0334249
-0.0334249
-0.0572909
-0.0572909
-0.0709176
-0.0709176
-0.136854
-0.136854
0.326866
0.326866
0.588018
0.588018
0.26792
0.26792
0.298218
0.298218
0.159907
0.159907
-0.0203467
-0.0203467
-0.0215821
-0.0215821
-0.0253474
-0.0253474
-0.0316974
-0.0316974
0.0214625
0.0214625
-0.00450806
-0.00450806
0.0624371
0.0624371
0.062502
0.062502
0.0341039
0.0341039
0.00723688
0.00723688
0.0133286
0.0133286
0.00104243
0.00104243
0.005442
0.005442
0.530727
0.530727
0.529125
0.529125
0.535508
0.535508
0.544572
0.544572
0.481417
0.481417
0.48516
0.48516
0.450622
0.450622
0.471033
0.471033
0.456489
0.456489
0.396412
0.396412
0.431044
0.431044
0.406467
0.406467
0.00100534
0.00100534
0.00989745
0.00989745
0.00248282
0.00248282
-0.00559703
-0.00559703
-0.00109359
-0.00109359
-0.0204871
-0.0204871
-0.018044
-0.018044
-0.0165006
-0.0165006
-0.0125811
-0.0125811
-0.0180245
-0.0180245
-0.0268145
-0.0268145
-0.0269445
-0.0269445
-0.163942
-0.163942
-0.27867
-0.27867
0.995988
0.995988
0.924504
0.924504
0.13738
0.13738
0.527392
0.527392
0.533824
0.533824
0.530602
0.530602
0.535458
0.535458
0.538582
0.538582
0.539412
0.539412
0.537143
0.537143
0.533701
0.533701
0.524018
0.524018
0.525648
0.525648
0.52231
0.52231
0.523041
0.523041
-0.0924716
-0.0924716
-0.230801
-0.230801
-0.0604869
-0.0604869
-0.132201
-0.132201
0.149977
0.149977
0.631971
0.631971
0.372404
0.372404
0.309677
0.309677
0.304443
0.304443
0.530958
0.530958
0.936423
0.936423
0.725102
0.725102
0.704098
0.704098
0.720597
0.720597
-0.332643
-0.332643
0.061277
0.061277
-0.266906
-0.266906
0.351947
0.351947
0.175432
0.175432
0.671093
0.671093
0.720421
0.720421
0.742431
0.742431
0.690324
0.690324
0.642995
0.642995
-0.0997463
-0.0997463
0.563429
0.563429
-0.0567008
-0.0567008
-0.00705484
-0.00705484
0.192802
0.192802
0.0741285
0.0741285
0.703256
0.703256
0.67015
0.67015
0.674134
0.674134
0.69163
0.69163
0.709166
0.709166
0.676401
0.676401
0.659718
0.659718
0.654258
0.654258
0.687617
0.687617
0.691294
0.691294
0.502665
0.502665
0.264157
0.264157
0.217028
0.217028
0.178173
0.178173
0.653716
0.653716
0.539259
0.539259
0.593803
0.593803
0.507782
0.507782
0.52691
0.52691
0.529596
0.529596
0.528205
0.528205
0.510099
0.510099
0.517601
0.517601
0.513188
0.513188
0.519449
0.519449
0.522826
0.522826
0.531654
0.531654
0.532064
0.532064
0.527403
0.527403
0.529562
0.529562
-0.0377517
-0.0377517
-0.0407058
-0.0407058
-0.0157244
-0.0157244
-0.125502
-0.125502
-0.115801
-0.115801
-0.17694
-0.17694
-0.0519226
-0.0519226
0.0861906
0.0861906
0.0488875
0.0488875
0.24455
0.24455
0.350292
0.350292
0.0625502
0.0625502
-0.0497563
-0.0497563
-0.0216945
-0.0216945
0.0158693
0.0158693
0.188775
0.188775
0.214561
0.214561
0.0910658
0.0910658
0.179367
0.179367
0.167757
0.167757
0.151444
0.151444
0.252256
0.252256
0.257175
0.257175
-0.00634663
-0.00634663
-0.0106368
-0.0106368
-0.0132054
-0.0132054
-0.0152917
-0.0152917
0.0386552
0.0386552
0.108935
0.108935
0.11903
0.11903
0.0155046
0.0155046
0.0100645
0.0100645
-0.0170692
-0.0170692
-0.0169709
-0.0169709
-0.00355593
-0.00355593
-0.00831763
-0.00831763
-0.00471244
-0.00471244
0.0299554
0.0299554
-0.0399271
-0.0399271
-0.00694848
-0.00694848
0.00856128
0.00856128
0.0175153
0.0175153
0.0140803
0.0140803
0.00920579
0.00920579
0.523173
0.523173
0.525413
0.525413
0.525087
0.525087
0.532673
0.532673
0.550747
0.550747
0.566924
0.566924
0.523755
0.523755
0.503338
0.503338
0.494249
0.494249
0.497238
0.497238
0.4706
0.4706
0.480761
0.480761
0.476502
0.476502
0.489993
0.489993
0.510904
0.510904
0.520114
0.520114
0.517606
0.517606
0.520324
0.520324
0.503046
0.503046
0.504719
0.504719
0.491478
0.491478
0.495115
0.495115
0.470424
0.470424
0.451579
0.451579
0.439971
0.439971
-0.0313789
-0.0313789
0.0062018
0.0062018
-0.000237648
-0.000237648
-0.0290508
-0.0290508
0.000291414
0.000291414
-0.012337
-0.012337
0.00619017
0.00619017
0.0235736
0.0235736
0.00906111
0.00906111
0.00514693
0.00514693
-0.0041622
-0.0041622
-0.014099
-0.014099
-0.0121542
-0.0121542
-0.0666155
-0.0666155
0.0177847
0.0177847
-0.175158
-0.175158
-0.212184
-0.212184
-0.281924
-0.281924
0.897493
0.897493
1.02057
1.02057
0.820564
0.820564
0.594325
0.594325
0.6107
0.6107
0.853072
0.853072
0.939048
0.939048
0.557186
0.557186
0.745211
0.745211
0.769326
0.769326
0.589182
0.589182
0.854938
0.854938
0.532208
0.532208
0.531819
0.531819
0.529419
0.529419
0.528895
0.528895
0.530117
0.530117
-0.00105853
-0.00105853
0.101966
0.101966
0.105713
0.105713
0.164833
0.164833
0.281706
0.281706
0.394787
0.394787
0.319191
0.319191
0.194441
0.194441
0.326349
0.326349
0.329845
0.329845
0.624482
0.624482
0.637592
0.637592
0.593029
0.593029
0.616528
0.616528
0.616952
0.616952
0.435701
0.435701
0.511446
0.511446
0.564181
0.564181
0.520949
0.520949
0.571818
0.571818
0.592736
0.592736
0.549287
0.549287
0.581256
0.581256
0.531329
0.531329
0.486345
0.486345
0.482748
0.482748
0.432554
0.432554
0.452838
0.452838
0.429587
0.429587
0.411808
0.411808
0.522237
0.522237
0.499594
0.499594
0.510116
0.510116
0.500434
0.500434
0.519969
0.519969
0.54426
0.54426
0.541064
0.541064
0.573553
0.573553
0.584578
0.584578
0.504353
0.504353
0.46062
0.46062
0.470151
0.470151
0.500446
0.500446
0.460917
0.460917
0.475756
0.475756
0.491943
0.491943
0.234825
0.234825
0.135248
0.135248
0.219037
0.219037
-0.0693985
-0.0693985
0.00690854
0.00690854
-0.00743618
-0.00743618
-0.0549372
-0.0549372
-0.00686263
-0.00686263
0.278372
0.278372
-0.416222
-0.416222
-0.39167
-0.39167
-1.02234
-1.02234
0.505488
0.505488
0.967333
0.967333
0.653357
0.653357
0.62666
0.62666
0.706092
0.706092
0.687511
0.687511
0.692572
0.692572
0.711156
0.711156
0.715347
0.715347
0.644481
0.644481
0.661219
0.661219
0.663708
0.663708
0.625749
0.625749
0.649286
0.649286
0.6705
0.6705
0.667557
0.667557
0.533263
0.533263
0.398702
0.398702
0.394354
0.394354
0.346346
0.346346
0.217207
0.217207
0.254729
0.254729
0.455215
0.455215
0.377411
0.377411
0.302429
0.302429
0.303655
0.303655
0.46948
0.46948
0.35643
0.35643
0.425699
0.425699
0.462054
0.462054
0.393369
0.393369
0.347113
0.347113
0.551493
0.551493
0.616475
0.616475
0.60756
0.60756
0.581898
0.581898
0.498867
0.498867
0.512915
0.512915
0.537105
0.537105
0.57267
0.57267
0.598865
0.598865
0.630116
0.630116
0.51905
0.51905
0.524887
0.524887
0.526137
0.526137
0.523638
0.523638
0.520878
0.520878
0.523866
0.523866
0.524042
0.524042
0.526575
0.526575
0.527309
0.527309
0.530265
0.530265
0.529287
0.529287
-0.0261288
-0.0261288
-0.0147481
-0.0147481
-0.0281545
-0.0281545
-0.0355818
-0.0355818
-0.00496149
-0.00496149
-0.00918021
-0.00918021
0.0345667
0.0345667
0.0210464
0.0210464
0.00597157
0.00597157
0.0122159
0.0122159
-0.0144127
-0.0144127
-0.0186002
-0.0186002
-0.0135456
-0.0135456
-0.00440798
-0.00440798
0.112602
0.112602
0.125128
0.125128
0.108971
0.108971
0.0697208
0.0697208
0.257924
0.257924
0.38867
0.38867
0.460793
0.460793
0.337546
0.337546
0.2306
0.2306
0.254433
0.254433
0.276085
0.276085
0.00601903
0.00601903
0.0331103
0.0331103
0.0203381
0.0203381
0.0589389
0.0589389
0.0504084
0.0504084
-0.0142116
-0.0142116
-0.0178976
-0.0178976
-0.0172148
-0.0172148
-0.00878663
-0.00878663
0.000955248
0.000955248
-0.0184871
-0.0184871
-0.0228519
-0.0228519
-0.0130874
-0.0130874
-0.017754
-0.017754
-0.0186303
-0.0186303
-0.0237085
-0.0237085
0.505551
0.505551
0.499107
0.499107
0.500706
0.500706
0.494673
0.494673
0.493406
0.493406
0.507502
0.507502
0.511727
0.511727
0.513669
0.513669
0.519055
0.519055
0.521225
0.521225
0.511531
0.511531
0.517119
0.517119
0.520815
0.520815
0.006197
0.006197
-0.0191308
-0.0191308
-0.0222218
-0.0222218
-0.00881763
-0.00881763
-0.0143937
-0.0143937
-0.0139183
-0.0139183
-0.0140175
-0.0140175
0.126676
0.126676
0.0553055
0.0553055
0.0597719
0.0597719
0.0141377
0.0141377
-0.114838
-0.114838
-0.0571992
-0.0571992
0.49368
0.49368
0.493297
0.493297
0.487228
0.487228
0.723163
0.723163
0.573113
0.573113
0.49317
0.49317
0.590129
0.590129
0.695279
0.695279
0.277693
0.277693
0.47643
0.47643
0.309795
0.309795
0.892865
0.892865
0.787022
0.787022
0.933517
0.933517
0.546722
0.546722
0.247562
0.247562
0.406963
0.406963
0.455848
0.455848
0.26464
0.26464
0.337433
0.337433
0.334874
0.334874
0.221967
0.221967
0.2542
0.2542
0.288714
0.288714
0.390519
0.390519
0.269178
0.269178
0.244666
0.244666
0.0019925
0.0019925
0.190742
0.190742
0.305837
0.305837
0.287096
0.287096
0.414592
0.414592
0.47686
0.47686
0.266437
0.266437
0.188039
0.188039
0.142117
0.142117
0.613342
0.613342
0.631422
0.631422
0.64687
0.64687
0.620426
0.620426
0.641395
0.641395
0.582947
0.582947
0.571131
0.571131
0.589392
0.589392
0.599304
0.599304
0.594901
0.594901
-0.749632
-0.749632
-0.456233
-0.456233
-1.40172
-1.40172
-0.718586
-0.718586
-0.26608
-0.26608
0.536526
0.536526
0.502307
0.502307
0.775684
0.775684
0.656465
0.656465
0.710927
0.710927
0.695134
0.695134
0.652416
0.652416
0.61965
0.61965
0.637643
0.637643
0.665827
0.665827
0.359895
0.359895
0.471291
0.471291
0.446156
0.446156
0.451167
0.451167
0.352373
0.352373
0.283821
0.283821
0.585196
0.585196
0.579393
0.579393
0.614311
0.614311
0.637736
0.637736
0.606687
0.606687
0.637971
0.637971
0.516825
0.516825
0.516498
0.516498
0.51607
0.51607
0.512368
0.512368
0.51063
0.51063
0.512924
0.512924
0.0734057
0.0734057
0.0427739
0.0427739
0.0773989
0.0773989
0.0584616
0.0584616
0.0357959
0.0357959
0.0243371
0.0243371
0.0121317
0.0121317
0.00198853
0.00198853
-0.00571505
-0.00571505
-0.00690551
-0.00690551
0.00821155
0.00821155
0.0127703
0.0127703
0.171309
0.171309
0.111483
0.111483
0.0324199
0.0324199
0.0621213
0.0621213
0.00224355
0.00224355
-0.0655359
-0.0655359
-0.0832521
-0.0832521
0.0179521
0.0179521
0.112531
0.112531
0.103063
0.103063
0.408776
0.408776
0.66054
0.66054
0.480465
0.480465
0.647802
0.647802
0.488951
0.488951
0.544665
0.544665
0.476852
0.476852
0.469035
0.469035
0.495728
0.495728
0.384323
0.384323
0.463759
0.463759
0.242904
0.242904
-0.264431
-0.264431
-0.17254
-0.17254
0.792943
0.792943
0.808101
0.808101
0.590909
0.590909
0.409967
0.409967
0.178419
0.178419
0.362266
0.362266
0.554931
0.554931
0.487837
0.487837
0.525304
0.525304
0.594571
0.594571
0.584128
0.584128
0.0237839
0.0237839
0.0863035
0.0863035
0.359228
0.359228
0.586496
0.586496
0.241317
0.241317
0.232766
0.232766
0.226834
0.226834
0.405842
0.405842
0.326932
0.326932
))
(300 (2 1 3 0 0 1 918)(
0.985163 -0.000503701 0 
0.0050135 2.96625 0 
0.0076903 0.864471 0 
0.979703 0.00214759 0 
-0.011572 2.06105 3.51339e-20 
-0.00704466 2.94879 -2.50908e-18 
0.812413 1.15039 4.35367e-19 
0.223186 0.109857 -1.5663e-20 
0.999907 -0.000282695 0 
0.0622396 0.786762 0 
0.0137595 0.593556 0 
0.734708 -0.0172765 0 
0.0110903 2.93039 0 
0.00252377 2.79499 0 
-0.0176039 3.15324 7.71646e-19 
-0.020921 1.9087 -7.57689e-22 
0.295903 0.0339249 1.03423e-18 
0.187721 1.15951 3.0845e-19 
0.962754 0.00501763 0 
-0.00922346 0.526602 0 
0.0322047 0.146864 -7.39586e-19 
1.00198 -0.00497888 0 
1.00022 -0.00978985 0 
0.975729 -0.00643999 0 
0.583123 -0.0381487 0 
0.0153288 2.64074 0 
-0.0149075 2.91002 9.26069e-19 
0.00939211 0.928956 0 
-0.00757092 1.17248 0 
0.0105264 0.908155 0 
-0.0137713 2.60956 0 
-0.00109543 2.11638 -2.80575e-20 
-0.0106175 1.88775 0 
-0.0206143 2.9876 -9.03079e-23 
-0.0166892 3.00529 1.95007e-18 
0.00210038 3.00018 0 
0.870972 -0.00957659 0 
0.404997 0.937941 1.84094e-19 
0.792717 1.16701 -4.91071e-19 
0.941464 1.00814 5.32708e-19 
0.664465 1.25872 -1.00442e-19 
0.665595 1.24067 5.80841e-19 
0.259707 0.179719 1.52806e-20 
0.236731 0.0833391 0 
1.14146 0.553249 0 
0.227691 0.171361 6.97294e-20 
0.194753 0.108621 -7.23565e-20 
0.919825 -0.00744373 0 
1.00026 0.000156618 0 
0.99991 0.000336291 0 
1.00363 -0.00776778 0 
1.00096 -0.00092082 0 
1.00017 3.22257e-05 0 
0.0758364 1.8166 -7.99312e-19 
0.0298099 0.97797 0 
0.0951713 0.857073 0 
0.0132562 0.931646 0 
0.0363962 0.717412 0 
0.0112005 2.00333 0 
0.00066917 0.831275 0 
0.00861131 0.605836 0 
0.00026435 0.819953 0 
0.0122472 0.582756 0 
0.839792 -0.01586 0 
0.844459 0.0301027 0 
0.767615 -0.00622573 0 
0.812821 0.039804 0 
0.704834 -0.0196313 0 
0.0146883 3.0004 9.30644e-19 
0.0114987 3.008 0 
0.00611793 3.00277 0 
0.0135323 2.99734 1.05671e-23 
0.00797732 2.95848 -1.38317e-18 
0.0144905 2.98207 0 
0.0108422 2.9036 0 
0.0245081 2.93089 2.1292e-24 
0.0046145 2.82484 0 
0.0302369 2.9164 0 
-0.00517797 2.74501 0 
0.307291 3.54875 0 
-0.131753 3.62993 0 
0.139062 3.24356 -7.18097e-19 
-0.0129215 2.97996 0 
-0.0217439 1.99304 0 
-0.0070645 2.16833 7.47307e-22 
-0.0131893 1.91508 -1.05213e-20 
0.396804 0.144153 -3.58276e-19 
0.310109 0.0193804 -3.46832e-19 
0.36881 0.15276 -1.07684e-18 
0.274369 0.0413088 -7.07294e-19 
0.225411 0.969 0 
0.268991 1.3054 -3.62678e-19 
0.362095 1.23677 6.04439e-19 
0.987464 0.00855695 0 
0.941911 0.00583475 0 
1.0003 0.000578588 0 
1.00286 0.00930652 0 
1.00302 0.00846272 -2.77375e-18 
0.991912 0.00969916 2.09465e-18 
-0.00460523 0.805018 0 
-0.0034743 0.532054 0 
-0.0323825 0.989 0 
-0.0193333 0.831744 0 
0.00191559 0.519924 0 
0.0555414 0.149541 2.28482e-19 
0.119075 0.12407 0 
0.993544 -0.00837821 0 
0.954435 -0.00652392 0 
0.7583 0.04666 0 
0.693717 0.0572528 0 
0.664261 -0.0316557 0 
0.965426 -0.00797268 0 
0.608539 0.0765875 0 
0.44442 -0.0110805 1.54813e-18 
-0.0372356 2.86234 6.92175e-19 
0.0415762 2.90944 0 
0.0537582 2.88571 0 
-0.00446197 2.6999 0 
-0.0132628 2.98524 8.7779e-19 
-0.0179 2.89514 0 
-0.01536 2.9881 -2.71979e-18 
-0.0133489 2.9252 9.3061e-19 
-0.0115803 1.34285 0 
0.00942285 1.37332 0 
-0.00739321 2.13636 3.27669e-22 
-0.00567938 2.09642 0 
-0.02337 1.89782 0 
0.93824 -0.00755468 0 
0.856849 -0.00984734 0 
0.863341 0.00604225 0 
0.949367 -0.00793185 0 
0.883811 -0.00814471 0 
0.516945 1.13134 -2.32342e-19 
0.566152 1.18242 0 
0.369204 0.882819 3.42473e-20 
0.311412 0.741729 0 
0.902171 1.04745 -1.46213e-19 
1.01671 0.855153 2.93284e-19 
0.35412 1.35478 0 
0.520281 1.31894 0 
0.541763 1.26753 0 
0.117987 0.183894 -3.03132e-19 
0.290927 0.171326 0 
0.259127 0.0804317 1.99777e-19 
0.988877 0.910774 0 
1.06192 0.766073 0 
1.08608 0.707268 -2.27411e-19 
1.1213 0.612607 0 
1.1731 0.399554 5.59219e-20 
0.957617 -0.00878382 0 
0.962434 -0.0100869 0 
0.901605 -0.00794993 0 
0.984182 -0.00916531 0 
0.974669 -0.00936644 0 
0.93709 -0.00636658 0 
1.00019 0.00233579 0 
1.0009 0.00141054 0 
0.99991 0.000852323 0 
0.0350255 2.06869 4.41828e-19 
0.120057 1.75955 0 
0.0171906 2.18334 6.85609e-19 
0.0484382 1.87049 -5.76833e-19 
0.102311 1.1676 -2.52407e-19 
0.0449132 1.05382 0 
0.143106 1.00922 0 
0.00803403 0.890728 0 
0.0144053 0.667234 0 
-0.00128469 2.23585 -1.08558e-21 
0.0202195 2.00764 0 
-0.00152604 2.23842 -4.65878e-20 
0.0119109 2.01323 7.9994e-20 
0.0042952 0.862189 0 
0.00239882 0.84378 0 
0.00780498 0.632292 0 
0.00624351 0.808431 0 
0.00613039 0.567948 0 
0.93674 0.00943235 0 
0.847759 -0.0150578 0 
0.926395 0.000105725 0 
0.841205 -0.0129457 0 
0.812013 0.000133076 0 
0.900514 0.0207404 0 
0.875915 0.025327 0 
0.788874 -0.00261743 0 
0.00578454 3.06492 -8.69993e-21 
0.01669 3.05775 0 
0.0147175 2.96905 0 
0.00868883 2.87621 0 
0.924032 3.9639 0 
1.23834 3.29702 9.29742e-19 
0.0698422 3.07203 0 
-0.028562 2.90384 0 
-0.00330823 1.3912 0 
-0.0232968 1.69725 0 
-0.0109057 1.52845 0 
-0.0287917 2.56495 -5.46211e-21 
-0.0103279 2.25099 0 
-0.0178857 2.40154 0 
0.00326751 1.94116 1.86811e-21 
-0.00331745 2.23827 7.58841e-21 
-0.00493767 2.20311 1.05574e-20 
-0.00556345 1.92742 0 
0.435687 0.126218 5.43733e-19 
0.353156 0.0108711 -5.33761e-19 
0.260033 1.58079 0 
0.27367 0.742918 -3.16825e-19 
0.177082 1.66676 -1.0597e-18 
0.226747 1.20891 1.06218e-18 
0.902148 0.00643745 0 
0.967464 0.011084 0 
0.97459 0.0107868 0 
0.923388 0.00644507 0 
-0.00261589 0.807362 0 
-0.000945062 0.804469 0 
0.0070681 0.543213 0 
0.19452 0.163144 6.43625e-19 
0.162017 0.149039 -7.60857e-19 
0.161036 0.114072 0 
1.09086 0.0841212 2.8183e-20 
1.07316 0.0382148 0 
1.00753 0.0389839 0 
0.903168 -0.00650795 0 
0.477915 0.107455 0 
0.529004 0.0876293 -2.47546e-18 
0.395053 0.00662066 9.26955e-19 
0.00894939 2.98123 7.40476e-19 
-0.0323011 2.86595 4.78018e-20 
0.00360719 3.05024 -1.84022e-20 
0.0201942 3.04337 6.54301e-19 
-0.0150148 2.99658 3.05441e-20 
-0.0129344 2.94946 -1.22904e-22 
-0.0172543 3.01195 -5.6474e-19 
0.0148331 3.02389 4.08637e-19 
0.0073534 3.03678 -6.47564e-19 
0.933192 -0.00150608 0 
0.938938 -0.003447 0 
0.845048 -0.00938366 0 
0.95664 0.0118257 0 
0.942878 0.0131068 0 
0.881694 0.00598049 0 
0.917584 0.0167613 0 
0.926256 0.014824 0 
0.838565 0.00309947 0 
0.71978 1.40916 3.72029e-20 
0.753109 1.51798 0 
0.186474 0.324408 7.19705e-20 
0.222953 0.664526 5.8106e-19 
0.261876 0.722153 -3.38399e-19 
0.265941 0.532557 6.72674e-19 
0.339882 0.799505 1.59391e-18 
0.13691 0.225541 3.74936e-19 
0.341598 0.165618 7.50135e-19 
0.317924 0.171093 1.95804e-19 
0.26671 0.0609333 3.7252e-19 
1.1623 0.457086 4.54613e-20 
1.17987 0.253017 4.05015e-20 
0.00935546 2.23042 2.67715e-19 
0.0430758 1.93764 0 
0.967071 0.0286622 0 
0.940871 0.0134232 0 
0.865923 -0.0184297 0 
0.0111903 3.07419 0 
0.0196669 2.94414 1.20113e-18 
0.0164359 2.95627 0 
0.0064135 2.85058 -1.1913e-18 
0.00636747 3.0915 2.91705e-19 
0.00719703 3.08262 0 
0.786113 1.8201 -1.59173e-19 
1.24626 2.49692 4.05282e-19 
0.768162 1.95957 -1.23436e-18 
0.0198331 2.98074 -6.40512e-19 
0.0356227 3.00025 0 
-0.0342655 2.87723 0 
-0.00326044 2.2183 -1.3119e-20 
-0.00292542 2.24079 -2.18782e-20 
0.00561118 1.97519 -7.70963e-21 
0.276994 1.38852 1.03055e-18 
0.232368 0.532091 -7.06877e-19 
0.063367 1.99344 7.76796e-19 
0.135843 1.88123 -9.23241e-19 
0.180003 1.50117 9.29798e-20 
0.00378769 3.11797 -1.76684e-18 
0.016565 3.1181 1.89039e-18 
-0.00914726 2.98073 8.09718e-19 
-0.00334286 2.97724 -7.67622e-19 
-0.0213878 2.88137 -8.24675e-19 
0.00866803 3.09871 -2.16926e-18 
0.00188591 3.10689 2.11801e-18 
0.277141 0.68976 0 
0.243148 0.679559 -1.20072e-18 
0.0966318 0.225272 5.32706e-19 
0.353569 0.92527 1.11312e-18 
0.192101 0.270327 -1.71618e-18 
1.1744 0.172044 6.87398e-20 
1.18045 0.306885 0 
1.16288 0.120608 -1.38096e-20 
0.000362438 2.24724 -1.73232e-21 
0.0037907 2.23971 0 
0.028353 1.97354 0 
0.34013 1.29719 -3.70641e-19 
0.371351 1.13665 -8.02517e-19 
0.206243 0.369679 1.42933e-18 
1.00587 -0.0108501 0 
1.00766 -0.00764532 5.11839e-19 
-0.00910652 1.32076 0 
-0.0253496 1.30772 0 
1.00222 0.00350571 1.80678e-21 
1.00367 0.00945532 1.04478e-18 
-0.0169816 2.54844 6.91766e-21 
-0.0231257 2.59123 0 
0.035371 3.17783 4.27189e-19 
0.39358 3.48838 0 
1.16644 0.653092 -6.50723e-20 
1.01289 0.013102 -2.14651e-21 
1.02128 -0.0103502 0 
1.0017 0.000119418 7.53969e-23 
0.103068 1.35987 0 
0.143967 2.57521 0 
0.0226214 1.30212 0 
0.000127202 2.62347 4.55016e-20 
-0.0203286 2.58059 1.80513e-20 
1.00054 0.0291576 2.50067e-21 
1.06226 0.00402382 0 
1.09584 0.023851 0 
-0.0221635 1.7366 0 
-0.017308 2.58798 0 
0.00237346 1.3029 0 
0.298207 1.47245 -1.61219e-19 
1.01128 -0.00964135 0 
1.00939 -0.014921 0 
1.00237 0.000736269 6.54076e-19 
1.00547 -0.0048178 -7.68731e-19 
1.00118 -0.000993523 0 
-0.00420133 1.45779 0 
-0.00290327 1.36621 0 
-0.000439362 1.41408 0 
-3.17321e-05 1.29073 0 
-0.00885132 1.2692 0 
-0.00107308 1.25137 0 
1.03475 -0.00626538 0 
1.02021 0.0156671 -8.82927e-22 
0.809464 1.26459 2.49371e-19 
1.00224 0.000309019 -6.5157e-19 
1.00407 0.0052485 7.62701e-19 
1.00117 0.002065 0 
1.01278 0.0103187 6.48406e-19 
1.008 0.00829487 -7.85536e-19 
1.00858 0.0146859 0 
-0.0230122 2.61764 0 
-0.0247727 2.59827 -1.19469e-20 
-0.0224065 2.61187 8.60723e-21 
1.23123 0.262522 6.07928e-19 
1.15792 0.0845892 0 
0.0420871 3.07762 -9.44628e-19 
0.0650318 2.85503 -6.87344e-20 
0.140796 3.19239 1.44616e-18 
0.136101 3.22083 -2.09648e-19 
0.134682 3.23259 0 
0.0194316 3.13729 2.44396e-19 
0.0755695 3.16032 9.31838e-19 
0.0684397 3.18568 -4.60514e-19 
0.0219209 3.12995 0 
0.616252 0.278839 0 
0.545266 0.322308 0 
1.1358 0.688811 1.54483e-19 
1.1313 0.809616 -1.45894e-19 
1.19315 0.577 0 
1.22158 0.512644 0 
1.01611 0.0133306 -1.20874e-18 
1.01499 0.0142618 1.51724e-18 
1.02527 -0.00989575 0 
1.02333 -0.0119127 0 
1.00643 0.00258696 0 
1.01041 0.00370286 0 
1.00457 0.00184579 0 
1.0098 0.00620321 0 
1.00783 0.00594988 0 
1.00451 0.00467268 0 
0.0916386 1.35715 0 
0.0857374 1.32724 0 
0.122591 1.39318 0 
0.137458 1.40347 0 
0.144688 2.59999 0 
0.185177 2.66824 -4.34859e-19 
0.100309 2.65586 0 
0.0846864 2.65809 2.09257e-19 
0.0385791 2.67886 -1.71992e-19 
0.018423 1.31451 0 
0.0210032 1.24759 0 
0.0183722 1.32712 0 
0.032693 1.26867 0 
0.00230622 1.98128 -1.32483e-20 
-0.0189318 2.60857 -1.28979e-21 
-0.00798107 2.66482 3.51704e-20 
-0.0173939 2.6843 0 
-0.0215354 2.61487 -4.07836e-20 
-0.0216834 2.60981 -8.3487e-21 
0.0116443 1.98002 1.24784e-20 
-0.00578234 2.39506 1.73059e-21 
-0.0125422 2.41737 -3.98917e-20 
1.01065 0.0370489 1.23318e-18 
1.00594 0.0161867 -1.52324e-18 
1.00183 0.0441778 -1.23418e-18 
0.978666 0.0220872 1.57469e-18 
1.06348 0.00781718 0 
1.04878 -0.00855892 0 
1.09291 0.0339347 0 
1.07331 0.0121681 0 
1.07109 -8.73045e-05 0 
1.13839 0.0811524 0 
1.10978 0.0432904 0 
1.11288 0.0312776 0 
-0.0222818 2.43864 -1.12011e-22 
-0.00771201 2.01223 0 
-0.0133401 2.2201 0 
-0.0188699 2.60835 -3.716e-21 
-0.0167297 2.61711 -1.16231e-22 
0.00901832 1.56556 -2.21014e-20 
0.00223205 1.4951 2.2488e-20 
-0.00572601 1.38512 0 
-0.00831967 1.3911 0 
-0.00962577 1.3853 0 
0.00460877 1.30498 0 
0.0141543 1.23768 0 
0.378135 1.48865 2.60814e-19 
0.41875 1.49123 1.40595e-19 
0.597989 2.45043 -2.41043e-19 
0.400694 2.54536 7.11216e-19 
0.35113 2.06461 7.31322e-20 
1.021 -0.00817853 0 
1.01547 -0.0097824 0 
1.01489 -0.0155105 0 
1.00744 -0.00114429 0 
1.00494 -0.000933023 0 
1.00776 -0.00474035 0 
1.00925 -0.00368575 0 
1.01418 -0.00444674 0 
1.02095 0.0161635 1.1836e-18 
1.01789 0.0156504 -1.51574e-18 
1.02133 0.0181443 -1.19245e-18 
1.01915 0.0168619 1.4899e-18 
0.772131 1.31499 0 
0.708067 1.36596 2.34182e-19 
0.885889 1.21305 8.71878e-20 
0.931332 1.15955 -1.15987e-19 
1.15785 2.60614 2.90286e-19 
0.789988 0.11657 6.04104e-19 
1.1608 0.106423 0 
1.20791 0.190832 -4.88611e-19 
1.1936 0.15261 -2.07098e-20 
1.00515 0.15229 0 
0.13311 2.95944 5.54131e-19 
0.110108 2.86538 -1.19974e-18 
0.0196424 2.37516 8.05924e-19 
0.0903406 -0.0698386 -3.56662e-19 
0.338587 3.41794 -2.07131e-19 
0.193407 3.3111 0 
0.236461 3.35252 2.69756e-19 
0.242824 3.03264 -1.83348e-18 
0.337206 3.1916 0 
0.00564597 3.12112 4.74559e-20 
0.0161593 3.12972 -5.58284e-19 
0.0141371 3.12579 8.21679e-19 
0.0347594 3.14001 0 
0.0331824 3.15036 0 
1.21517 2.60457 0 
0.544299 0.822418 -5.36052e-19 
1.05631 0.982352 2.54843e-21 
0.990972 1.06643 0 
0.844507 0.968023 -1.15347e-19 
1.0816 0.882405 2.84522e-20 
0.353151 0.369088 -9.17808e-19 
0.671974 0.312275 -2.021e-20 
0.617306 0.21944 4.25932e-19 
0.56891 0.356515 3.14094e-20 
0.476499 0.317745 -1.2639e-18 
0.639651 0.322362 0 
0.700418 0.415274 7.23426e-19 
0.709152 0.418044 0 
0.602768 0.348018 0 
0.5543 0.264546 0 
0.810137 0.614612 4.26784e-19 
1.23124 0.284682 -5.13547e-19 
1.22957 0.422633 0 
1.23969 0.362621 0 
0.725113 0.189399 6.32297e-19 
0.856753 0.539706 -3.92302e-19 
0.753671 0.510078 6.95645e-19 
0.951757 0.433189 -7.64274e-19 
1.01952 0.014798 8.12891e-19 
1.01774 0.014271 -8.17907e-19 
1.01592 0.0154756 0 
1.0362 -0.00580722 0 
1.02972 -0.00849931 -7.66336e-19 
1.02777 -0.0120408 7.58748e-19 
1.02496 0.0101026 0 
1.02354 0.0137691 0 
1.01141 0.00409641 0 
1.01425 0.00906249 0 
1.01514 0.00403966 0 
1.01424 0.00280743 0 
0.06288 1.34247 0 
0.0650823 1.29736 0 
0.143448 1.368 -3.45244e-21 
0.271474 1.46933 8.30204e-20 
0.164589 1.44051 1.7258e-19 
0.196581 1.44749 -2.82723e-19 
0.164613 1.39292 0 
0.130629 1.5951 -8.26517e-20 
0.114506 1.56899 0 
0.348753 2.01677 -1.0632e-19 
0.34473 2.34926 6.2721e-19 
0.187536 1.45279 7.20682e-20 
0.261419 1.38302 1.93133e-20 
0.196514 1.37241 -1.5633e-20 
0.272115 1.32589 -1.09393e-19 
0.239893 1.57792 0 
0.262386 1.61723 1.17483e-19 
0.0295595 2.26493 -3.60456e-20 
0.0425307 2.66856 0 
0.0646395 2.40197 1.48894e-19 
0.0608769 2.42233 0 
0.068842 2.67142 -2.31786e-19 
0.0487887 2.69876 0 
0.0273637 1.41773 1.11835e-20 
0.0337121 1.47011 0 
0.028416 1.38737 0 
0.0240098 1.39002 -1.26182e-20 
0.000532114 2.65125 -1.70237e-20 
0.0291437 2.69686 1.95857e-19 
0.0106835 2.72116 1.38132e-21 
0.00347637 1.82829 1.24091e-20 
-0.0030616 1.68061 4.51478e-21 
0.012585 1.29308 0 
0.0181343 1.21971 0 
0.0455981 1.57818 -1.8419e-21 
0.0284982 1.45277 -8.07357e-21 
0.0358059 1.51733 9.97316e-21 
0.038291 1.60211 0 
-0.0253495 2.26991 6.45586e-20 
-0.026038 2.55369 -2.66051e-20 
-0.0132426 2.44815 -5.46646e-23 
-0.000361991 1.84463 -1.50409e-20 
-0.0227021 2.49908 -4.82519e-21 
-0.0189222 2.4413 2.75419e-20 
1.01923 0.0209929 -8.07924e-19 
1.01526 0.0267496 8.12822e-19 
1.01429 0.0161893 0 
1.01229 0.0708809 1.1415e-18 
0.989797 0.0595951 -1.28439e-18 
0.947197 0.0443077 1.43859e-18 
1.01361 0.10906 -1.52169e-19 
1.04252 -0.00584982 0 
1.05073 -0.00161958 7.31334e-19 
1.03881 -0.00996215 -7.32859e-19 
1.07058 0.0415585 -4.35514e-20 
1.06418 0.0230585 3.75391e-19 
1.06319 0.0551964 0 
1.05324 0.0486221 -1.34933e-19 
1.03242 0.04173 0 
1.02574 0.038197 0 
1.02782 0.0130954 0 
1.0241 0.0158581 0 
1.03994 0.031816 2.77838e-19 
1.03883 0.026467 -6.13922e-19 
1.05073 0.0333696 -2.9461e-19 
1.04806 0.033391 -3.24357e-19 
1.07042 0.0629361 6.33718e-19 
1.09554 0.0511194 0 
1.10368 0.094563 0 
-0.0196208 2.2756 4.10837e-20 
-0.0171297 2.01645 -5.1755e-22 
-0.0135351 2.02307 0 
-0.0237627 2.4497 -4.08857e-20 
-0.018198 2.40662 6.32059e-22 
-0.0299716 2.47962 3.35378e-21 
-0.019135 2.62368 6.86972e-21 
-0.0196702 2.56577 -1.16284e-21 
-0.0182657 2.51546 2.66111e-21 
-0.014354 2.61919 9.61213e-22 
-0.0194618 2.62034 3.10395e-22 
0.00158994 1.48121 -3.70244e-22 
0.0102803 1.61464 -1.77095e-20 
0.363763 1.43469 -1.09213e-19 
0.364911 1.37219 4.05808e-20 
0.650239 1.41595 -2.26615e-19 
0.518264 1.48331 -1.38161e-19 
0.574922 1.44994 0 
0.593729 2.4273 2.08706e-19 
0.661398 2.42074 3.39423e-19 
0.410942 2.51777 8.60903e-20 
0.402741 2.54389 -6.23613e-19 
0.511262 2.4873 6.18277e-19 
0.553277 2.46422 0 
0.489158 2.52024 -5.647e-19 
0.247791 2.59312 1.16891e-18 
0.354057 2.56643 -7.95911e-20 
0.283939 2.65462 -1.61122e-18 
0.946137 2.38089 7.30667e-19 
0.837643 2.38539 0 
1.01104 0.000463281 2.65351e-20 
1.01528 -0.00545296 -2.15326e-20 
1.01763 -0.00358455 -3.93319e-19 
1.01498 -0.000929489 3.95389e-19 
1.01241 0.00114218 0 
0.639341 1.2875 0 
0.66459 1.18447 0 
0.775664 1.09646 0 
0.657221 1.14803 0 
1.18721 2.62022 5.91043e-20 
1.07603 2.36703 0 
0.838686 2.17857 3.8499e-21 
0.826086 2.44361 0 
0.923272 2.53528 -4.24938e-19 
0.958896 2.49099 2.82766e-19 
0.81071 0.174958 0 
0.768564 0.148969 1.6411e-19 
0.917888 0.146188 9.56073e-19 
0.833134 0.148238 -3.57718e-19 
0.796076 0.0842246 -1.10327e-18 
1.07888 0.235206 -9.14553e-19 
0.993841 0.293323 -1.60963e-20 
0.92872 0.29515 8.77928e-19 
1.00617 0.224446 7.3398e-19 
0.951367 0.191321 -1.26874e-18 
0.915983 0.193294 1.58561e-19 
0.954985 0.257169 -3.37745e-19 
0.930712 0.21893 0 
0.992588 0.185986 6.26066e-19 
1.04634 0.188178 0 
1.04217 0.214909 0 
1.105 0.118011 2.94719e-19 
1.07026 0.176052 -1.44369e-20 
1.07339 0.236357 -1.60644e-19 
1.10191 0.202619 0 
1.02284 0.0458752 6.268e-19 
1.03993 0.0586406 7.81636e-19 
1.0338 0.0443585 -6.21769e-19 
1.04277 0.0653377 -5.23809e-19 
1.01891 0.0731218 -8.02633e-19 
0.988104 0.159069 0 
0.998705 0.105461 0 
0.965266 0.0672573 -5.12668e-19 
0.911413 0.0905367 2.01372e-19 
1.03894 0.104557 7.24472e-19 
1.06875 0.120909 -8.50349e-19 
1.07543 0.154012 7.59648e-19 
1.02881 0.144125 0 
1.07461 0.109325 0 
1.05476 0.0904423 -3.47918e-19 
1.04417 0.0952054 -5.92877e-19 
0.583253 1.07348 1.4139e-19 
0.611093 1.39978 -4.29019e-20 
1.15735 2.73574 -2.29175e-19 
1.22351 3.07742 1.93299e-21 
1.24946 2.71899 -1.32911e-19 
1.27886 2.70259 -2.91324e-20 
1.20702 2.34357 -1.05593e-20 
1.21097 2.98152 -9.43793e-20 
1.23065 2.9469 2.36251e-19 
1.21421 3.23078 -1.43159e-19 
1.37457 2.96259 1.97921e-19 
1.36445 2.88086 0 
0.553092 0.830268 -5.0438e-20 
0.127813 1.24329 5.78214e-19 
0.54053 0.414487 5.94226e-19 
0.379625 0.163013 6.53829e-19 
0.509494 0.354663 7.14136e-19 
0.544546 0.456222 -1.15048e-18 
0.546886 0.456552 9.40243e-19 
0.487674 0.368855 -3.59865e-19 
0.395093 0.300605 8.15573e-19 
0.731686 0.256329 -3.62907e-19 
0.692158 0.279705 0 
0.662961 0.198108 8.25697e-21 
0.7349 0.505324 3.80495e-19 
0.706984 0.47369 -1.38719e-18 
0.614828 0.455693 1.39587e-20 
0.620784 0.444329 0 
0.683276 0.720923 4.04777e-19 
0.84503 0.772381 4.09114e-19 
0.768143 0.854931 -4.78325e-19 
0.890723 0.808716 -1.61601e-19 
0.920612 0.852261 -3.98987e-20 
0.928092 0.852019 4.08598e-20 
0.855795 0.648287 -7.07251e-19 
0.93803 0.703828 1.50129e-19 
0.995491 0.718768 0 
0.986552 0.69594 -2.04543e-19 
1.02338 0.333193 2.20245e-19 
1.14389 0.299814 3.00689e-19 
1.06564 0.27235 3.74147e-19 
1.00982 0.364943 -4.4392e-19 
1.05963 0.430699 0 
1.11811 0.415739 0 
0.918525 0.366802 4.99183e-21 
0.841553 0.298816 0 
0.881593 0.294412 4.13754e-19 
0.909328 0.302035 -5.62172e-21 
0.945772 0.43582 2.13007e-18 
0.904898 0.493246 5.50242e-19 
0.907803 0.458621 -5.85464e-19 
0.827903 0.443086 6.27025e-19 
0.810707 0.43569 3.76533e-19 
0.779919 0.417044 -3.70189e-19 
1.02727 -0.000378496 6.55231e-19 
1.02 -6.86434e-05 0 
1.0185 0.000866355 4.27181e-19 
1.0217 -0.00170293 -9.67683e-19 
1.0223 0.00431073 4.70033e-19 
1.02037 0.0112744 -9.84426e-19 
1.02131 0.0106603 0 
1.02061 0.0109065 -2.05132e-19 
1.01597 0.00771899 5.14624e-19 
1.01669 0.0104829 -2.56774e-19 
1.01739 0.00983099 1.8911e-19 
0.0279349 1.31826 0 
0.0335404 1.36056 0 
0.043887 1.32033 0 
0.0448458 1.27606 0 
0.0705522 1.38306 -1.84565e-20 
0.0777702 1.35318 1.2701e-20 
0.110753 1.51787 -2.0558e-20 
0.0935862 1.36458 9.86504e-22 
0.0330597 1.45749 -1.22042e-20 
0.0369784 1.45025 9.60114e-21 
0.0620909 1.36764 -7.94139e-21 
0.0542264 1.36951 2.22191e-20 
0.047523 1.34535 3.12135e-21 
0.0384204 1.36884 -1.63901e-22 
0.105917 2.37317 -1.64521e-19 
0.0949766 2.42002 0 
0.169352 2.04838 1.12249e-19 
0.108586 1.70891 4.50513e-20 
0.23057 2.04401 -9.23308e-20 
0.203405 2.43721 0 
0.264306 2.38787 -6.1057e-19 
0.303205 2.38575 4.32591e-19 
0.229557 2.0043 -2.56786e-19 
0.152952 2.16491 1.71977e-19 
0.142349 2.27608 0 
0.016552 1.87643 -2.22335e-20 
-0.00159917 2.39452 -6.92864e-20 
0.00429036 2.14934 0 
0.010107 2.45739 -1.34876e-20 
0.0258098 2.30234 2.26005e-20 
0.0166118 1.39904 -2.9091e-21 
0.0168868 1.38538 5.2552e-20 
0.017548 1.39008 -1.92267e-20 
0.0209367 1.39037 -1.25211e-20 
0.0266731 1.4216 0 
0.0148908 1.37225 0 
0.00866566 1.29177 -2.43767e-20 
0.0126287 1.36272 6.25215e-21 
0.0148527 1.36343 0 
0.0113482 1.2831 -1.75308e-20 
0.0201359 1.21639 3.6983e-20 
1.04053 0.0115051 0 
1.04652 0.00778384 -6.8622e-20 
1.03854 0.0214525 -4.9495e-19 
1.04816 0.0203219 0 
1.05205 0.0201783 0 
1.03626 0.0116574 -6.70621e-21 
1.03096 0.0114984 7.9515e-19 
1.03173 0.0163945 9.63766e-19 
1.02569 0.0202851 0 
1.02277 0.0206824 0 
1.0351 0.025215 4.93466e-19 
1.02594 0.0264342 0 
1.02414 0.026455 0 
-0.014359 2.01696 0 
0.00873317 1.64544 -3.48998e-21 
0.000428119 1.752 -2.34165e-20 
0.00530087 1.37365 0 
-0.00102792 1.54424 -7.15688e-21 
6.32612e-05 1.45114 6.09638e-21 
0.00123219 1.38416 0 
0.391876 1.66511 0 
0.368349 1.30147 -7.71871e-20 
0.302945 1.34331 0 
0.422007 1.30281 1.64892e-20 
0.46764 1.46017 0 
0.44883 1.40573 1.96369e-20 
1.03654 2.68422 -1.55022e-20 
0.967212 2.41045 -9.18526e-19 
0.919029 2.19471 1.04233e-18 
0.851321 2.37747 2.43102e-19 
0.848251 2.49521 0 
0.918188 2.49106 0 
0.929454 2.37459 0 
0.908257 2.3626 -9.46753e-19 
0.689435 2.46182 -3.97464e-19 
0.801665 2.45162 -9.82075e-20 
0.812443 2.42541 7.47486e-20 
0.695869 2.39462 0 
0.800612 2.39018 0 
0.759109 2.40296 -3.6964e-19 
0.769255 2.48547 0 
0.625192 1.09867 0 
0.486004 0.919044 -5.08709e-19 
0.561369 0.955272 -3.23232e-20 
0.524719 1.05192 0 
0.525306 0.998775 7.63466e-19 
0.790835 0.87942 -1.34316e-19 
0.799726 1.01669 0 
0.774049 0.979446 1.94039e-19 
0.659142 1.03533 0 
0.662681 0.939648 0 
1.16564 2.75832 -2.33592e-19 
1.14334 2.82155 -9.9033e-20 
0.932519 2.33957 1.03338e-19 
0.90019 2.31893 -8.42755e-20 
1.13088 2.73187 0 
1.08434 2.70179 1.01437e-19 
1.09102 2.48571 -3.19074e-19 
0.985731 2.23661 -3.07434e-20 
0.498849 1.34934 0 
0.513484 1.07546 -1.24694e-19 
0.572968 1.17122 0 
0.857836 0.235986 0 
0.779389 0.189905 0 
0.715042 0.150666 0 
0.850678 0.236988 -6.51248e-19 
0.753209 0.226416 3.79469e-19 
0.927775 0.0769095 -4.15873e-19 
0.942636 0.12369 0 
0.923039 0.136798 1.78435e-19 
0.860102 0.11155 7.16204e-19 
0.826973 0.0689876 -4.48234e-19 
1.16035 3.35598 -7.19743e-19 
1.20875 3.2753 0 
1.15816 3.38444 -1.4857e-18 
0.645767 3.5454 1.26176e-18 
0.869759 3.11329 6.95903e-20 
0.521094 0.832464 6.08859e-19 
0.432189 0.82989 0 
0.326285 0.451863 -1.52833e-19 
0.457527 0.667088 8.6984e-19 
0.542636 0.4183 -2.06403e-19 
0.511386 0.486794 2.3862e-19 
0.665519 0.516625 5.13349e-19 
0.698611 0.546512 0 
0.651532 0.59331 0 
0.608876 0.536324 0 
0.997909 0.605619 9.70025e-20 
0.911413 0.542273 -5.35253e-19 
0.937749 0.575383 4.0573e-19 
0.96937 0.513707 -4.13713e-19 
1.07784 0.486727 0 
1.08549 0.57636 -1.02512e-19 
0.850558 0.396013 -8.59396e-19 
0.853293 0.384848 -1.06156e-18 
0.794222 0.38432 6.70296e-19 
0.795579 0.356648 -6.84921e-19 
0.84444 0.318275 -5.36046e-19 
0.793747 0.31664 6.57748e-19 
1.02667 0.0057853 -5.00689e-19 
1.02639 0.00600875 1.01918e-18 
1.0293 -1.54707e-05 6.35142e-19 
1.03349 0.000894839 -7.64951e-19 
1.03358 0.00879427 0 
1.03004 0.00947109 -1.24501e-18 
0.0613325 1.64383 2.45131e-20 
0.0442476 1.57852 0 
0.0842323 1.69412 1.47722e-19 
0.0945827 1.67573 -1.30482e-19 
0.087589 1.53216 3.85528e-20 
0.0852 1.51914 0 
0.0125792 1.67573 0 
-0.000906948 1.48175 5.46131e-22 
0.00300091 1.42715 -4.90972e-22 
-0.00100382 1.53977 6.55667e-21 
0.00432532 1.87578 -3.42483e-22 
-0.00591509 1.92999 3.9053e-21 
0.498818 1.37061 -2.78195e-19 
0.492139 1.37346 3.05358e-19 
0.448639 1.29867 -3.509e-20 
0.437155 1.2935 8.04995e-21 
0.63065 1.30338 0 
0.54651 1.39098 9.75145e-20 
0.561759 1.39838 -9.49549e-20 
0.460138 1.28455 3.41067e-20 
0.516121 1.23997 0 
0.568518 1.20681 0 
0.656274 2.42111 5.83994e-19 
0.671014 2.46081 1.2732e-18 
0.715997 2.47155 -8.76967e-19 
0.612886 2.44614 -2.036e-19 
0.561073 2.53775 2.85793e-19 
0.509803 2.51121 -7.62232e-19 
0.978008 2.38044 -5.83233e-19 
1.0138 2.39334 0 
0.925347 2.17277 -6.74058e-19 
1.05471 2.68118 0 
1.05698 2.66797 0 
0.608342 2.26759 -1.20922e-19 
1.04154 3.15946 1.33016e-19 
0.912411 3.02959 -3.64783e-20 
0.276061 0.888147 0 
0.310342 0.742034 -3.20743e-19 
0.475136 0.699619 -3.23316e-19 
0.38528 2.01353 0 
0.465279 2.78277 -4.84432e-20 
0.420344 2.54616 0 
0.701674 0.669325 -8.57139e-19 
0.784059 0.676872 1.16063e-18 
0.804581 0.620045 -1.14794e-18 
0.680327 0.63208 -1.10561e-19 
0.735207 0.588306 -4.56174e-19 
1.00431 2.76123 -1.01152e-19 
1.04293 2.81907 -1.66003e-19 
0.63768 2.13828 6.78884e-19 
0.593859 1.70764 -4.8391e-19 
0.69904 1.90157 -4.07877e-19 
0.990187 2.44474 -1.13941e-19 
0.995903 2.43715 2.98899e-19 
0.657952 1.83738 2.82753e-20 
0.450122 1.32863 1.46095e-19 
))
(300 (2 10 3 0 0 919 1018)(
0 0 0 
0 0 0 
0 0 0 
0 0 0 
0 0 0 
0 0 0 
0 0 0 
0 0 0 
0 0 0 
0 0 0 
0 0 0 
0 0 0 
0 0 0 
0 0 0 
0 0 0 
0 0 0 
0 0 0 
0 0 0 
0 0 0 
0 0 0 
0 0 0 
0 0 0 
0 0 0 
0 0 0 
0 0 0 
0 0 0 
0 0 0 
0 0 0 
0 0 0 
0 0 0 
0 0 0 
0 0 0 
0 0 0 
0 0 0 
0 0 0 
0 0 0 
0 0 0 
0 0 0 
0 0 0 
0 0 0 
0 0 0 
0 0 0 
0 0 0 
0 0 0 
0 0 0 
0 0 0 
0 0 0 
0 0 0 
0 0 0 
0 0 0 
0 0 0 
0 0 0 
0 0 0 
0 0 0 
0 0 0 
0 0 0 
0 0 0 
0 0 0 
0 0 0 
0 0 0 
0 0 0 
0 0 0 
0 0 0 
0 0 0 
0 0 0 
0 0 0 
0 0 0 
0 0 0 
0 0 0 
0 0 0 
0 0 0 
0 0 0 
0 0 0 
0 0 0 
0 0 0 
0 0 0 
0 0 0 
0 0 0 
0 0 0 
0 0 0 
0 0 0 
0 0 0 
0 0 0 
0 0 0 
0 0 0 
0 0 0 
0 0 0 
0 0 0 
0 0 0 
0 0 0 
0 0 0 
0 0 0 
0 0 0 
0 0 0 
0 0 0 
0 0 0 
0 0 0 
0 0 0 
0 0 0 
0 0 0 
))
(300 (2 11 3 0 0 1019 1026)(
1 0 0 
1 0 0 
1 0 0 
1 0 0 
1 0 0 
1 0 0 
1 0 0 
1 0 0 
))
(300 (2 12 3 0 0 1027 1030)(
0 3 0 
0 3 0 
0 3 0 
0 3 0 
))
(300 (2 13 3 0 0 1031 1038)(
0.0076903 0.864471 0 
-0.011572 2.06105 3.51339e-20 
-0.00757092 1.17248 0 
-0.0137713 2.60956 0 
-0.0217439 1.99304 0 
0.00942285 1.37332 0 
-0.0109057 1.52845 0 
-0.0178857 2.40154 0 
))
(300 (2 14 3 0 0 1039 1072)(
0 0 0 
0 0 0 
0 0 0 
0 0 0 
0 0 0 
0 0 0 
0 0 0 
0 0 0 
0 0 0 
0 0 0 
0 0 0 
0 0 0 
0 0 0 
0 0 0 
0 0 0 
0 0 0 
0 0 0 
0 0 0 
0 0 0 
0 0 0 
0 0 0 
0 0 0 
0 0 0 
0 0 0 
0 0 0 
0 0 0 
0 0 0 
0 0 0 
0 0 0 
0 0 0 
0 0 0 
0 0 0 
0 0 0 
0 0 0 
))
(300 (2 15 3 0 0 1073 1072)(
))
