(0 "FOAM to Fluent data File")

(33 (918 3444 1074))
(300 (1 1 1 0 0 1 918)(
0.557294
1.17736
0.00129743
0.556754
-0.0125557
1.14438
-0.512443
0.652962
0.537501
-0.10698
-0.0561177
0.539823
1.00488
0.770597
-1.12414
-0.011617
0.651688
-0.382122
0.536624
-0.0632634
0.681708
0.544034
0.547058
0.537635
0.597077
0.744997
0.885794
0.0267249
0.0107371
0.0061831
-0.0119998
-0.0387255
-0.0328903
1.02805
1.07911
1.1018
0.505218
0.333912
-0.378078
-0.451529
-0.437885
-0.542296
0.653695
0.654249
-0.215731
0.654986
0.654813
0.524508
0.53687
0.537783
0.538795
0.537785
0.539162
0.402985
-0.107941
-0.139351
-0.0876415
-0.0809122
0.050794
-0.0562573
-0.058231
-0.0549509
-0.0542295
0.454298
0.534218
0.530648
0.544107
0.553313
1.11691
1.08885
1.11499
1.02855
1.04511
0.982886
0.955554
0.791445
0.813167
0.755467
0.743837
-1.55424
-2.50283
-0.535788
-0.285867
-0.010594
-0.00972778
-0.00432321
0.649026
0.650132
0.651278
0.653083
1.07889
-0.379468
-0.480702
0.536767
0.535578
0.54389
0.544591
0.540612
0.539702
-0.054405
-0.0514907
-0.0531755
-0.0586113
-0.0566639
0.662759
0.665744
0.538162
0.535164
0.560858
0.581336
0.571399
0.277133
0.608173
0.624229
0.57822
0.740232
0.732198
0.741909
0.859301
0.822855
0.923073
0.94621
0.0178888
-0.00015743
-0.0160309
-0.0197958
-0.0186599
0.501044
0.493577
0.521302
0.50866
0.511171
0.250867
0.117833
0.418746
0.443488
-0.297677
-0.365259
-0.43029
-0.460775
-0.568464
0.613489
0.654525
0.653045
-0.225109
-0.153433
-0.287447
-0.0803134
-0.143525
0.514756
0.521783
0.516774
0.532347
0.526808
0.528774
0.541146
0.538214
0.539775
0.465073
0.588561
0.329255
0.293719
-0.243238
-0.154746
-0.242572
-0.0708732
-0.0683624
0.0648566
0.0905589
0.0374962
0.0256844
-0.0644462
-0.0594473
-0.0617949
-0.0532555
-0.0527724
0.447018
0.435748
0.467006
0.474578
0.52055
0.522063
0.526567
0.524626
0.906406
0.928629
0.936258
0.910147
-3.48933
-6.26567
0.0378433
0.173689
-0.00664836
-0.00934633
0.00204098
-0.00600555
6.7757e-05
-0.00205642
-0.0094723
-0.0107896
-0.00561682
-0.0043828
0.643548
0.644506
1.00136
1.00875
0.976619
0.929574
0.52501
0.527069
0.532556
0.528442
-0.0517273
-0.0510332
-0.0508708
0.656871
0.660582
0.658929
0.23845
0.148316
0.328417
0.357703
0.637106
0.626126
0.63543
0.637501
0.673668
0.953564
0.971765
0.970067
0.978494
1.02262
1.03909
1.00431
0.48043
0.490444
0.485373
0.52421
0.522071
0.522928
0.519404
0.520352
0.518597
-0.0323132
-0.41138
0.490885
0.507365
0.493115
0.495143
0.693587
0.772159
0.652471
0.653454
0.65332
-0.010641
-0.0691609
0.248792
0.214517
0.386323
0.422879
0.401768
0.877479
0.838075
0.888137
0.861401
0.822959
0.848372
-0.36292
-1.85931
-0.980155
0.52146
0.33662
0.423139
0.00745876
-0.00910752
-0.00461122
1.00151
1.07344
0.644367
0.819454
0.821863
0.711306
0.741053
0.796004
0.72273
0.756658
0.790773
0.771845
0.569333
0.504086
0.520436
0.841063
0.896613
0.117763
0.0554772
0.0117433
0.109651
0.167188
0.14112
1.03334
0.950113
1.02008
0.534926
0.53565
-0.00550446
-0.0182775
0.539908
0.539965
-0.0128905
-0.00202852
0.406754
-0.831624
0.0958215
0.528506
0.518362
0.535518
-0.0929592
0.354427
-0.0569313
0.0461633
-0.0106025
0.529842
0.465445
0.424452
-0.000276026
-0.0207681
-0.053562
-0.213414
0.532596
0.5309
0.534986
0.535923
0.536606
-0.0193034
-0.0150652
-0.0104443
-0.0501187
-0.0423583
-0.0553618
0.499381
0.518804
-0.171566
0.535134
0.537271
0.537088
0.530362
0.535987
0.534242
-0.011413
-0.0161451
-0.0185262
0.218251
0.351256
0.645032
0.730246
0.617887
0.394337
0.160345
0.548953
0.61186
0.518154
0.670987
0.649621
0.651009
0.161302
0.0107904
0.170427
0.112311
0.526373
0.525114
0.516612
0.513567
0.530386
0.528503
0.533059
0.530089
0.533039
0.534416
-0.0496849
-0.0755627
-0.0851556
-0.151718
0.309219
0.570233
0.253906
0.283186
0.140405
-0.0506437
-0.0523509
-0.05408
-0.0606404
-0.000200717
-0.026443
0.0408164
0.0409401
0.0127701
-0.0130198
-0.0106719
-0.0218025
-0.0158592
0.523104
0.523165
0.527552
0.53625
0.475123
0.478912
0.443665
0.464489
0.44968
0.388195
0.423723
0.398846
-0.00623886
0.00204155
-0.00304171
-0.0189125
-0.0156144
-0.0347394
-0.0317501
-0.0274148
-0.0230225
-0.0298835
-0.0479676
-0.0513799
-0.171414
-0.287303
0.987994
0.908122
0.13785
0.521737
0.5282
0.524957
0.529897
0.533026
0.533819
0.531522
0.528067
0.519052
0.520585
0.517227
0.518225
-0.10258
-0.244544
-0.0728523
-0.148098
0.146029
0.628161
0.363142
0.29811
0.293577
0.523093
0.914682
0.696793
0.663263
0.657225
-0.344533
0.043252
-0.281429
0.332988
0.160866
0.644307
0.693583
0.715762
0.663466
0.61663
-0.0992653
0.555937
-0.0761882
-0.0234504
0.17873
0.0533443
0.653134
0.638354
0.645897
0.644641
0.655981
0.640432
0.621866
0.622471
0.64071
0.646672
0.481053
0.248884
0.199258
0.160792
0.643186
0.514249
0.562789
0.488429
0.521716
0.524231
0.522889
0.50422
0.511821
0.507334
0.513886
0.517544
0.526109
0.526597
0.521837
0.523967
-0.0561758
-0.0619947
-0.0259373
-0.135744
-0.128399
-0.190653
-0.0597812
0.0745055
0.0361297
0.236981
0.340201
0.0516534
-0.0572444
-0.0300851
0.0124569
0.17963
0.208427
0.0733527
0.16061
0.152392
0.133213
0.236187
0.239355
-0.031465
-0.0326875
-0.0377709
-0.0407541
0.0173116
0.0886688
0.0980996
-0.00970045
-0.014806
-0.0489053
-0.0499102
-0.023745
-0.0286746
-0.0238592
0.00342399
-0.0532705
-0.0211393
-0.00737848
-0.00765995
-0.00746504
-0.012941
0.517977
0.519724
0.519946
0.528475
0.540551
0.555285
0.521412
0.497384
0.48815
0.49116
0.464105
0.474381
0.47025
0.483817
0.505034
0.513603
0.5119
0.514705
0.497053
0.498818
0.485304
0.488949
0.464138
0.444677
0.432653
-0.0431784
-0.00482184
-0.012986
-0.0385704
-0.00902214
-0.0209178
-0.0126783
0.00669061
-0.0101634
-0.0111301
-0.0214213
-0.0277555
-0.0272391
-0.0733145
0.0136022
-0.185355
-0.220375
-0.293942
0.89026
1.01449
0.809132
0.581883
0.602705
0.846268
0.930332
0.54212
0.734647
0.757731
0.588193
0.855222
0.526591
0.526183
0.523783
0.523262
0.524484
-0.00701423
0.0998462
0.0968251
0.161134
0.277808
0.38919
0.321204
0.195592
0.325403
0.327826
0.621007
0.633043
0.588932
0.61284
0.613594
0.424893
0.500505
0.552284
0.513412
0.565849
0.587658
0.541258
0.574556
0.523533
0.478796
0.474939
0.424531
0.444129
0.419607
0.402738
0.516602
0.493574
0.50441
0.494708
0.516398
0.54347
0.540548
0.562672
0.577748
0.49785
0.452843
0.462201
0.492402
0.45393
0.469487
0.48533
0.23403
0.136446
0.219207
-0.0653728
0.00432404
-0.00779753
-0.0567555
-0.00478524
0.279257
-0.410998
-0.387861
-1.0141
0.505269
0.952587
0.581105
0.558939
0.657323
0.64511
0.651516
0.668264
0.663411
0.631702
0.64027
0.644979
0.591682
0.612574
0.630859
0.626781
0.524152
0.380057
0.380212
0.327119
0.197388
0.237644
0.433067
0.357463
0.282738
0.282807
0.455991
0.342254
0.412799
0.445399
0.376587
0.331336
0.534457
0.600843
0.593737
0.567657
0.477038
0.488865
0.51349
0.546938
0.570181
0.603574
0.513328
0.519283
0.520516
0.517983
0.515243
0.518353
0.518637
0.521242
0.521813
0.52485
0.523932
-0.0530163
-0.0393219
-0.0504906
-0.0620624
-0.0183136
-0.0212145
0.0222561
0.00995541
-0.0166031
-0.0124165
-0.0336567
-0.0376857
-0.0344863
-0.0269072
0.102441
0.115076
0.0998941
0.0596395
0.250275
0.380144
0.454477
0.329258
0.223642
0.247957
0.266529
-0.0137106
0.0119683
-0.000562342
0.0387428
0.0308438
-0.0409334
-0.0451901
-0.0413699
-0.0328055
-0.0247109
-0.0417437
-0.0475529
-0.0381146
-0.0429971
-0.0463296
-0.0505607
0.499657
0.493136
0.494734
0.488662
0.487383
0.501627
0.505942
0.507886
0.51333
0.51568
0.505724
0.511144
0.515137
-0.0135907
-0.0366901
-0.0399865
-0.0323666
-0.0335999
-0.0309782
-0.0326503
0.123983
0.0550624
0.0587267
0.0114363
-0.1214
-0.0632864
0.492856
0.491621
0.480597
0.721773
0.570969
0.492039
0.589229
0.694894
0.276951
0.473246
0.308671
0.888538
0.785505
0.931721
0.542415
0.246764
0.412028
0.453522
0.267768
0.344173
0.323811
0.213044
0.243648
0.282643
0.381216
0.266894
0.243986
0.000327808
0.19144
0.302761
0.284714
0.408741
0.469139
0.268326
0.187807
0.142717
0.605126
0.624882
0.638295
0.610257
0.632953
0.581603
0.573678
0.589032
0.597034
0.590978
-0.742646
-0.448924
-1.39616
-0.720178
-0.263935
0.535832
0.509186
0.769873
0.644658
0.676078
0.660464
0.620436
0.590791
0.61663
0.637936
0.338313
0.448833
0.423926
0.430088
0.333001
0.26291
0.561535
0.559259
0.591914
0.615935
0.588094
0.618448
0.51113
0.510851
0.51032
0.506557
0.504814
0.507164
0.0579118
0.025199
0.0664857
0.0486857
0.0264453
0.0149088
-0.0137548
-0.0239711
-0.0303742
-0.0294703
-0.0149375
-0.0110777
0.173126
0.110022
0.0304087
0.0591541
-0.00186388
-0.0703698
-0.089797
0.0162842
0.112529
0.102682
0.405794
0.654772
0.474871
0.642326
0.485249
0.540916
0.46886
0.459915
0.484698
0.380665
0.461162
0.253705
-0.254974
-0.164287
0.795932
0.806031
0.581367
0.407753
0.174931
0.350914
0.539798
0.468906
0.504311
0.573331
0.560023
0.0324046
0.0889299
0.379162
0.605908
0.242516
0.233415
0.226784
0.412227
0.329775
))
(300 (1 10 1 0 0 919 1018)(
0.557294
1.17736
0.00129743
0.556754
1.14438
-0.512443
0.652962
-0.10698
-0.0561177
0.539823
1.00488
0.770597
-1.12414
0.651688
-0.382122
0.536624
-0.0632634
0.681708
0.537635
0.597077
0.744997
0.885794
0.0267249
1.02805
0.505218
-0.451529
-0.542296
0.654249
-0.215731
0.654813
0.524508
-0.139351
-0.0809122
-0.058231
-0.0542295
0.454298
0.530648
0.553313
1.04511
0.955554
0.813167
0.743837
-2.50283
-0.285867
0.650132
0.653083
-0.480702
0.535578
0.539702
-0.0514907
-0.0566639
0.665744
0.535164
0.571399
0.277133
0.624229
0.57822
0.741909
0.822855
0.94621
0.493577
0.521302
0.511171
-0.365259
-0.568464
0.653045
-0.287447
-0.143525
0.516774
0.528774
-0.242572
-0.0683624
-0.0617949
-0.0527724
0.435748
0.474578
0.52055
0.524626
0.910147
0.173689
0.644506
0.52501
0.528442
-0.0508708
0.658929
0.148316
0.357703
0.63543
0.673668
0.978494
0.485373
0.522928
0.518597
0.65332
-0.0691609
0.401768
0.861401
0.423139
0.756658
0.0117433
))
(300 (1 11 1 0 0 919 926)(
0.557294
0.556754
0.537501
0.544034
0.537783
0.539162
0.54389
0.539775
))
(300 (1 12 1 0 0 919 922)(
1.17736
1.14438
1.1018
1.11499
))
(300 (1 13 1 0 0 919 926)(
0
0
0
0
0
0
0
0
))
(300 (1 14 1 0 0 919 952)(
-0.0125557
-0.011617
-0.0328903
0.333912
0.402985
0.050794
-0.00432321
1.07889
-0.0186599
0.117833
0.443488
0.613489
0.588561
0.293719
0.0905589
0.0256844
-6.26567
-0.0094723
-0.0043828
1.00875
0.929574
-0.41138
0.490885
0.495143
0.772159
0.214517
-0.980155
-0.00461122
1.07344
0.821863
0.520436
0.896613
0.14112
1.02008
))
(300 (1 15 1 0 0 919 2754)(
0.557294
0.557294
1.17736
1.17736
0.00129743
0.00129743
0.556754
0.556754
-0.0125557
-0.0125557
1.14438
1.14438
-0.512443
-0.512443
0.652962
0.652962
0.537501
0.537501
-0.10698
-0.10698
-0.0561177
-0.0561177
0.539823
0.539823
1.00488
1.00488
0.770597
0.770597
-1.12414
-1.12414
-0.011617
-0.011617
0.651688
0.651688
-0.382122
-0.382122
0.536624
0.536624
-0.0632634
-0.0632634
0.681708
0.681708
0.544034
0.544034
0.547058
0.547058
0.537635
0.537635
0.597077
0.597077
0.744997
0.744997
0.885794
0.885794
0.0267249
0.0267249
0.0107371
0.0107371
0.0061831
0.0061831
-0.0119998
-0.0119998
-0.0387255
-0.0387255
-0.0328903
-0.0328903
1.02805
1.02805
1.07911
1.07911
1.1018
1.1018
0.505218
0.505218
0.333912
0.333912
-0.378078
-0.378078
-0.451529
-0.451529
-0.437885
-0.437885
-0.542296
-0.542296
0.653695
0.653695
0.654249
0.654249
-0.215731
-0.215731
0.654986
0.654986
0.654813
0.654813
0.524508
0.524508
0.53687
0.53687
0.537783
0.537783
0.538795
0.538795
0.537785
0.537785
0.539162
0.539162
0.402985
0.402985
-0.107941
-0.107941
-0.139351
-0.139351
-0.0876415
-0.0876415
-0.0809122
-0.0809122
0.050794
0.050794
-0.0562573
-0.0562573
-0.058231
-0.058231
-0.0549509
-0.0549509
-0.0542295
-0.0542295
0.454298
0.454298
0.534218
0.534218
0.530648
0.530648
0.544107
0.544107
0.553313
0.553313
1.11691
1.11691
1.08885
1.08885
1.11499
1.11499
1.02855
1.02855
1.04511
1.04511
0.982886
0.982886
0.955554
0.955554
0.791445
0.791445
0.813167
0.813167
0.755467
0.755467
0.743837
0.743837
-1.55424
-1.55424
-2.50283
-2.50283
-0.535788
-0.535788
-0.285867
-0.285867
-0.010594
-0.010594
-0.00972778
-0.00972778
-0.00432321
-0.00432321
0.649026
0.649026
0.650132
0.650132
0.651278
0.651278
0.653083
0.653083
1.07889
1.07889
-0.379468
-0.379468
-0.480702
-0.480702
0.536767
0.536767
0.535578
0.535578
0.54389
0.54389
0.544591
0.544591
0.540612
0.540612
0.539702
0.539702
-0.054405
-0.054405
-0.0514907
-0.0514907
-0.0531755
-0.0531755
-0.0586113
-0.0586113
-0.0566639
-0.0566639
0.662759
0.662759
0.665744
0.665744
0.538162
0.538162
0.535164
0.535164
0.560858
0.560858
0.581336
0.581336
0.571399
0.571399
0.277133
0.277133
0.608173
0.608173
0.624229
0.624229
0.57822
0.57822
0.740232
0.740232
0.732198
0.732198
0.741909
0.741909
0.859301
0.859301
0.822855
0.822855
0.923073
0.923073
0.94621
0.94621
0.0178888
0.0178888
-0.00015743
-0.00015743
-0.0160309
-0.0160309
-0.0197958
-0.0197958
-0.0186599
-0.0186599
0.501044
0.501044
0.493577
0.493577
0.521302
0.521302
0.50866
0.50866
0.511171
0.511171
0.250867
0.250867
0.117833
0.117833
0.418746
0.418746
0.443488
0.443488
-0.297677
-0.297677
-0.365259
-0.365259
-0.43029
-0.43029
-0.460775
-0.460775
-0.568464
-0.568464
0.613489
0.613489
0.654525
0.654525
0.653045
0.653045
-0.225109
-0.225109
-0.153433
-0.153433
-0.287447
-0.287447
-0.0803134
-0.0803134
-0.143525
-0.143525
0.514756
0.514756
0.521783
0.521783
0.516774
0.516774
0.532347
0.532347
0.526808
0.526808
0.528774
0.528774
0.541146
0.541146
0.538214
0.538214
0.539775
0.539775
0.465073
0.465073
0.588561
0.588561
0.329255
0.329255
0.293719
0.293719
-0.243238
-0.243238
-0.154746
-0.154746
-0.242572
-0.242572
-0.0708732
-0.0708732
-0.0683624
-0.0683624
0.0648566
0.0648566
0.0905589
0.0905589
0.0374962
0.0374962
0.0256844
0.0256844
-0.0644462
-0.0644462
-0.0594473
-0.0594473
-0.0617949
-0.0617949
-0.0532555
-0.0532555
-0.0527724
-0.0527724
0.447018
0.447018
0.435748
0.435748
0.467006
0.467006
0.474578
0.474578
0.52055
0.52055
0.522063
0.522063
0.526567
0.526567
0.524626
0.524626
0.906406
0.906406
0.928629
0.928629
0.936258
0.936258
0.910147
0.910147
-3.48933
-3.48933
-6.26567
-6.26567
0.0378433
0.0378433
0.173689
0.173689
-0.00664836
-0.00664836
-0.00934633
-0.00934633
0.00204098
0.00204098
-0.00600555
-0.00600555
6.7757e-05
6.7757e-05
-0.00205642
-0.00205642
-0.0094723
-0.0094723
-0.0107896
-0.0107896
-0.00561682
-0.00561682
-0.0043828
-0.0043828
0.643548
0.643548
0.644506
0.644506
1.00136
1.00136
1.00875
1.00875
0.976619
0.976619
0.929574
0.929574
0.52501
0.52501
0.527069
0.527069
0.532556
0.532556
0.528442
0.528442
-0.0517273
-0.0517273
-0.0510332
-0.0510332
-0.0508708
-0.0508708
0.656871
0.656871
0.660582
0.660582
0.658929
0.658929
0.23845
0.23845
0.148316
0.148316
0.328417
0.328417
0.357703
0.357703
0.637106
0.637106
0.626126
0.626126
0.63543
0.63543
0.637501
0.637501
0.673668
0.673668
0.953564
0.953564
0.971765
0.971765
0.970067
0.970067
0.978494
0.978494
1.02262
1.02262
1.03909
1.03909
1.00431
1.00431
0.48043
0.48043
0.490444
0.490444
0.485373
0.485373
0.52421
0.52421
0.522071
0.522071
0.522928
0.522928
0.519404
0.519404
0.520352
0.520352
0.518597
0.518597
-0.0323132
-0.0323132
-0.41138
-0.41138
0.490885
0.490885
0.507365
0.507365
0.493115
0.493115
0.495143
0.495143
0.693587
0.693587
0.772159
0.772159
0.652471
0.652471
0.653454
0.653454
0.65332
0.65332
-0.010641
-0.010641
-0.0691609
-0.0691609
0.248792
0.248792
0.214517
0.214517
0.386323
0.386323
0.422879
0.422879
0.401768
0.401768
0.877479
0.877479
0.838075
0.838075
0.888137
0.888137
0.861401
0.861401
0.822959
0.822959
0.848372
0.848372
-0.36292
-0.36292
-1.85931
-1.85931
-0.980155
-0.980155
0.52146
0.52146
0.33662
0.33662
0.423139
0.423139
0.00745876
0.00745876
-0.00910752
-0.00910752
-0.00461122
-0.00461122
1.00151
1.00151
1.07344
1.07344
0.644367
0.644367
0.819454
0.819454
0.821863
0.821863
0.711306
0.711306
0.741053
0.741053
0.796004
0.796004
0.72273
0.72273
0.756658
0.756658
0.790773
0.790773
0.771845
0.771845
0.569333
0.569333
0.504086
0.504086
0.520436
0.520436
0.841063
0.841063
0.896613
0.896613
0.117763
0.117763
0.0554772
0.0554772
0.0117433
0.0117433
0.109651
0.109651
0.167188
0.167188
0.14112
0.14112
1.03334
1.03334
0.950113
0.950113
1.02008
1.02008
0.534926
0.534926
0.53565
0.53565
-0.00550446
-0.00550446
-0.0182775
-0.0182775
0.539908
0.539908
0.539965
0.539965
-0.0128905
-0.0128905
-0.00202852
-0.00202852
0.406754
0.406754
-0.831624
-0.831624
0.0958215
0.0958215
0.528506
0.528506
0.518362
0.518362
0.535518
0.535518
-0.0929592
-0.0929592
0.354427
0.354427
-0.0569313
-0.0569313
0.0461633
0.0461633
-0.0106025
-0.0106025
0.529842
0.529842
0.465445
0.465445
0.424452
0.424452
-0.000276026
-0.000276026
-0.0207681
-0.0207681
-0.053562
-0.053562
-0.213414
-0.213414
0.532596
0.532596
0.5309
0.5309
0.534986
0.534986
0.535923
0.535923
0.536606
0.536606
-0.0193034
-0.0193034
-0.0150652
-0.0150652
-0.0104443
-0.0104443
-0.0501187
-0.0501187
-0.0423583
-0.0423583
-0.0553618
-0.0553618
0.499381
0.499381
0.518804
0.518804
-0.171566
-0.171566
0.535134
0.535134
0.537271
0.537271
0.537088
0.537088
0.530362
0.530362
0.535987
0.535987
0.534242
0.534242
-0.011413
-0.011413
-0.0161451
-0.0161451
-0.0185262
-0.0185262
0.218251
0.218251
0.351256
0.351256
0.645032
0.645032
0.730246
0.730246
0.617887
0.617887
0.394337
0.394337
0.160345
0.160345
0.548953
0.548953
0.61186
0.61186
0.518154
0.518154
0.670987
0.670987
0.649621
0.649621
0.651009
0.651009
0.161302
0.161302
0.0107904
0.0107904
0.170427
0.170427
0.112311
0.112311
0.526373
0.526373
0.525114
0.525114
0.516612
0.516612
0.513567
0.513567
0.530386
0.530386
0.528503
0.528503
0.533059
0.533059
0.530089
0.530089
0.533039
0.533039
0.534416
0.534416
-0.0496849
-0.0496849
-0.0755627
-0.0755627
-0.0851556
-0.0851556
-0.151718
-0.151718
0.309219
0.309219
0.570233
0.570233
0.253906
0.253906
0.283186
0.283186
0.140405
0.140405
-0.0506437
-0.0506437
-0.0523509
-0.0523509
-0.05408
-0.05408
-0.0606404
-0.0606404
-0.000200717
-0.000200717
-0.026443
-0.026443
0.0408164
0.0408164
0.0409401
0.0409401
0.0127701
0.0127701
-0.0130198
-0.0130198
-0.0106719
-0.0106719
-0.0218025
-0.0218025
-0.0158592
-0.0158592
0.523104
0.523104
0.523165
0.523165
0.527552
0.527552
0.53625
0.53625
0.475123
0.475123
0.478912
0.478912
0.443665
0.443665
0.464489
0.464489
0.44968
0.44968
0.388195
0.388195
0.423723
0.423723
0.398846
0.398846
-0.00623886
-0.00623886
0.00204155
0.00204155
-0.00304171
-0.00304171
-0.0189125
-0.0189125
-0.0156144
-0.0156144
-0.0347394
-0.0347394
-0.0317501
-0.0317501
-0.0274148
-0.0274148
-0.0230225
-0.0230225
-0.0298835
-0.0298835
-0.0479676
-0.0479676
-0.0513799
-0.0513799
-0.171414
-0.171414
-0.287303
-0.287303
0.987994
0.987994
0.908122
0.908122
0.13785
0.13785
0.521737
0.521737
0.5282
0.5282
0.524957
0.524957
0.529897
0.529897
0.533026
0.533026
0.533819
0.533819
0.531522
0.531522
0.528067
0.528067
0.519052
0.519052
0.520585
0.520585
0.517227
0.517227
0.518225
0.518225
-0.10258
-0.10258
-0.244544
-0.244544
-0.0728523
-0.0728523
-0.148098
-0.148098
0.146029
0.146029
0.628161
0.628161
0.363142
0.363142
0.29811
0.29811
0.293577
0.293577
0.523093
0.523093
0.914682
0.914682
0.696793
0.696793
0.663263
0.663263
0.657225
0.657225
-0.344533
-0.344533
0.043252
0.043252
-0.281429
-0.281429
0.332988
0.332988
0.160866
0.160866
0.644307
0.644307
0.693583
0.693583
0.715762
0.715762
0.663466
0.663466
0.61663
0.61663
-0.0992653
-0.0992653
0.555937
0.555937
-0.0761882
-0.0761882
-0.0234504
-0.0234504
0.17873
0.17873
0.0533443
0.0533443
0.653134
0.653134
0.638354
0.638354
0.645897
0.645897
0.644641
0.644641
0.655981
0.655981
0.640432
0.640432
0.621866
0.621866
0.622471
0.622471
0.64071
0.64071
0.646672
0.646672
0.481053
0.481053
0.248884
0.248884
0.199258
0.199258
0.160792
0.160792
0.643186
0.643186
0.514249
0.514249
0.562789
0.562789
0.488429
0.488429
0.521716
0.521716
0.524231
0.524231
0.522889
0.522889
0.50422
0.50422
0.511821
0.511821
0.507334
0.507334
0.513886
0.513886
0.517544
0.517544
0.526109
0.526109
0.526597
0.526597
0.521837
0.521837
0.523967
0.523967
-0.0561758
-0.0561758
-0.0619947
-0.0619947
-0.0259373
-0.0259373
-0.135744
-0.135744
-0.128399
-0.128399
-0.190653
-0.190653
-0.0597812
-0.0597812
0.0745055
0.0745055
0.0361297
0.0361297
0.236981
0.236981
0.340201
0.340201
0.0516534
0.0516534
-0.0572444
-0.0572444
-0.0300851
-0.0300851
0.0124569
0.0124569
0.17963
0.17963
0.208427
0.208427
0.0733527
0.0733527
0.16061
0.16061
0.152392
0.152392
0.133213
0.133213
0.236187
0.236187
0.239355
0.239355
-0.031465
-0.031465
-0.0326875
-0.0326875
-0.0377709
-0.0377709
-0.0407541
-0.0407541
0.0173116
0.0173116
0.0886688
0.0886688
0.0980996
0.0980996
-0.00970045
-0.00970045
-0.014806
-0.014806
-0.0489053
-0.0489053
-0.0499102
-0.0499102
-0.023745
-0.023745
-0.0286746
-0.0286746
-0.0238592
-0.0238592
0.00342399
0.00342399
-0.0532705
-0.0532705
-0.0211393
-0.0211393
-0.00737848
-0.00737848
-0.00765995
-0.00765995
-0.00746504
-0.00746504
-0.012941
-0.012941
0.517977
0.517977
0.519724
0.519724
0.519946
0.519946
0.528475
0.528475
0.540551
0.540551
0.555285
0.555285
0.521412
0.521412
0.497384
0.497384
0.48815
0.48815
0.49116
0.49116
0.464105
0.464105
0.474381
0.474381
0.47025
0.47025
0.483817
0.483817
0.505034
0.505034
0.513603
0.513603
0.5119
0.5119
0.514705
0.514705
0.497053
0.497053
0.498818
0.498818
0.485304
0.485304
0.488949
0.488949
0.464138
0.464138
0.444677
0.444677
0.432653
0.432653
-0.0431784
-0.0431784
-0.00482184
-0.00482184
-0.012986
-0.012986
-0.0385704
-0.0385704
-0.00902214
-0.00902214
-0.0209178
-0.0209178
-0.0126783
-0.0126783
0.00669061
0.00669061
-0.0101634
-0.0101634
-0.0111301
-0.0111301
-0.0214213
-0.0214213
-0.0277555
-0.0277555
-0.0272391
-0.0272391
-0.0733145
-0.0733145
0.0136022
0.0136022
-0.185355
-0.185355
-0.220375
-0.220375
-0.293942
-0.293942
0.89026
0.89026
1.01449
1.01449
0.809132
0.809132
0.581883
0.581883
0.602705
0.602705
0.846268
0.846268
0.930332
0.930332
0.54212
0.54212
0.734647
0.734647
0.757731
0.757731
0.588193
0.588193
0.855222
0.855222
0.526591
0.526591
0.526183
0.526183
0.523783
0.523783
0.523262
0.523262
0.524484
0.524484
-0.00701423
-0.00701423
0.0998462
0.0998462
0.0968251
0.0968251
0.161134
0.161134
0.277808
0.277808
0.38919
0.38919
0.321204
0.321204
0.195592
0.195592
0.325403
0.325403
0.327826
0.327826
0.621007
0.621007
0.633043
0.633043
0.588932
0.588932
0.61284
0.61284
0.613594
0.613594
0.424893
0.424893
0.500505
0.500505
0.552284
0.552284
0.513412
0.513412
0.565849
0.565849
0.587658
0.587658
0.541258
0.541258
0.574556
0.574556
0.523533
0.523533
0.478796
0.478796
0.474939
0.474939
0.424531
0.424531
0.444129
0.444129
0.419607
0.419607
0.402738
0.402738
0.516602
0.516602
0.493574
0.493574
0.50441
0.50441
0.494708
0.494708
0.516398
0.516398
0.54347
0.54347
0.540548
0.540548
0.562672
0.562672
0.577748
0.577748
0.49785
0.49785
0.452843
0.452843
0.462201
0.462201
0.492402
0.492402
0.45393
0.45393
0.469487
0.469487
0.48533
0.48533
0.23403
0.23403
0.136446
0.136446
0.219207
0.219207
-0.0653728
-0.0653728
0.00432404
0.00432404
-0.00779753
-0.00779753
-0.0567555
-0.0567555
-0.00478524
-0.00478524
0.279257
0.279257
-0.410998
-0.410998
-0.387861
-0.387861
-1.0141
-1.0141
0.505269
0.505269
0.952587
0.952587
0.581105
0.581105
0.558939
0.558939
0.657323
0.657323
0.64511
0.64511
0.651516
0.651516
0.668264
0.668264
0.663411
0.663411
0.631702
0.631702
0.64027
0.64027
0.644979
0.644979
0.591682
0.591682
0.612574
0.612574
0.630859
0.630859
0.626781
0.626781
0.524152
0.524152
0.380057
0.380057
0.380212
0.380212
0.327119
0.327119
0.197388
0.197388
0.237644
0.237644
0.433067
0.433067
0.357463
0.357463
0.282738
0.282738
0.282807
0.282807
0.455991
0.455991
0.342254
0.342254
0.412799
0.412799
0.445399
0.445399
0.376587
0.376587
0.331336
0.331336
0.534457
0.534457
0.600843
0.600843
0.593737
0.593737
0.567657
0.567657
0.477038
0.477038
0.488865
0.488865
0.51349
0.51349
0.546938
0.546938
0.570181
0.570181
0.603574
0.603574
0.513328
0.513328
0.519283
0.519283
0.520516
0.520516
0.517983
0.517983
0.515243
0.515243
0.518353
0.518353
0.518637
0.518637
0.521242
0.521242
0.521813
0.521813
0.52485
0.52485
0.523932
0.523932
-0.0530163
-0.0530163
-0.0393219
-0.0393219
-0.0504906
-0.0504906
-0.0620624
-0.0620624
-0.0183136
-0.0183136
-0.0212145
-0.0212145
0.0222561
0.0222561
0.00995541
0.00995541
-0.0166031
-0.0166031
-0.0124165
-0.0124165
-0.0336567
-0.0336567
-0.0376857
-0.0376857
-0.0344863
-0.0344863
-0.0269072
-0.0269072
0.102441
0.102441
0.115076
0.115076
0.0998941
0.0998941
0.0596395
0.0596395
0.250275
0.250275
0.380144
0.380144
0.454477
0.454477
0.329258
0.329258
0.223642
0.223642
0.247957
0.247957
0.266529
0.266529
-0.0137106
-0.0137106
0.0119683
0.0119683
-0.000562342
-0.000562342
0.0387428
0.0387428
0.0308438
0.0308438
-0.0409334
-0.0409334
-0.0451901
-0.0451901
-0.0413699
-0.0413699
-0.0328055
-0.0328055
-0.0247109
-0.0247109
-0.0417437
-0.0417437
-0.0475529
-0.0475529
-0.0381146
-0.0381146
-0.0429971
-0.0429971
-0.0463296
-0.0463296
-0.0505607
-0.0505607
0.499657
0.499657
0.493136
0.493136
0.494734
0.494734
0.488662
0.488662
0.487383
0.487383
0.501627
0.501627
0.505942
0.505942
0.507886
0.507886
0.51333
0.51333
0.51568
0.51568
0.505724
0.505724
0.511144
0.511144
0.515137
0.515137
-0.0135907
-0.0135907
-0.0366901
-0.0366901
-0.0399865
-0.0399865
-0.0323666
-0.0323666
-0.0335999
-0.0335999
-0.0309782
-0.0309782
-0.0326503
-0.0326503
0.123983
0.123983
0.0550624
0.0550624
0.0587267
0.0587267
0.0114363
0.0114363
-0.1214
-0.1214
-0.0632864
-0.0632864
0.492856
0.492856
0.491621
0.491621
0.480597
0.480597
0.721773
0.721773
0.570969
0.570969
0.492039
0.492039
0.589229
0.589229
0.694894
0.694894
0.276951
0.276951
0.473246
0.473246
0.308671
0.308671
0.888538
0.888538
0.785505
0.785505
0.931721
0.931721
0.542415
0.542415
0.246764
0.246764
0.412028
0.412028
0.453522
0.453522
0.267768
0.267768
0.344173
0.344173
0.323811
0.323811
0.213044
0.213044
0.243648
0.243648
0.282643
0.282643
0.381216
0.381216
0.266894
0.266894
0.243986
0.243986
0.000327808
0.000327808
0.19144
0.19144
0.302761
0.302761
0.284714
0.284714
0.408741
0.408741
0.469139
0.469139
0.268326
0.268326
0.187807
0.187807
0.142717
0.142717
0.605126
0.605126
0.624882
0.624882
0.638295
0.638295
0.610257
0.610257
0.632953
0.632953
0.581603
0.581603
0.573678
0.573678
0.589032
0.589032
0.597034
0.597034
0.590978
0.590978
-0.742646
-0.742646
-0.448924
-0.448924
-1.39616
-1.39616
-0.720178
-0.720178
-0.263935
-0.263935
0.535832
0.535832
0.509186
0.509186
0.769873
0.769873
0.644658
0.644658
0.676078
0.676078
0.660464
0.660464
0.620436
0.620436
0.590791
0.590791
0.61663
0.61663
0.637936
0.637936
0.338313
0.338313
0.448833
0.448833
0.423926
0.423926
0.430088
0.430088
0.333001
0.333001
0.26291
0.26291
0.561535
0.561535
0.559259
0.559259
0.591914
0.591914
0.615935
0.615935
0.588094
0.588094
0.618448
0.618448
0.51113
0.51113
0.510851
0.510851
0.51032
0.51032
0.506557
0.506557
0.504814
0.504814
0.507164
0.507164
0.0579118
0.0579118
0.025199
0.025199
0.0664857
0.0664857
0.0486857
0.0486857
0.0264453
0.0264453
0.0149088
0.0149088
-0.0137548
-0.0137548
-0.0239711
-0.0239711
-0.0303742
-0.0303742
-0.0294703
-0.0294703
-0.0149375
-0.0149375
-0.0110777
-0.0110777
0.173126
0.173126
0.110022
0.110022
0.0304087
0.0304087
0.0591541
0.0591541
-0.00186388
-0.00186388
-0.0703698
-0.0703698
-0.089797
-0.089797
0.0162842
0.0162842
0.112529
0.112529
0.102682
0.102682
0.405794
0.405794
0.654772
0.654772
0.474871
0.474871
0.642326
0.642326
0.485249
0.485249
0.540916
0.540916
0.46886
0.46886
0.459915
0.459915
0.484698
0.484698
0.380665
0.380665
0.461162
0.461162
0.253705
0.253705
-0.254974
-0.254974
-0.164287
-0.164287
0.795932
0.795932
0.806031
0.806031
0.581367
0.581367
0.407753
0.407753
0.174931
0.174931
0.350914
0.350914
0.539798
0.539798
0.468906
0.468906
0.504311
0.504311
0.573331
0.573331
0.560023
0.560023
0.0324046
0.0324046
0.0889299
0.0889299
0.379162
0.379162
0.605908
0.605908
0.242516
0.242516
0.233415
0.233415
0.226784
0.226784
0.412227
0.412227
0.329775
0.329775
))
(300 (2 1 3 0 0 1 918)(
0.98516 -0.000507885 0 
0.00501713 2.96625 0 
0.00749643 0.886586 0 
0.979704 0.00214532 0 
-0.0121715 2.06405 3.75148e-20 
-0.0070504 2.9488 -2.44921e-18 
0.82093 1.16565 4.50603e-19 
0.097859 0.0653488 -1.45747e-20 
0.999909 -0.000275641 0 
0.0663401 0.734516 0 
0.012333 0.481795 0 
0.731928 0.00345319 0 
0.0111114 2.9304 0 
0.00249862 2.79526 0 
-0.0179436 3.1478 7.81102e-19 
-0.0212551 1.91787 1.00342e-20 
0.285874 0.0559881 1.01822e-18 
0.188903 1.14351 3.171e-19 
0.962717 0.0050157 0 
0.00754637 0.45873 0 
-0.0130726 0.0513259 -6.81485e-19 
1.00197 -0.00497459 0 
1.00023 -0.00978371 0 
0.97574 -0.00643878 0 
0.598626 0.0291452 0 
0.0140471 2.64232 0 
-0.0148995 2.91001 8.99704e-19 
0.0109956 0.932451 0 
-0.018806 1.18206 0 
0.0131896 0.915802 0 
-0.0144999 2.58946 0 
-0.00112762 2.1178 -2.99624e-20 
-0.0111708 1.89865 0 
-0.0206003 2.98761 -8.79771e-23 
-0.0166826 3.00528 1.90334e-18 
0.00209654 3.00017 0 
0.87145 -0.00965849 0 
0.402079 0.93191 1.80753e-19 
0.807061 1.17945 -5.15541e-19 
0.958186 1.02588 5.6061e-19 
0.675031 1.27125 -1.04648e-19 
0.675469 1.245 6.01207e-19 
0.129352 0.119763 1.42176e-20 
0.132092 0.0561354 0 
1.16408 0.564923 0 
0.100853 0.0905423 6.42874e-20 
0.0659709 0.0465304 -6.6714e-20 
0.919922 -0.0074587 0 
1.00027 0.000162209 0 
0.999909 0.000339039 0 
1.00363 -0.00775801 0 
1.00096 -0.000918954 0 
1.00017 3.7792e-05 0 
0.0729359 1.82599 -7.70312e-19 
0.0325085 0.947619 0 
0.09803 0.814591 0 
0.0147944 0.89672 0 
0.0419154 0.651488 0 
0.00685104 2.01502 0 
-0.0025586 0.779282 0 
0.0135008 0.50108 0 
-0.00872629 0.77309 0 
0.00938304 0.470076 0 
0.842051 -0.0156584 0 
0.841923 0.0276915 0 
0.759019 0.00037611 0 
0.801145 0.0286753 0 
0.700669 0.0166712 0 
0.01468 3.00041 9.07578e-19 
0.0114796 3.00809 0 
0.00610124 3.00273 0 
0.0135348 2.99737 1.02908e-23 
0.00795819 2.95848 -1.34888e-18 
0.0145052 2.98204 0 
0.0108978 2.90354 0 
0.0242123 2.93093 2.0581e-24 
0.00474749 2.82513 0 
0.0302001 2.91664 0 
-0.00476097 2.74549 0 
0.304432 3.53987 0 
-0.131579 3.62033 0 
0.137284 3.23779 -7.26884e-19 
-0.0138172 2.9767 0 
-0.0256679 1.98598 0 
-0.00687557 2.17008 -9.89673e-21 
-0.0152245 1.92621 4.53666e-21 
0.339453 0.139627 -3.5364e-19 
0.317106 0.0328066 -3.43655e-19 
0.294026 0.143965 -1.05855e-18 
0.248297 0.0632476 -6.87502e-19 
0.229563 0.98459 0 
0.272492 1.29374 -3.6862e-19 
0.366404 1.22846 6.14929e-19 
0.98743 0.00857489 0 
0.941846 0.00582457 0 
1.0003 0.000581452 0 
1.00286 0.00931003 0 
1.00301 0.00847287 -2.74569e-18 
0.991907 0.0096952 2.07344e-18 
-0.0116124 0.773418 0 
0.00915373 0.464645 0 
-0.0491807 1.00819 0 
-0.0284164 0.820209 0 
0.00378376 0.462492 0 
-0.0626941 0.0930828 2.11391e-19 
0.0476194 0.0543575 0 
0.993555 -0.00836908 0 
0.954472 -0.00653369 0 
0.744701 0.0281185 0 
0.679282 0.0271179 0 
0.660625 0.0242953 0 
0.972282 -0.0071601 0 
0.589484 0.0732192 0 
0.454889 -0.0055146 1.54192e-18 
-0.0374566 2.86111 6.61876e-19 
0.0410262 2.90987 0 
0.0535465 2.88635 0 
-0.00478998 2.70105 0 
-0.0131387 2.98526 8.5101e-19 
-0.0177794 2.89505 0 
-0.0153697 2.98807 -2.64048e-18 
-0.0132853 2.92519 9.04215e-19 
-0.0313682 1.34827 0 
-0.00461947 1.37793 0 
-0.00710667 2.13548 5.16111e-22 
-0.00620626 2.09743 0 
-0.0234144 1.90565 0 
0.938688 -0.00736032 0 
0.857641 -0.00997462 0 
0.863179 0.00499075 0 
0.949657 -0.00779003 0 
0.884126 -0.00819948 0 
0.513352 1.1247 -2.28203e-19 
0.56252 1.17567 0 
0.36682 0.876966 3.36856e-20 
0.309615 0.735695 0 
0.920162 1.06231 -1.54824e-19 
1.03921 0.872096 3.15954e-19 
0.359414 1.35561 0 
0.527289 1.3268 0 
0.549504 1.26529 0 
0.121335 0.185191 -3.02937e-19 
0.161916 0.122648 0 
0.17563 0.0820963 1.9017e-19 
1.01003 0.926445 0 
1.0845 0.780243 0 
1.10976 0.721942 -2.52333e-19 
1.14346 0.624355 0 
1.19384 0.407848 5.76321e-20 
0.957798 -0.00868425 0 
0.962536 -0.0100222 0 
0.901796 -0.00798957 0 
0.98421 -0.00914088 0 
0.974724 -0.00932355 0 
0.93715 -0.00637513 0 
1.00019 0.00234083 0 
1.0009 0.00141619 0 
0.999909 0.000856014 0 
0.0355278 2.07274 4.26965e-19 
0.118627 1.76904 0 
0.0181256 2.18629 6.5588e-19 
0.0459749 1.88023 -5.46414e-19 
0.106482 1.14894 -2.59665e-19 
0.0494979 1.02794 0 
0.142912 0.980512 0 
0.0080451 0.851462 0 
0.0216738 0.586305 0 
-0.000790601 2.24154 -7.95355e-22 
0.016033 2.01892 0 
-0.00164572 2.24395 -2.752e-20 
0.00823593 2.02468 4.18505e-20 
0.00400407 0.820601 0 
0.00263821 0.794161 0 
0.0147064 0.536821 0 
-0.00940976 0.767714 0 
0.00446072 0.46319 0 
0.938782 0.00984747 0 
0.850787 -0.014591 0 
0.927869 0.000482087 0 
0.842837 -0.0128633 0 
0.810693 -0.00158054 0 
0.898878 0.0217505 0 
0.874701 0.0253943 0 
0.784596 -0.00190637 0 
0.00561294 3.06481 -8.44844e-21 
0.0167366 3.05776 0 
0.0146865 2.969 0 
0.00865827 2.87616 0 
0.919651 3.9515 0 
1.2327 3.28528 9.24853e-19 
0.0688292 3.06902 0 
-0.0294004 2.90209 0 
-0.00895796 1.40049 0 
-0.031007 1.69721 0 
-0.0177763 1.53337 0 
-0.0301187 2.54823 -8.54093e-21 
-0.0138431 2.2407 0 
-0.0198738 2.38801 0 
-0.00119435 1.9525 7.37768e-22 
-0.00341718 2.24055 -8.76365e-21 
-0.0053174 2.20479 -4.78177e-21 
-0.00911133 1.93748 0 
0.391874 0.123012 5.40357e-19 
0.365236 0.0202657 -5.30217e-19 
0.258605 1.58542 0 
0.277973 0.757752 -3.15704e-19 
0.176882 1.67265 -1.04732e-18 
0.225802 1.22067 1.0496e-18 
0.90197 0.00626202 0 
0.96737 0.0111566 0 
0.974528 0.0108184 0 
0.923265 0.00639428 0 
-0.0113842 0.76588 0 
-0.0122419 0.767518 0 
0.00595962 0.458579 0 
0.0914047 0.0702621 5.93247e-19 
0.0854741 0.0511976 -7.01473e-19 
0.0453078 0.0399536 0 
1.10106 0.0869058 2.69844e-20 
1.0831 0.0398946 0 
1.01455 0.040314 0 
0.908253 -0.00518136 0 
0.445486 0.104046 0 
0.505545 0.0869625 -2.46427e-18 
0.4094 0.0140903 9.21724e-19 
0.00860916 2.98065 7.11112e-19 
-0.0328379 2.86513 4.65239e-20 
0.00362407 3.05024 -1.7895e-20 
0.0202412 3.04336 6.36919e-19 
-0.0150135 2.99659 2.97032e-20 
-0.0129467 2.94949 -1.19536e-22 
-0.0172516 3.01191 -5.50128e-19 
0.014879 3.02372 3.98055e-19 
0.00738679 3.0368 -6.30213e-19 
0.934202 -0.0011598 0 
0.939608 -0.00315963 0 
0.846201 -0.00945263 0 
0.956458 0.0120503 0 
0.942433 0.013619 0 
0.881557 0.00552739 0 
0.915995 0.018399 0 
0.925342 0.0157355 0 
0.837984 0.00120096 0 
0.715672 1.4016 3.87913e-20 
0.748963 1.5102 0 
0.180727 0.314013 7.06583e-20 
0.229453 0.669398 5.68328e-19 
0.262387 0.719857 -3.32076e-19 
0.262536 0.519236 6.60967e-19 
0.346682 0.812546 1.59399e-18 
0.141002 0.230799 3.76131e-19 
0.24901 0.145987 7.27277e-19 
0.205119 0.140831 1.88525e-19 
0.213604 0.0723478 3.56921e-19 
1.18279 0.465888 6.67265e-20 
1.19784 0.258096 6.18298e-20 
0.0103023 2.23476 2.52165e-19 
0.0402365 1.94831 0 
0.971453 0.0295597 0 
0.943879 0.0140509 0 
0.8698 -0.0177864 0 
0.0112318 3.07418 0 
0.0195705 2.94401 1.1636e-18 
0.0164166 2.95626 0 
0.00643943 2.85065 -1.15423e-18 
0.00630365 3.09083 2.82124e-19 
0.00726376 3.08275 0 
0.78169 1.81148 -1.58169e-19 
1.24055 2.48659 4.01327e-19 
0.763663 1.95075 -1.22582e-18 
0.019598 2.98008 -6.12323e-19 
0.0351325 2.9989 0 
-0.034466 2.87637 0 
-0.00378449 2.22372 -1.30431e-20 
-0.00293214 2.24478 1.41506e-20 
0.00151965 1.98711 -7.14349e-21 
0.278292 1.39485 1.02464e-18 
0.239464 0.552844 -7.02539e-19 
0.0637138 1.99769 7.61253e-19 
0.135109 1.88407 -9.08995e-19 
0.180062 1.51197 9.5114e-20 
0.00207764 3.11849 -1.75715e-18 
0.0164179 3.11794 1.88431e-18 
-0.00918389 2.98103 7.80942e-19 
-0.00359689 2.97732 -7.37297e-19 
-0.0210409 2.88112 -7.95368e-19 
0.00859748 3.09953 -2.09647e-18 
0.00219932 3.10642 2.04713e-18 
0.282925 0.696205 0 
0.249089 0.684878 -1.18274e-18 
0.0959802 0.225167 5.25082e-19 
0.358137 0.939756 1.11382e-18 
0.196076 0.276895 -1.71732e-18 
1.18858 0.175923 6.21951e-20 
1.19818 0.312913 0 
1.17699 0.123393 -5.20984e-21 
0.00164669 2.25309 -1.44835e-21 
0.00499267 2.2447 0 
0.0246045 1.98425 0 
0.340016 1.30386 -3.67845e-19 
0.37512 1.15148 -8.00179e-19 
0.210789 0.379039 1.42703e-18 
1.00588 -0.0108247 0 
1.00767 -0.00763176 5.06493e-19 
-0.0263883 1.3291 0 
-0.0394134 1.3291 0 
1.00221 0.00351601 1.81267e-21 
1.00366 0.00947344 1.03421e-18 
-0.0185756 2.53282 1.08244e-20 
-0.023816 2.57536 0 
0.0341869 3.17665 4.03842e-19 
0.389689 3.48268 0 
1.17777 0.666295 -5.59317e-20 
1.01285 0.0131471 -2.12828e-21 
1.02136 -0.0102726 0 
1.0017 0.000131791 7.89236e-23 
0.112495 1.37065 0 
0.143194 2.5672 0 
0.0329652 1.31761 0 
3.42872e-05 2.618 2.64125e-20 
-0.0212595 2.57469 1.79035e-21 
0.999026 0.0310689 2.34418e-21 
1.06329 0.00484556 0 
1.09796 0.02541 0 
-0.029502 1.74061 0 
-0.0181703 2.57582 0 
-0.00778302 1.31689 0 
0.311361 1.48295 -1.68413e-19 
1.01131 -0.00961013 0 
1.0094 -0.0149146 0 
1.00237 0.000756051 6.47304e-19 
1.00547 -0.00479639 -7.60796e-19 
1.00118 -0.000964847 0 
-0.0160261 1.46787 0 
-0.00673624 1.37994 0 
-0.00863794 1.42535 0 
-0.0117899 1.30417 0 
-0.0219439 1.29139 0 
-0.0132588 1.27457 0 
1.0351 -0.00599973 0 
1.01951 0.01565 -9.43535e-22 
0.823295 1.27541 2.62e-19 
1.00223 0.000323234 -6.44809e-19 
1.00406 0.00526506 7.54938e-19 
1.00118 0.00207789 0 
1.01271 0.0103743 6.4177e-19 
1.00798 0.00831729 -7.77595e-19 
1.00856 0.0146986 0 
-0.0233497 2.60346 0 
-0.0254554 2.58292 -1.95406e-20 
-0.0227308 2.59709 1.38554e-20 
1.23915 0.269337 5.77999e-19 
1.16337 0.0876094 0 
0.0396584 3.07796 -9.04617e-19 
0.0650916 2.85663 -6.57544e-20 
0.138139 3.19179 1.38591e-18 
0.133307 3.21957 -1.94409e-19 
0.132485 3.23014 0 
0.0196344 3.13723 2.33337e-19 
0.0742778 3.15994 8.91975e-19 
0.0671844 3.18494 -4.39897e-19 
0.0218298 3.1301 0 
0.564536 0.281768 0 
0.503462 0.303241 0 
1.14974 0.702431 1.25945e-19 
1.14292 0.823867 -1.08267e-19 
1.20565 0.589299 0 
1.23288 0.52317 0 
1.01601 0.0133897 -1.19628e-18 
1.01499 0.0142537 1.5018e-18 
1.02541 -0.00978549 0 
1.02347 -0.0118355 0 
1.00642 0.00265212 0 
1.01041 0.00375413 0 
1.00458 0.00186908 0 
1.00978 0.00626354 0 
1.0078 0.0059695 0 
1.00451 0.00472837 0 
0.100812 1.3691 0 
0.0987561 1.33185 0 
0.131404 1.4052 0 
0.149843 1.41014 0 
0.145237 2.59236 0 
0.184847 2.66282 -4.22516e-19 
0.101532 2.64736 0 
0.0852416 2.65027 1.97294e-19 
0.0387987 2.67297 -1.46603e-19 
0.0198433 1.33017 0 
0.0267346 1.24947 0 
0.0232403 1.34033 0 
0.0460297 1.27247 0 
0.00370394 1.98159 5.22013e-21 
-0.0201044 2.60253 -2.17813e-20 
-0.00806593 2.6593 1.08592e-20 
-0.0178902 2.6786 0 
-0.0229178 2.60808 1.08385e-22 
-0.0229813 2.60305 1.60902e-20 
0.0125506 1.97965 -5.03363e-22 
-0.00746306 2.38938 2.92207e-20 
-0.0131422 2.41244 -1.23158e-20 
1.01237 0.0396192 1.21149e-18 
1.005 0.0204151 -1.50762e-18 
1.00466 0.0466266 -1.23354e-18 
0.978098 0.0387219 1.55239e-18 
1.0645 0.0086614 0 
1.04958 -0.00814284 0 
1.09497 0.0355384 0 
1.07468 0.0132311 0 
1.07249 0.000837242 0 
1.14095 0.0842539 0 
1.11245 0.045233 0 
1.11648 0.0329879 0 
-0.0253666 2.42622 1.28834e-21 
-0.0143155 2.01204 0 
-0.0169236 2.21297 0 
-0.020106 2.59638 -1.18518e-20 
-0.0173054 2.60646 2.32666e-22 
0.00264266 1.57992 -3.81384e-20 
-0.00729856 1.50798 3.88752e-20 
-0.0173283 1.39763 0 
-0.0206955 1.40402 0 
-0.027024 1.39862 0 
-0.00582134 1.31816 0 
0.00681475 1.23902 0 
0.387174 1.50043 2.7428e-19 
0.430458 1.50104 1.45382e-19 
0.597282 2.443 -2.40394e-19 
0.397795 2.54025 7.07011e-19 
0.348978 2.05045 7.15908e-20 
1.02109 -0.00808981 0 
1.01552 -0.00973356 0 
1.01493 -0.0154991 0 
1.0074 -0.00105475 0 
1.00493 -0.000903952 0 
1.00779 -0.00467231 0 
1.00928 -0.00358784 0 
1.01424 -0.00434905 0 
1.02024 0.0164652 1.17245e-18 
1.01752 0.0154399 -1.49753e-18 
1.0206 0.0186815 -1.18219e-18 
1.01808 0.0169006 1.4811e-18 
0.78651 1.32603 0 
0.722173 1.37688 2.48022e-19 
0.899322 1.22605 9.95173e-20 
0.945218 1.17163 -1.32433e-19 
1.15375 2.5975 2.81784e-19 
0.765343 0.123477 6.00008e-19 
1.16432 0.110291 0 
1.21382 0.19619 -4.65304e-19 
1.20132 0.156457 -1.98349e-20 
1.00599 0.158592 0 
0.127278 2.95831 5.2781e-19 
0.103303 2.86397 -1.14693e-18 
0.00931252 2.37619 7.64449e-19 
0.102803 -0.171562 -3.17609e-19 
0.334611 3.41305 -2.16508e-19 
0.190019 3.30806 0 
0.234042 3.3483 2.81971e-19 
0.237957 3.03074 -1.76807e-18 
0.331394 3.18891 0 
0.00568164 3.12115 4.55486e-20 
0.0154364 3.12984 -5.3793e-19 
0.0138905 3.12592 7.91717e-19 
0.0344789 3.14003 0 
0.0329983 3.15011 0 
1.20874 2.59475 0 
0.548635 0.799311 -5.27259e-19 
1.06917 0.996415 -1.091e-20 
1.00429 1.08072 0 
0.857766 0.975328 -1.08981e-19 
1.09575 0.897617 2.78102e-20 
0.298357 0.316383 -8.32408e-19 
0.646177 0.326416 -1.68716e-20 
0.532582 0.219427 4.0525e-19 
0.525867 0.336802 2.91881e-20 
0.417013 0.269762 -1.17123e-18 
0.602194 0.326754 0 
0.712163 0.42929 6.62199e-19 
0.709757 0.430049 0 
0.566386 0.343025 0 
0.479053 0.245029 0 
0.831679 0.627766 4.07061e-19 
1.24048 0.291873 -4.8608e-19 
1.24099 0.431239 0 
1.24914 0.371395 0 
0.674344 0.196207 6.20921e-19 
0.876679 0.558399 -3.70623e-19 
0.776395 0.535797 6.62049e-19 
0.963496 0.450647 -7.32021e-19 
1.01901 0.0150359 8.02945e-19 
1.01746 0.0143931 -8.07961e-19 
1.01591 0.0152502 0 
1.03657 -0.0055423 0 
1.02996 -0.00833281 -7.57591e-19 
1.02801 -0.0119321 7.50061e-19 
1.0249 0.0107352 0 
1.02333 0.0146099 0 
1.01141 0.00418806 0 
1.01417 0.00918513 0 
1.01516 0.00422701 0 
1.01426 0.00292352 0 
0.0723278 1.35297 0 
0.0803136 1.2988 0 
0.148306 1.38594 8.08448e-21 
0.281921 1.48134 8.94657e-20 
0.176913 1.45205 1.88053e-19 
0.209607 1.45738 -3.06698e-19 
0.177391 1.41149 0 
0.135647 1.59971 -7.02097e-20 
0.120599 1.57927 0 
0.344757 1.99968 -1.041e-19 
0.341563 2.33666 6.13129e-19 
0.196934 1.46564 6.12096e-20 
0.269237 1.39801 2.33772e-20 
0.202199 1.39083 -1.88674e-20 
0.278751 1.34094 -1.03681e-19 
0.24217 1.57866 0 
0.269664 1.61542 1.12724e-19 
0.0304969 2.25647 -2.85642e-20 
0.043724 2.66228 0 
0.0664046 2.39326 1.35377e-19 
0.0631865 2.41412 0 
0.0697191 2.66393 -2.18644e-19 
0.0493073 2.69248 0 
0.0284408 1.44788 3.66882e-20 
0.036079 1.49502 0 
0.0327097 1.41356 0 
0.0272213 1.42051 -4.14005e-20 
0.000762154 2.64559 -1.67979e-20 
0.0297666 2.69138 1.64342e-19 
0.010511 2.71638 1.15503e-21 
0.00483371 1.839 -6.40086e-21 
-0.00164803 1.69325 -4.54329e-21 
0.0141644 1.30824 0 
0.0220539 1.22249 0 
0.045207 1.59538 -2.9493e-20 
0.0345296 1.47583 -3.54944e-20 
0.0384616 1.53796 4.42934e-20 
0.0400894 1.61917 0 
-0.0292562 2.26645 9.98034e-20 
-0.0302977 2.54312 -4.15636e-20 
-0.0163445 2.44114 4.42542e-21 
-0.00259933 1.85411 7.7541e-21 
-0.0254925 2.49336 3.24782e-21 
-0.0203028 2.43763 -3.49e-21 
1.01876 0.0219619 -8.03275e-19 
1.0155 0.0283156 8.066e-19 
1.01275 0.0176066 0 
1.00991 0.0712119 1.12946e-18 
0.991914 0.0614634 -1.26149e-18 
0.951091 0.0572765 1.41063e-18 
1.01388 0.112129 -1.50456e-19 
1.04302 -0.00551582 0 
1.05146 -0.00109164 7.22355e-19 
1.03931 -0.00968873 -7.23811e-19 
1.07226 0.0431557 -4.29561e-20 
1.06523 0.0243615 3.70539e-19 
1.06302 0.0573919 0 
1.05424 0.0507704 -1.33257e-19 
1.03205 0.0424244 0 
1.02642 0.0390779 0 
1.02802 0.013912 0 
1.02395 0.0165467 0 
1.0402 0.0332686 2.74449e-19 
1.03871 0.0271442 -6.06851e-19 
1.05155 0.0348728 -2.90919e-19 
1.04831 0.0350332 -3.20356e-19 
1.07182 0.065648 6.25308e-19 
1.09736 0.0535415 0 
1.10673 0.0979243 0 
-0.024903 2.27138 5.55723e-20 
-0.0242986 2.01762 1.07937e-21 
-0.0203684 2.02503 0 
-0.0263727 2.43981 -5.53193e-20 
-0.021624 2.3963 -2.3093e-21 
-0.0325565 2.46708 5.66304e-21 
-0.0203544 2.61554 -1.43399e-20 
-0.0228323 2.55708 2.40785e-22 
-0.0214412 2.50895 -4.00922e-21 
-0.0154956 2.60939 1.16036e-20 
-0.0204993 2.61143 -1.2579e-20 
-0.00644999 1.50623 -7.88032e-22 
0.00321453 1.62772 -3.67242e-20 
0.372208 1.44933 -1.15919e-19 
0.372097 1.3826 3.72271e-20 
0.662766 1.42694 -2.39917e-19 
0.529385 1.49378 -1.42829e-19 
0.587596 1.45965 0 
0.593011 2.42012 2.06924e-19 
0.661561 2.41594 3.37596e-19 
0.410905 2.50946 8.809e-20 
0.402167 2.53354 -6.0754e-19 
0.509945 2.4743 6.13543e-19 
0.553043 2.4568 0 
0.487622 2.51465 -5.58957e-19 
0.248021 2.58667 1.1414e-18 
0.35445 2.55879 -7.71558e-20 
0.283596 2.64838 -1.58408e-18 
0.948174 2.37294 7.29018e-19 
0.838115 2.37857 0 
1.01108 0.000542927 2.62603e-20 
1.01537 -0.00534795 -2.13002e-20 
1.01769 -0.0034483 -3.89026e-19 
1.01505 -0.000809506 3.91143e-19 
1.01247 0.00129563 0 
0.649846 1.29155 0 
0.673822 1.18544 0 
0.78795 1.10424 0 
0.666964 1.14882 0 
1.18389 2.61095 5.99623e-20 
1.07189 2.3584 0 
0.833055 2.16032 3.86976e-21 
0.823185 2.42733 0 
0.921368 2.52138 -4.23392e-19 
0.956569 2.47747 2.81618e-19 
0.796159 0.184962 0 
0.736748 0.156638 1.62919e-19 
0.905622 0.152621 9.48822e-19 
0.821734 0.156496 -3.54875e-19 
0.776875 0.0908363 -1.09678e-18 
1.08323 0.243273 -8.91464e-19 
0.999962 0.30743 -1.80946e-20 
0.927033 0.311193 8.58986e-19 
1.00678 0.236739 7.21822e-19 
0.947381 0.200748 -1.25515e-18 
0.909029 0.205207 1.57037e-19 
0.946533 0.272661 -3.33009e-19 
0.925317 0.231866 0 
0.996403 0.197463 6.18927e-19 
1.04739 0.196035 0 
1.04527 0.224572 0 
1.10786 0.122373 2.89744e-19 
1.07218 0.182549 -1.51671e-20 
1.0765 0.243262 -1.57719e-19 
1.10186 0.208931 0 
1.02183 0.0466465 6.18227e-19 
1.03938 0.0601343 7.72352e-19 
1.03389 0.0457766 -6.14285e-19 
1.04258 0.0681867 -5.18209e-19 
1.01864 0.0761604 -7.95887e-19 
0.98468 0.160876 0 
0.989201 0.106618 0 
0.965668 0.0767086 -5.01775e-19 
0.904085 0.0983653 1.99857e-19 
1.04032 0.108741 7.16376e-19 
1.06954 0.125863 -8.35822e-19 
1.07695 0.158362 7.46485e-19 
1.03181 0.153165 0 
1.07505 0.113099 0 
1.05383 0.0938791 -3.4263e-19 
1.0437 0.0992814 -5.84465e-19 
0.578518 1.05172 1.41156e-19 
0.602604 1.37482 -4.26767e-20 
1.15376 2.72651 -2.29589e-19 
1.21919 3.06909 2.6147e-21 
1.24538 2.70968 -1.26493e-19 
1.27354 2.6928 -3.01541e-20 
1.20076 2.33297 -1.12352e-20 
1.20695 2.97291 -9.57499e-20 
1.22724 2.93848 2.37786e-19 
1.20918 3.22176 -1.41685e-19 
1.36855 2.95239 1.9575e-19 
1.35689 2.87039 0 
0.567814 0.808488 -5.05471e-20 
0.10448 1.21864 5.68872e-19 
0.562945 0.33727 5.45282e-19 
0.401358 0.0830764 5.88554e-19 
0.467101 0.310305 6.64782e-19 
0.547906 0.426698 -1.08159e-18 
0.550478 0.421815 8.86174e-19 
0.460913 0.296085 -3.36457e-19 
0.328226 0.224823 7.55006e-19 
0.702419 0.272062 -3.58955e-19 
0.659645 0.293563 0 
0.591416 0.208043 6.16107e-21 
0.746803 0.511472 3.59181e-19 
0.728145 0.481522 -1.30569e-18 
0.625981 0.445426 9.86016e-21 
0.619577 0.436314 0 
0.696931 0.717469 3.95665e-19 
0.860133 0.781376 3.92098e-19 
0.783488 0.863666 -4.58883e-19 
0.905197 0.818632 -1.52808e-19 
0.935937 0.863882 -3.67594e-20 
0.942948 0.863504 3.76455e-20 
0.871262 0.663454 -6.74064e-19 
0.951201 0.716471 1.41882e-19 
1.01059 0.730942 0 
1.00149 0.707362 -1.91595e-19 
1.03 0.348201 2.11102e-19 
1.15123 0.308712 2.86428e-19 
1.07142 0.280798 3.64294e-19 
1.02071 0.380873 -4.29518e-19 
1.06939 0.443053 0 
1.12542 0.423299 0 
0.921137 0.384172 1.14816e-21 
0.837772 0.319315 0 
0.887248 0.318533 4.05778e-19 
0.909776 0.319612 -8.49604e-21 
0.958617 0.454293 2.0391e-18 
0.920305 0.509389 5.23647e-19 
0.924497 0.476099 -5.58769e-19 
0.839019 0.464772 5.99974e-19 
0.824092 0.45969 3.59571e-19 
0.793946 0.442687 -3.53228e-19 
1.02745 -0.000149863 6.48063e-19 
1.02003 0.000133611 0 
1.01856 0.00105992 4.22582e-19 
1.02176 -0.00147659 -9.57251e-19 
1.02241 0.00460479 4.65046e-19 
1.02031 0.0116659 -9.73825e-19 
1.02121 0.011032 0 
1.02038 0.0112747 -2.02969e-19 
1.01592 0.00791959 5.09245e-19 
1.01655 0.0107196 -2.54104e-19 
1.01726 0.0100626 1.8709e-19 
0.0356938 1.33023 0 
0.0411803 1.38543 0 
0.0528812 1.32998 0 
0.0606189 1.27751 0 
0.0750073 1.40163 -4.97541e-20 
0.0855976 1.36704 2.19946e-20 
0.112822 1.54887 -1.44725e-20 
0.107718 1.38883 -4.64073e-21 
0.0398765 1.4807 2.13354e-20 
0.043473 1.47447 -1.64354e-20 
0.0677217 1.38916 -1.10964e-20 
0.0607299 1.39017 4.71943e-20 
0.0540995 1.36772 7.00734e-21 
0.0453201 1.39109 4.0475e-21 
0.107147 2.36081 -1.49544e-19 
0.0959497 2.40961 0 
0.168695 2.03463 1.08831e-19 
0.114721 1.70267 4.00543e-20 
0.234452 2.03251 -8.95641e-20 
0.199491 2.42333 0 
0.262154 2.37328 -6.05258e-19 
0.302175 2.37102 4.27615e-19 
0.228362 1.9923 -2.49765e-19 
0.154518 2.15107 1.69013e-19 
0.141531 2.25783 0 
0.0180876 1.87765 8.61792e-21 
0.000686374 2.38485 -3.0572e-20 
0.00587646 2.14205 0 
0.0113244 2.44903 -1.36417e-20 
0.0290497 2.29178 7.50978e-21 
0.016918 1.42747 -7.81172e-21 
0.0135673 1.40898 1.30902e-19 
0.0129071 1.41662 -4.34237e-20 
0.022458 1.42241 -3.62298e-20 
0.0266089 1.45169 0 
0.00853721 1.39887 0 
-0.000734261 1.30322 -5.31726e-20 
0.00417328 1.39105 1.52407e-20 
0.00890787 1.39012 0 
0.00682603 1.29528 -4.01273e-20 
0.0162733 1.21114 8.11747e-20 
1.04085 0.0121653 0 
1.04709 0.00843243 -6.77878e-20 
1.03889 0.022706 -4.88998e-19 
1.04869 0.0213787 0 
1.05248 0.0211567 0 
1.03652 0.0123917 -6.80186e-21 
1.03115 0.0122593 7.86222e-19 
1.03169 0.0173126 9.52714e-19 
1.02564 0.0212641 0 
1.02255 0.0217001 0 
1.03532 0.0262446 4.87762e-19 
1.02606 0.0280693 0 
1.02381 0.0279798 0 
-0.0176622 2.02249 0 
-1.36254e-05 1.65806 -4.46104e-21 
-0.00429324 1.76349 -3.07472e-20 
-0.00281008 1.39792 0 
-0.00702549 1.56194 -2.07777e-20 
-0.0101274 1.47407 1.2702e-20 
-0.00773291 1.41321 0 
0.388431 1.63955 0 
0.374886 1.30843 -7.33881e-20 
0.300688 1.33996 0 
0.426801 1.30737 8.80952e-21 
0.47758 1.47152 0 
0.457932 1.41595 2.43276e-20 
1.03626 2.67301 -1.541e-20 
0.96849 2.40141 -9.16195e-19 
0.921828 2.19033 1.0269e-18 
0.852183 2.3704 2.42377e-19 
0.847622 2.48226 0 
0.917318 2.47831 0 
0.931527 2.3665 0 
0.910456 2.35607 -9.46406e-19 
0.686354 2.44565 -3.95242e-19 
0.799605 2.43506 -9.79266e-20 
0.809902 2.40916 7.43717e-20 
0.695427 2.3889 0 
0.800699 2.38423 0 
0.758765 2.39781 -3.69013e-19 
0.767152 2.47205 0 
0.634791 1.09421 0 
0.479811 0.895349 -5.17171e-19 
0.570341 0.941575 -3.26981e-20 
0.518559 1.03018 0 
0.519032 0.971944 7.74055e-19 
0.803999 0.886567 -1.29443e-19 
0.811937 1.02224 0 
0.787254 0.988743 1.84534e-19 
0.671843 1.0344 0 
0.672958 0.935164 0 
1.16295 2.74982 -2.31116e-19 
1.14037 2.81318 -9.84005e-20 
0.92813 2.3263 1.02757e-19 
0.895974 2.30598 -8.39889e-20 
1.12863 2.72279 0 
1.08256 2.69216 1.01035e-19 
1.08841 2.47621 -3.14374e-19 
0.983053 2.22971 -3.02789e-20 
0.491238 1.32642 0 
0.507304 1.0578 -1.244e-19 
0.578613 1.16753 0 
0.851196 0.250961 0 
0.75682 0.200553 0 
0.662942 0.155457 0 
0.843457 0.252234 -6.32361e-19 
0.726907 0.245795 3.74055e-19 
0.921565 0.0911138 -4.11941e-19 
0.924649 0.133212 0 
0.912485 0.14187 1.77965e-19 
0.848853 0.118626 7.11509e-19 
0.813288 0.079555 -4.45974e-19 
1.15422 3.34659 -7.15292e-19 
1.20341 3.26617 0 
1.15185 3.37572 -1.48526e-18 
0.640209 3.53747 1.25953e-18 
0.861078 3.10652 6.97426e-20 
0.523485 0.791094 6.07264e-19 
0.422457 0.78865 0 
0.302705 0.364116 -1.48149e-19 
0.478021 0.646488 8.55687e-19 
0.568797 0.342971 -1.9272e-19 
0.518667 0.460168 2.29365e-19 
0.677288 0.511777 4.86195e-19 
0.719911 0.553597 0 
0.668871 0.570172 0 
0.63597 0.523965 0 
1.01167 0.617792 8.72164e-20 
0.926062 0.559042 -5.0992e-19 
0.951741 0.590219 3.83685e-19 
0.981116 0.530429 -3.95172e-19 
1.08935 0.497699 0 
1.09794 0.589172 -9.59071e-20 
0.858176 0.41706 -8.27983e-19 
0.855825 0.405131 -1.02728e-18 
0.788695 0.399261 6.29837e-19 
0.797579 0.387777 -6.40371e-19 
0.844241 0.343642 -5.19281e-19 
0.79115 0.340199 6.34824e-19 
1.02673 0.00620021 -4.93636e-19 
1.02644 0.00641429 1.00357e-18 
1.02952 0.000304304 6.2798e-19 
1.03374 0.00122044 -7.5636e-19 
1.03389 0.00935535 0 
1.03016 0.0100523 -1.23111e-18 
0.0632962 1.63812 1.87779e-20 
0.0517571 1.59024 0 
0.0909657 1.68768 1.2478e-19 
0.0981726 1.66892 -1.10397e-19 
0.09154 1.54949 2.58737e-20 
0.0907394 1.55104 0 
0.0126269 1.69224 0 
-0.00432543 1.50585 8.90978e-21 
-0.00253951 1.45177 -8.01393e-21 
-0.00817328 1.55918 5.36736e-21 
0.0026535 1.88555 1.30154e-20 
-0.00958958 1.93861 -2.62795e-21 
0.496781 1.35459 -2.7816e-19 
0.490462 1.35455 3.05724e-19 
0.454419 1.30282 -3.24303e-20 
0.436892 1.28224 7.8205e-21 
0.641997 1.30973 0 
0.55671 1.40017 1.04987e-19 
0.572737 1.40711 -1.02211e-19 
0.468391 1.29434 3.16431e-20 
0.523696 1.2423 0 
0.575132 1.20472 0 
0.653361 2.40537 5.80601e-19 
0.669 2.44729 1.25921e-18 
0.713386 2.45809 -8.67698e-19 
0.609449 2.4321 -2.01808e-19 
0.559753 2.52179 2.83803e-19 
0.509028 2.49673 -7.56699e-19 
0.978115 2.37303 -5.74749e-19 
1.01199 2.38509 0 
0.925768 2.16839 -6.59565e-19 
1.05366 2.67118 0 
1.05597 2.65776 0 
0.595928 2.25375 -1.32096e-19 
1.03529 3.15207 1.24303e-19 
0.906501 3.02258 -2.68902e-20 
0.260746 0.835287 0 
0.285352 0.67617 -3.17769e-19 
0.456789 0.636826 -3.20502e-19 
0.376107 1.99755 0 
0.460751 2.77778 -4.85495e-20 
0.413865 2.54028 0 
0.721871 0.667816 -8.35286e-19 
0.806896 0.688432 1.11513e-18 
0.826253 0.628642 -1.10163e-18 
0.698483 0.631252 -1.06842e-19 
0.753403 0.590117 -4.37202e-19 
0.999489 2.75025 -9.45408e-20 
1.0411 2.81244 -1.68533e-19 
0.629827 2.11529 7.08634e-19 
0.581599 1.68426 -5.04532e-19 
0.692264 1.88534 -4.1088e-19 
0.985853 2.43431 -1.1296e-19 
0.993227 2.42727 2.99233e-19 
0.646987 1.81762 2.85503e-20 
0.438663 1.30539 1.45709e-19 
))
(300 (2 10 3 0 0 919 1018)(
0 0 0 
0 0 0 
0 0 0 
0 0 0 
0 0 0 
0 0 0 
0 0 0 
0 0 0 
0 0 0 
0 0 0 
0 0 0 
0 0 0 
0 0 0 
0 0 0 
0 0 0 
0 0 0 
0 0 0 
0 0 0 
0 0 0 
0 0 0 
0 0 0 
0 0 0 
0 0 0 
0 0 0 
0 0 0 
0 0 0 
0 0 0 
0 0 0 
0 0 0 
0 0 0 
0 0 0 
0 0 0 
0 0 0 
0 0 0 
0 0 0 
0 0 0 
0 0 0 
0 0 0 
0 0 0 
0 0 0 
0 0 0 
0 0 0 
0 0 0 
0 0 0 
0 0 0 
0 0 0 
0 0 0 
0 0 0 
0 0 0 
0 0 0 
0 0 0 
0 0 0 
0 0 0 
0 0 0 
0 0 0 
0 0 0 
0 0 0 
0 0 0 
0 0 0 
0 0 0 
0 0 0 
0 0 0 
0 0 0 
0 0 0 
0 0 0 
0 0 0 
0 0 0 
0 0 0 
0 0 0 
0 0 0 
0 0 0 
0 0 0 
0 0 0 
0 0 0 
0 0 0 
0 0 0 
0 0 0 
0 0 0 
0 0 0 
0 0 0 
0 0 0 
0 0 0 
0 0 0 
0 0 0 
0 0 0 
0 0 0 
0 0 0 
0 0 0 
0 0 0 
0 0 0 
0 0 0 
0 0 0 
0 0 0 
0 0 0 
0 0 0 
0 0 0 
0 0 0 
0 0 0 
0 0 0 
0 0 0 
))
(300 (2 11 3 0 0 1019 1026)(
1 0 0 
1 0 0 
1 0 0 
1 0 0 
1 0 0 
1 0 0 
1 0 0 
1 0 0 
))
(300 (2 12 3 0 0 1027 1030)(
0 3 0 
0 3 0 
0 3 0 
0 3 0 
))
(300 (2 13 3 0 0 1031 1038)(
0.00749643 0.886586 0 
-0.0121715 2.06405 3.75148e-20 
-0.018806 1.18206 0 
-0.0144999 2.58946 0 
-0.0256679 1.98598 0 
-0.00461947 1.37793 0 
-0.0177763 1.53337 0 
-0.0198738 2.38801 0 
))
(300 (2 14 3 0 0 1039 1072)(
0 0 0 
0 0 0 
0 0 0 
0 0 0 
0 0 0 
0 0 0 
0 0 0 
0 0 0 
0 0 0 
0 0 0 
0 0 0 
0 0 0 
0 0 0 
0 0 0 
0 0 0 
0 0 0 
0 0 0 
0 0 0 
0 0 0 
0 0 0 
0 0 0 
0 0 0 
0 0 0 
0 0 0 
0 0 0 
0 0 0 
0 0 0 
0 0 0 
0 0 0 
0 0 0 
0 0 0 
0 0 0 
0 0 0 
0 0 0 
))
(300 (2 15 3 0 0 1073 1072)(
))
