(0 "FOAM to Fluent data File")

(33 (918 3444 1074))
(300 (1 1 1 0 0 1 918)(
0.510183
1.1608
0.0023571
0.509465
-0.0284084
1.12783
-0.548524
0.681133
0.490296
-0.133638
-0.0710425
0.484246
0.988519
0.756297
-1.17612
0.0430638
0.632149
-0.425873
0.489292
-0.169468
0.713913
0.496909
0.499946
0.490537
0.55056
0.736523
0.869629
-0.0742657
-0.0074304
-0.0458371
-0.0614313
-0.0939754
-0.0790893
1.01146
1.06257
1.08526
0.45878
0.285122
-0.407422
-0.479216
-0.470192
-0.597362
0.672811
0.674851
-0.21535
0.681639
0.691486
0.477562
0.48966
0.490555
0.491665
0.490606
0.492009
0.368904
-0.142311
-0.171778
-0.111918
-0.104571
0.0427185
-0.0725368
-0.0778276
-0.0699279
-0.0793126
0.410733
0.480511
0.4776
0.488875
0.496409
1.10035
1.07225
1.09839
1.01214
1.0286
0.96647
0.939082
0.77567
0.79733
0.743101
0.730036
-1.61439
-2.57763
-0.579729
-0.324975
-0.0454709
0.0584964
0.0490299
0.622819
0.623084
0.632939
0.64537
1.03172
-0.421787
-0.547754
0.489436
0.488226
0.496611
0.497302
0.493311
0.492406
-0.171142
-0.153362
-0.136915
-0.168389
-0.152498
0.702666
0.701605
0.491082
0.488103
0.503902
0.523838
0.515977
0.245143
0.555559
0.570406
0.558176
0.724868
0.720317
0.72843
0.843158
0.807371
0.9066
0.929718
-0.0494222
-0.0433214
0.0777574
-0.00208664
0.0304222
0.454749
0.447518
0.47336
0.46212
0.464522
0.200319
0.0646803
0.371535
0.397022
-0.318012
-0.381244
-0.482153
-0.501201
-0.612737
0.553805
0.660952
0.661899
-0.234876
-0.155283
-0.292916
-0.0818497
-0.143578
0.468021
0.474883
0.469971
0.485298
0.479816
0.481748
0.493881
0.490968
0.492523
0.431983
0.556261
0.295859
0.262524
-0.286205
-0.190413
-0.28785
-0.0931375
-0.0873114
0.0473828
0.0657731
0.0349537
0.0252845
-0.0853259
-0.0794393
-0.0847108
-0.0892965
-0.0957324
0.403623
0.393107
0.422701
0.429649
0.471253
0.472288
0.475216
0.47391
0.889751
0.91216
0.919756
0.893466
-3.57975
-6.38512
0.00450496
0.143617
-0.0964172
-0.101291
-0.0520012
-0.0616755
-0.0469779
-0.0180489
0.0169184
0.0128714
0.0260711
0.0367689
0.607618
0.607531
0.948563
0.945187
0.932871
0.883057
0.477471
0.479602
0.485165
0.481011
-0.112807
-0.140649
-0.123889
0.689691
0.696973
0.696703
0.208997
0.124978
0.29317
0.320396
0.593406
0.575836
0.590442
0.620032
0.658047
0.937186
0.955496
0.953643
0.962074
1.00606
1.02242
0.987876
0.435108
0.444565
0.439829
0.476633
0.474282
0.475255
0.470552
0.47218
0.469902
-0.087842
-0.47227
0.456098
0.471986
0.446217
0.455629
0.630033
0.701448
0.64455
0.653279
0.653699
-0.0157937
-0.0733438
0.217943
0.184496
0.346626
0.381096
0.361201
0.861024
0.821381
0.871459
0.844701
0.805873
0.831691
-0.424214
-1.93942
-1.04988
0.499946
0.310313
0.399512
0.0126398
0.00418152
0.0142755
0.937074
1.01674
0.613006
0.776249
0.7866
0.693615
0.723615
0.78151
0.709147
0.742597
0.775172
0.753797
0.511219
0.468651
0.471389
0.769286
0.824452
0.0984536
0.0446712
0.000357863
0.085457
0.141867
0.119217
0.983622
0.881661
0.953787
0.487847
0.488534
-0.129165
-0.153917
0.492644
0.492666
-0.0865204
-0.0717001
0.381084
-0.885864
0.0872169
0.481091
0.471428
0.488303
-0.121127
0.32541
-0.0728864
0.0365488
0.000322309
0.481558
0.420368
0.382155
-0.198381
0.0113555
-0.1593
-0.249031
0.48552
0.483833
0.487769
0.488777
0.489429
-0.243348
-0.196896
-0.179596
-0.212498
-0.197776
-0.189956
0.453173
0.470062
-0.202551
0.487887
0.490031
0.489839
0.482994
0.488646
0.486892
-0.0328067
-0.049854
-0.000174121
0.194939
0.312743
0.628573
0.724543
0.593652
0.366781
0.127821
0.528097
0.593723
0.495968
0.654817
0.654294
0.672754
0.149672
0.00191257
0.157916
0.101336
0.478965
0.477621
0.46968
0.466801
0.48318
0.481274
0.485818
0.482767
0.48573
0.487171
-0.0769789
-0.094987
-0.118653
-0.176556
0.284121
0.544369
0.219771
0.251679
0.12238
-0.0630463
-0.0668846
-0.0731737
-0.0822588
-0.0202282
-0.0225695
0.0258936
0.0375404
0.0212975
-0.00313948
-0.0243292
-0.034676
-0.0453025
0.475498
0.474331
0.480228
0.488211
0.429435
0.433357
0.399969
0.419653
0.405555
0.347007
0.381379
0.356498
-0.0958945
-0.171276
-0.103979
-0.00916177
0.00759501
-0.226092
-0.275644
-0.240842
-0.217811
-0.235905
-0.14274
-0.146548
-0.209581
-0.323827
0.93547
0.876646
0.0731564
0.474753
0.481134
0.477956
0.482723
0.48581
0.486688
0.484438
0.480971
0.470689
0.472481
0.468807
0.469358
-0.142465
-0.279605
-0.104036
-0.171182
0.09386
0.586027
0.326239
0.267217
0.260826
0.481342
0.876591
0.673169
0.671013
0.694493
-0.390217
0.00630983
-0.323068
0.29473
0.117419
0.627061
0.676479
0.698423
0.646306
0.598053
-0.158668
0.500435
-0.0910589
-0.0464552
0.14544
0.0383252
0.671991
0.637603
0.64278
0.660009
0.67867
0.6433
0.622378
0.616997
0.656516
0.661933
0.456193
0.227753
0.183156
0.14493
0.621431
0.497397
0.555532
0.468874
0.473863
0.476692
0.475269
0.457867
0.465082
0.460846
0.46655
0.469705
0.478898
0.479234
0.474677
0.476852
-0.0812757
-0.0859325
-0.0623159
-0.174016
-0.161292
-0.219133
-0.103177
0.0309231
-0.00206489
0.187392
0.2941
0.00596235
-0.107104
-0.0768351
-0.0483026
0.131659
0.157119
0.040968
0.138582
0.117688
0.105291
0.205785
0.21435
-0.0496539
-0.055263
-0.0633351
-0.061203
0.00477322
0.0741186
0.0861016
-0.0342086
-0.0239836
-0.0605751
-0.0790429
-0.0505655
-0.0547241
-0.0501368
-0.0136697
-0.135782
-0.0497263
-0.0370153
-0.0325801
-0.0153246
-0.0219305
0.469342
0.471161
0.470979
0.478086
0.49429
0.509053
0.470985
0.451237
0.442316
0.44529
0.419499
0.429297
0.425887
0.438096
0.458206
0.466397
0.46475
0.467222
0.450586
0.452132
0.439778
0.44305
0.420021
0.401665
0.390241
-0.159132
-0.145489
-0.16246
-0.117158
-0.112836
-0.0980701
0.000352237
-0.00404855
-0.00703517
-0.00526404
-0.00267831
-0.190429
-0.19301
-0.120269
-0.0430391
-0.227979
-0.260517
-0.330682
0.841538
0.957769
0.767732
0.546068
0.553987
0.791351
0.879505
0.509826
0.688967
0.715422
0.525979
0.785271
0.479552
0.479096
0.47674
0.476232
0.477455
-0.0548668
0.0447938
0.0556138
0.109543
0.226101
0.340215
0.259494
0.13141
0.265567
0.271748
0.580721
0.596869
0.543487
0.567353
0.564885
0.393137
0.470456
0.526115
0.478819
0.524582
0.54689
0.507427
0.537815
0.483853
0.441053
0.439792
0.386042
0.406796
0.384921
0.367125
0.469095
0.447155
0.457551
0.448144
0.467788
0.49415
0.488857
0.515467
0.52682
0.453261
0.413523
0.423123
0.451352
0.41202
0.424873
0.440458
0.176948
0.0772836
0.161233
-0.131401
-0.0504852
-0.0659707
-0.112761
-0.0670176
0.219358
-0.479783
-0.453195
-1.08645
0.4411
0.908105
0.626176
0.597283
0.674238
0.652611
0.655275
0.678239
0.68557
0.611157
0.628745
0.63308
0.587631
0.611658
0.633497
0.63205
0.473773
0.348826
0.339734
0.300719
0.176934
0.209963
0.412677
0.334667
0.261981
0.266491
0.428798
0.318469
0.3845
0.422736
0.354471
0.309764
0.512182
0.579102
0.569505
0.545073
0.460541
0.47305
0.498628
0.534405
0.561546
0.593404
0.46635
0.472179
0.473446
0.470993
0.468145
0.471013
0.471058
0.473605
0.474472
0.477388
0.476374
-0.0782979
-0.0678611
-0.073101
-0.081719
-0.0525692
-0.0601586
-0.0147523
-0.0271332
-0.0394543
-0.0315734
-0.0596341
-0.0646503
-0.0557741
-0.0478934
0.0609822
0.0762665
0.0617208
0.0180511
0.199923
0.332594
0.400278
0.279692
0.173253
0.197358
0.223029
-0.040557
-0.00352386
-0.0203199
0.0185316
0.00234866
-0.0602114
-0.0684346
-0.0750329
-0.0420564
-0.0398954
-0.0857439
-0.127566
-0.09973
-0.0960885
-0.0831829
-0.108243
0.453444
0.447057
0.448288
0.44243
0.441268
0.454807
0.458965
0.460706
0.465917
0.467722
0.45847
0.46381
0.467236
-0.0640549
-0.142652
-0.109663
-0.0953234
-0.127573
-0.152637
-0.132419
0.0675124
-0.00655065
-0.00053793
-0.0418598
-0.1655
-0.109841
0.43363
0.433202
0.43939
0.659039
0.510995
0.431334
0.528138
0.632403
0.214481
0.414992
0.246841
0.828523
0.720095
0.864646
0.485007
0.189318
0.344083
0.393682
0.203107
0.275913
0.280137
0.170162
0.202239
0.23328
0.332652
0.213343
0.188162
-0.0546498
0.132641
0.250254
0.230914
0.360688
0.424875
0.205589
0.128281
0.0821757
0.573016
0.592855
0.611946
0.58164
0.606426
0.528751
0.520477
0.538518
0.546442
0.540514
-0.814537
-0.522149
-1.46711
-0.782281
-0.332422
0.471152
0.435468
0.709419
0.599368
0.664475
0.650088
0.610953
0.576897
0.588453
0.62096
0.322374
0.432003
0.406537
0.412676
0.315499
0.24892
0.54776
0.54137
0.577516
0.601761
0.568896
0.602389
0.464165
0.463838
0.463266
0.459904
0.458485
0.460545
0.0247871
-0.00381711
0.0276607
0.00527334
-0.0167136
-0.0259174
-0.0362072
-0.0498861
-0.0663881
-0.0844202
-0.0605456
-0.0364461
0.108963
0.0511247
-0.0251679
0.00446825
-0.0527572
-0.117865
-0.13694
-0.038526
0.0524688
0.0440802
0.346884
0.59793
0.420446
0.589586
0.428067
0.483862
0.430192
0.420737
0.450946
0.329289
0.40687
0.171388
-0.332036
-0.240955
0.725626
0.744346
0.527805
0.341396
0.11184
0.300534
0.501026
0.438048
0.47693
0.545498
0.537721
-0.0422341
0.0247439
0.286191
0.514492
0.182257
0.172961
0.168301
0.342974
0.266975
))
(300 (1 10 1 0 0 919 1018)(
0.510183
1.1608
0.0023571
0.509465
1.12783
-0.548524
0.681133
-0.133638
-0.0710425
0.484246
0.988519
0.756297
-1.17612
0.632149
-0.425873
0.489292
-0.169468
0.713913
0.490537
0.55056
0.736523
0.869629
-0.0742657
1.01146
0.45878
-0.479216
-0.597362
0.674851
-0.21535
0.691486
0.477562
-0.171778
-0.104571
-0.0778276
-0.0793126
0.410733
0.4776
0.496409
1.0286
0.939082
0.79733
0.730036
-2.57763
-0.324975
0.623084
0.64537
-0.547754
0.488226
0.492406
-0.153362
-0.152498
0.701605
0.488103
0.515977
0.245143
0.570406
0.558176
0.72843
0.807371
0.929718
0.447518
0.47336
0.464522
-0.381244
-0.612737
0.661899
-0.292916
-0.143578
0.469971
0.481748
-0.28785
-0.0873114
-0.0847108
-0.0957324
0.393107
0.429649
0.471253
0.47391
0.893466
0.143617
0.607531
0.477471
0.481011
-0.123889
0.696703
0.124978
0.320396
0.590442
0.658047
0.962074
0.439829
0.475255
0.469902
0.653699
-0.0733438
0.361201
0.844701
0.399512
0.742597
0.000357863
))
(300 (1 11 1 0 0 919 926)(
0.510183
0.509465
0.490296
0.496909
0.490555
0.492009
0.496611
0.492523
))
(300 (1 12 1 0 0 919 922)(
1.1608
1.12783
1.08526
1.09839
))
(300 (1 13 1 0 0 919 926)(
0
0
0
0
0
0
0
0
))
(300 (1 14 1 0 0 919 952)(
-0.0284084
0.0430638
-0.0790893
0.285122
0.368904
0.0427185
0.0490299
1.03172
0.0304222
0.0646803
0.397022
0.553805
0.556261
0.262524
0.0657731
0.0252845
-6.38512
0.0169184
0.0367689
0.945187
0.883057
-0.47227
0.456098
0.455629
0.701448
0.184496
-1.04988
0.0142755
1.01674
0.7866
0.471389
0.824452
0.119217
0.953787
))
(300 (1 15 1 0 0 919 2754)(
0.510183
0.510183
1.1608
1.1608
0.0023571
0.0023571
0.509465
0.509465
-0.0284084
-0.0284084
1.12783
1.12783
-0.548524
-0.548524
0.681133
0.681133
0.490296
0.490296
-0.133638
-0.133638
-0.0710425
-0.0710425
0.484246
0.484246
0.988519
0.988519
0.756297
0.756297
-1.17612
-1.17612
0.0430638
0.0430638
0.632149
0.632149
-0.425873
-0.425873
0.489292
0.489292
-0.169468
-0.169468
0.713913
0.713913
0.496909
0.496909
0.499946
0.499946
0.490537
0.490537
0.55056
0.55056
0.736523
0.736523
0.869629
0.869629
-0.0742657
-0.0742657
-0.0074304
-0.0074304
-0.0458371
-0.0458371
-0.0614313
-0.0614313
-0.0939754
-0.0939754
-0.0790893
-0.0790893
1.01146
1.01146
1.06257
1.06257
1.08526
1.08526
0.45878
0.45878
0.285122
0.285122
-0.407422
-0.407422
-0.479216
-0.479216
-0.470192
-0.470192
-0.597362
-0.597362
0.672811
0.672811
0.674851
0.674851
-0.21535
-0.21535
0.681639
0.681639
0.691486
0.691486
0.477562
0.477562
0.48966
0.48966
0.490555
0.490555
0.491665
0.491665
0.490606
0.490606
0.492009
0.492009
0.368904
0.368904
-0.142311
-0.142311
-0.171778
-0.171778
-0.111918
-0.111918
-0.104571
-0.104571
0.0427185
0.0427185
-0.0725368
-0.0725368
-0.0778276
-0.0778276
-0.0699279
-0.0699279
-0.0793126
-0.0793126
0.410733
0.410733
0.480511
0.480511
0.4776
0.4776
0.488875
0.488875
0.496409
0.496409
1.10035
1.10035
1.07225
1.07225
1.09839
1.09839
1.01214
1.01214
1.0286
1.0286
0.96647
0.96647
0.939082
0.939082
0.77567
0.77567
0.79733
0.79733
0.743101
0.743101
0.730036
0.730036
-1.61439
-1.61439
-2.57763
-2.57763
-0.579729
-0.579729
-0.324975
-0.324975
-0.0454709
-0.0454709
0.0584964
0.0584964
0.0490299
0.0490299
0.622819
0.622819
0.623084
0.623084
0.632939
0.632939
0.64537
0.64537
1.03172
1.03172
-0.421787
-0.421787
-0.547754
-0.547754
0.489436
0.489436
0.488226
0.488226
0.496611
0.496611
0.497302
0.497302
0.493311
0.493311
0.492406
0.492406
-0.171142
-0.171142
-0.153362
-0.153362
-0.136915
-0.136915
-0.168389
-0.168389
-0.152498
-0.152498
0.702666
0.702666
0.701605
0.701605
0.491082
0.491082
0.488103
0.488103
0.503902
0.503902
0.523838
0.523838
0.515977
0.515977
0.245143
0.245143
0.555559
0.555559
0.570406
0.570406
0.558176
0.558176
0.724868
0.724868
0.720317
0.720317
0.72843
0.72843
0.843158
0.843158
0.807371
0.807371
0.9066
0.9066
0.929718
0.929718
-0.0494222
-0.0494222
-0.0433214
-0.0433214
0.0777574
0.0777574
-0.00208664
-0.00208664
0.0304222
0.0304222
0.454749
0.454749
0.447518
0.447518
0.47336
0.47336
0.46212
0.46212
0.464522
0.464522
0.200319
0.200319
0.0646803
0.0646803
0.371535
0.371535
0.397022
0.397022
-0.318012
-0.318012
-0.381244
-0.381244
-0.482153
-0.482153
-0.501201
-0.501201
-0.612737
-0.612737
0.553805
0.553805
0.660952
0.660952
0.661899
0.661899
-0.234876
-0.234876
-0.155283
-0.155283
-0.292916
-0.292916
-0.0818497
-0.0818497
-0.143578
-0.143578
0.468021
0.468021
0.474883
0.474883
0.469971
0.469971
0.485298
0.485298
0.479816
0.479816
0.481748
0.481748
0.493881
0.493881
0.490968
0.490968
0.492523
0.492523
0.431983
0.431983
0.556261
0.556261
0.295859
0.295859
0.262524
0.262524
-0.286205
-0.286205
-0.190413
-0.190413
-0.28785
-0.28785
-0.0931375
-0.0931375
-0.0873114
-0.0873114
0.0473828
0.0473828
0.0657731
0.0657731
0.0349537
0.0349537
0.0252845
0.0252845
-0.0853259
-0.0853259
-0.0794393
-0.0794393
-0.0847108
-0.0847108
-0.0892965
-0.0892965
-0.0957324
-0.0957324
0.403623
0.403623
0.393107
0.393107
0.422701
0.422701
0.429649
0.429649
0.471253
0.471253
0.472288
0.472288
0.475216
0.475216
0.47391
0.47391
0.889751
0.889751
0.91216
0.91216
0.919756
0.919756
0.893466
0.893466
-3.57975
-3.57975
-6.38512
-6.38512
0.00450496
0.00450496
0.143617
0.143617
-0.0964172
-0.0964172
-0.101291
-0.101291
-0.0520012
-0.0520012
-0.0616755
-0.0616755
-0.0469779
-0.0469779
-0.0180489
-0.0180489
0.0169184
0.0169184
0.0128714
0.0128714
0.0260711
0.0260711
0.0367689
0.0367689
0.607618
0.607618
0.607531
0.607531
0.948563
0.948563
0.945187
0.945187
0.932871
0.932871
0.883057
0.883057
0.477471
0.477471
0.479602
0.479602
0.485165
0.485165
0.481011
0.481011
-0.112807
-0.112807
-0.140649
-0.140649
-0.123889
-0.123889
0.689691
0.689691
0.696973
0.696973
0.696703
0.696703
0.208997
0.208997
0.124978
0.124978
0.29317
0.29317
0.320396
0.320396
0.593406
0.593406
0.575836
0.575836
0.590442
0.590442
0.620032
0.620032
0.658047
0.658047
0.937186
0.937186
0.955496
0.955496
0.953643
0.953643
0.962074
0.962074
1.00606
1.00606
1.02242
1.02242
0.987876
0.987876
0.435108
0.435108
0.444565
0.444565
0.439829
0.439829
0.476633
0.476633
0.474282
0.474282
0.475255
0.475255
0.470552
0.470552
0.47218
0.47218
0.469902
0.469902
-0.087842
-0.087842
-0.47227
-0.47227
0.456098
0.456098
0.471986
0.471986
0.446217
0.446217
0.455629
0.455629
0.630033
0.630033
0.701448
0.701448
0.64455
0.64455
0.653279
0.653279
0.653699
0.653699
-0.0157937
-0.0157937
-0.0733438
-0.0733438
0.217943
0.217943
0.184496
0.184496
0.346626
0.346626
0.381096
0.381096
0.361201
0.361201
0.861024
0.861024
0.821381
0.821381
0.871459
0.871459
0.844701
0.844701
0.805873
0.805873
0.831691
0.831691
-0.424214
-0.424214
-1.93942
-1.93942
-1.04988
-1.04988
0.499946
0.499946
0.310313
0.310313
0.399512
0.399512
0.0126398
0.0126398
0.00418152
0.00418152
0.0142755
0.0142755
0.937074
0.937074
1.01674
1.01674
0.613006
0.613006
0.776249
0.776249
0.7866
0.7866
0.693615
0.693615
0.723615
0.723615
0.78151
0.78151
0.709147
0.709147
0.742597
0.742597
0.775172
0.775172
0.753797
0.753797
0.511219
0.511219
0.468651
0.468651
0.471389
0.471389
0.769286
0.769286
0.824452
0.824452
0.0984536
0.0984536
0.0446712
0.0446712
0.000357863
0.000357863
0.085457
0.085457
0.141867
0.141867
0.119217
0.119217
0.983622
0.983622
0.881661
0.881661
0.953787
0.953787
0.487847
0.487847
0.488534
0.488534
-0.129165
-0.129165
-0.153917
-0.153917
0.492644
0.492644
0.492666
0.492666
-0.0865204
-0.0865204
-0.0717001
-0.0717001
0.381084
0.381084
-0.885864
-0.885864
0.0872169
0.0872169
0.481091
0.481091
0.471428
0.471428
0.488303
0.488303
-0.121127
-0.121127
0.32541
0.32541
-0.0728864
-0.0728864
0.0365488
0.0365488
0.000322309
0.000322309
0.481558
0.481558
0.420368
0.420368
0.382155
0.382155
-0.198381
-0.198381
0.0113555
0.0113555
-0.1593
-0.1593
-0.249031
-0.249031
0.48552
0.48552
0.483833
0.483833
0.487769
0.487769
0.488777
0.488777
0.489429
0.489429
-0.243348
-0.243348
-0.196896
-0.196896
-0.179596
-0.179596
-0.212498
-0.212498
-0.197776
-0.197776
-0.189956
-0.189956
0.453173
0.453173
0.470062
0.470062
-0.202551
-0.202551
0.487887
0.487887
0.490031
0.490031
0.489839
0.489839
0.482994
0.482994
0.488646
0.488646
0.486892
0.486892
-0.0328067
-0.0328067
-0.049854
-0.049854
-0.000174121
-0.000174121
0.194939
0.194939
0.312743
0.312743
0.628573
0.628573
0.724543
0.724543
0.593652
0.593652
0.366781
0.366781
0.127821
0.127821
0.528097
0.528097
0.593723
0.593723
0.495968
0.495968
0.654817
0.654817
0.654294
0.654294
0.672754
0.672754
0.149672
0.149672
0.00191257
0.00191257
0.157916
0.157916
0.101336
0.101336
0.478965
0.478965
0.477621
0.477621
0.46968
0.46968
0.466801
0.466801
0.48318
0.48318
0.481274
0.481274
0.485818
0.485818
0.482767
0.482767
0.48573
0.48573
0.487171
0.487171
-0.0769789
-0.0769789
-0.094987
-0.094987
-0.118653
-0.118653
-0.176556
-0.176556
0.284121
0.284121
0.544369
0.544369
0.219771
0.219771
0.251679
0.251679
0.12238
0.12238
-0.0630463
-0.0630463
-0.0668846
-0.0668846
-0.0731737
-0.0731737
-0.0822588
-0.0822588
-0.0202282
-0.0202282
-0.0225695
-0.0225695
0.0258936
0.0258936
0.0375404
0.0375404
0.0212975
0.0212975
-0.00313948
-0.00313948
-0.0243292
-0.0243292
-0.034676
-0.034676
-0.0453025
-0.0453025
0.475498
0.475498
0.474331
0.474331
0.480228
0.480228
0.488211
0.488211
0.429435
0.429435
0.433357
0.433357
0.399969
0.399969
0.419653
0.419653
0.405555
0.405555
0.347007
0.347007
0.381379
0.381379
0.356498
0.356498
-0.0958945
-0.0958945
-0.171276
-0.171276
-0.103979
-0.103979
-0.00916177
-0.00916177
0.00759501
0.00759501
-0.226092
-0.226092
-0.275644
-0.275644
-0.240842
-0.240842
-0.217811
-0.217811
-0.235905
-0.235905
-0.14274
-0.14274
-0.146548
-0.146548
-0.209581
-0.209581
-0.323827
-0.323827
0.93547
0.93547
0.876646
0.876646
0.0731564
0.0731564
0.474753
0.474753
0.481134
0.481134
0.477956
0.477956
0.482723
0.482723
0.48581
0.48581
0.486688
0.486688
0.484438
0.484438
0.480971
0.480971
0.470689
0.470689
0.472481
0.472481
0.468807
0.468807
0.469358
0.469358
-0.142465
-0.142465
-0.279605
-0.279605
-0.104036
-0.104036
-0.171182
-0.171182
0.09386
0.09386
0.586027
0.586027
0.326239
0.326239
0.267217
0.267217
0.260826
0.260826
0.481342
0.481342
0.876591
0.876591
0.673169
0.673169
0.671013
0.671013
0.694493
0.694493
-0.390217
-0.390217
0.00630983
0.00630983
-0.323068
-0.323068
0.29473
0.29473
0.117419
0.117419
0.627061
0.627061
0.676479
0.676479
0.698423
0.698423
0.646306
0.646306
0.598053
0.598053
-0.158668
-0.158668
0.500435
0.500435
-0.0910589
-0.0910589
-0.0464552
-0.0464552
0.14544
0.14544
0.0383252
0.0383252
0.671991
0.671991
0.637603
0.637603
0.64278
0.64278
0.660009
0.660009
0.67867
0.67867
0.6433
0.6433
0.622378
0.622378
0.616997
0.616997
0.656516
0.656516
0.661933
0.661933
0.456193
0.456193
0.227753
0.227753
0.183156
0.183156
0.14493
0.14493
0.621431
0.621431
0.497397
0.497397
0.555532
0.555532
0.468874
0.468874
0.473863
0.473863
0.476692
0.476692
0.475269
0.475269
0.457867
0.457867
0.465082
0.465082
0.460846
0.460846
0.46655
0.46655
0.469705
0.469705
0.478898
0.478898
0.479234
0.479234
0.474677
0.474677
0.476852
0.476852
-0.0812757
-0.0812757
-0.0859325
-0.0859325
-0.0623159
-0.0623159
-0.174016
-0.174016
-0.161292
-0.161292
-0.219133
-0.219133
-0.103177
-0.103177
0.0309231
0.0309231
-0.00206489
-0.00206489
0.187392
0.187392
0.2941
0.2941
0.00596235
0.00596235
-0.107104
-0.107104
-0.0768351
-0.0768351
-0.0483026
-0.0483026
0.131659
0.131659
0.157119
0.157119
0.040968
0.040968
0.138582
0.138582
0.117688
0.117688
0.105291
0.105291
0.205785
0.205785
0.21435
0.21435
-0.0496539
-0.0496539
-0.055263
-0.055263
-0.0633351
-0.0633351
-0.061203
-0.061203
0.00477322
0.00477322
0.0741186
0.0741186
0.0861016
0.0861016
-0.0342086
-0.0342086
-0.0239836
-0.0239836
-0.0605751
-0.0605751
-0.0790429
-0.0790429
-0.0505655
-0.0505655
-0.0547241
-0.0547241
-0.0501368
-0.0501368
-0.0136697
-0.0136697
-0.135782
-0.135782
-0.0497263
-0.0497263
-0.0370153
-0.0370153
-0.0325801
-0.0325801
-0.0153246
-0.0153246
-0.0219305
-0.0219305
0.469342
0.469342
0.471161
0.471161
0.470979
0.470979
0.478086
0.478086
0.49429
0.49429
0.509053
0.509053
0.470985
0.470985
0.451237
0.451237
0.442316
0.442316
0.44529
0.44529
0.419499
0.419499
0.429297
0.429297
0.425887
0.425887
0.438096
0.438096
0.458206
0.458206
0.466397
0.466397
0.46475
0.46475
0.467222
0.467222
0.450586
0.450586
0.452132
0.452132
0.439778
0.439778
0.44305
0.44305
0.420021
0.420021
0.401665
0.401665
0.390241
0.390241
-0.159132
-0.159132
-0.145489
-0.145489
-0.16246
-0.16246
-0.117158
-0.117158
-0.112836
-0.112836
-0.0980701
-0.0980701
0.000352237
0.000352237
-0.00404855
-0.00404855
-0.00703517
-0.00703517
-0.00526404
-0.00526404
-0.00267831
-0.00267831
-0.190429
-0.190429
-0.19301
-0.19301
-0.120269
-0.120269
-0.0430391
-0.0430391
-0.227979
-0.227979
-0.260517
-0.260517
-0.330682
-0.330682
0.841538
0.841538
0.957769
0.957769
0.767732
0.767732
0.546068
0.546068
0.553987
0.553987
0.791351
0.791351
0.879505
0.879505
0.509826
0.509826
0.688967
0.688967
0.715422
0.715422
0.525979
0.525979
0.785271
0.785271
0.479552
0.479552
0.479096
0.479096
0.47674
0.47674
0.476232
0.476232
0.477455
0.477455
-0.0548668
-0.0548668
0.0447938
0.0447938
0.0556138
0.0556138
0.109543
0.109543
0.226101
0.226101
0.340215
0.340215
0.259494
0.259494
0.13141
0.13141
0.265567
0.265567
0.271748
0.271748
0.580721
0.580721
0.596869
0.596869
0.543487
0.543487
0.567353
0.567353
0.564885
0.564885
0.393137
0.393137
0.470456
0.470456
0.526115
0.526115
0.478819
0.478819
0.524582
0.524582
0.54689
0.54689
0.507427
0.507427
0.537815
0.537815
0.483853
0.483853
0.441053
0.441053
0.439792
0.439792
0.386042
0.386042
0.406796
0.406796
0.384921
0.384921
0.367125
0.367125
0.469095
0.469095
0.447155
0.447155
0.457551
0.457551
0.448144
0.448144
0.467788
0.467788
0.49415
0.49415
0.488857
0.488857
0.515467
0.515467
0.52682
0.52682
0.453261
0.453261
0.413523
0.413523
0.423123
0.423123
0.451352
0.451352
0.41202
0.41202
0.424873
0.424873
0.440458
0.440458
0.176948
0.176948
0.0772836
0.0772836
0.161233
0.161233
-0.131401
-0.131401
-0.0504852
-0.0504852
-0.0659707
-0.0659707
-0.112761
-0.112761
-0.0670176
-0.0670176
0.219358
0.219358
-0.479783
-0.479783
-0.453195
-0.453195
-1.08645
-1.08645
0.4411
0.4411
0.908105
0.908105
0.626176
0.626176
0.597283
0.597283
0.674238
0.674238
0.652611
0.652611
0.655275
0.655275
0.678239
0.678239
0.68557
0.68557
0.611157
0.611157
0.628745
0.628745
0.63308
0.63308
0.587631
0.587631
0.611658
0.611658
0.633497
0.633497
0.63205
0.63205
0.473773
0.473773
0.348826
0.348826
0.339734
0.339734
0.300719
0.300719
0.176934
0.176934
0.209963
0.209963
0.412677
0.412677
0.334667
0.334667
0.261981
0.261981
0.266491
0.266491
0.428798
0.428798
0.318469
0.318469
0.3845
0.3845
0.422736
0.422736
0.354471
0.354471
0.309764
0.309764
0.512182
0.512182
0.579102
0.579102
0.569505
0.569505
0.545073
0.545073
0.460541
0.460541
0.47305
0.47305
0.498628
0.498628
0.534405
0.534405
0.561546
0.561546
0.593404
0.593404
0.46635
0.46635
0.472179
0.472179
0.473446
0.473446
0.470993
0.470993
0.468145
0.468145
0.471013
0.471013
0.471058
0.471058
0.473605
0.473605
0.474472
0.474472
0.477388
0.477388
0.476374
0.476374
-0.0782979
-0.0782979
-0.0678611
-0.0678611
-0.073101
-0.073101
-0.081719
-0.081719
-0.0525692
-0.0525692
-0.0601586
-0.0601586
-0.0147523
-0.0147523
-0.0271332
-0.0271332
-0.0394543
-0.0394543
-0.0315734
-0.0315734
-0.0596341
-0.0596341
-0.0646503
-0.0646503
-0.0557741
-0.0557741
-0.0478934
-0.0478934
0.0609822
0.0609822
0.0762665
0.0762665
0.0617208
0.0617208
0.0180511
0.0180511
0.199923
0.199923
0.332594
0.332594
0.400278
0.400278
0.279692
0.279692
0.173253
0.173253
0.197358
0.197358
0.223029
0.223029
-0.040557
-0.040557
-0.00352386
-0.00352386
-0.0203199
-0.0203199
0.0185316
0.0185316
0.00234866
0.00234866
-0.0602114
-0.0602114
-0.0684346
-0.0684346
-0.0750329
-0.0750329
-0.0420564
-0.0420564
-0.0398954
-0.0398954
-0.0857439
-0.0857439
-0.127566
-0.127566
-0.09973
-0.09973
-0.0960885
-0.0960885
-0.0831829
-0.0831829
-0.108243
-0.108243
0.453444
0.453444
0.447057
0.447057
0.448288
0.448288
0.44243
0.44243
0.441268
0.441268
0.454807
0.454807
0.458965
0.458965
0.460706
0.460706
0.465917
0.465917
0.467722
0.467722
0.45847
0.45847
0.46381
0.46381
0.467236
0.467236
-0.0640549
-0.0640549
-0.142652
-0.142652
-0.109663
-0.109663
-0.0953234
-0.0953234
-0.127573
-0.127573
-0.152637
-0.152637
-0.132419
-0.132419
0.0675124
0.0675124
-0.00655065
-0.00655065
-0.00053793
-0.00053793
-0.0418598
-0.0418598
-0.1655
-0.1655
-0.109841
-0.109841
0.43363
0.43363
0.433202
0.433202
0.43939
0.43939
0.659039
0.659039
0.510995
0.510995
0.431334
0.431334
0.528138
0.528138
0.632403
0.632403
0.214481
0.214481
0.414992
0.414992
0.246841
0.246841
0.828523
0.828523
0.720095
0.720095
0.864646
0.864646
0.485007
0.485007
0.189318
0.189318
0.344083
0.344083
0.393682
0.393682
0.203107
0.203107
0.275913
0.275913
0.280137
0.280137
0.170162
0.170162
0.202239
0.202239
0.23328
0.23328
0.332652
0.332652
0.213343
0.213343
0.188162
0.188162
-0.0546498
-0.0546498
0.132641
0.132641
0.250254
0.250254
0.230914
0.230914
0.360688
0.360688
0.424875
0.424875
0.205589
0.205589
0.128281
0.128281
0.0821757
0.0821757
0.573016
0.573016
0.592855
0.592855
0.611946
0.611946
0.58164
0.58164
0.606426
0.606426
0.528751
0.528751
0.520477
0.520477
0.538518
0.538518
0.546442
0.546442
0.540514
0.540514
-0.814537
-0.814537
-0.522149
-0.522149
-1.46711
-1.46711
-0.782281
-0.782281
-0.332422
-0.332422
0.471152
0.471152
0.435468
0.435468
0.709419
0.709419
0.599368
0.599368
0.664475
0.664475
0.650088
0.650088
0.610953
0.610953
0.576897
0.576897
0.588453
0.588453
0.62096
0.62096
0.322374
0.322374
0.432003
0.432003
0.406537
0.406537
0.412676
0.412676
0.315499
0.315499
0.24892
0.24892
0.54776
0.54776
0.54137
0.54137
0.577516
0.577516
0.601761
0.601761
0.568896
0.568896
0.602389
0.602389
0.464165
0.464165
0.463838
0.463838
0.463266
0.463266
0.459904
0.459904
0.458485
0.458485
0.460545
0.460545
0.0247871
0.0247871
-0.00381711
-0.00381711
0.0276607
0.0276607
0.00527334
0.00527334
-0.0167136
-0.0167136
-0.0259174
-0.0259174
-0.0362072
-0.0362072
-0.0498861
-0.0498861
-0.0663881
-0.0663881
-0.0844202
-0.0844202
-0.0605456
-0.0605456
-0.0364461
-0.0364461
0.108963
0.108963
0.0511247
0.0511247
-0.0251679
-0.0251679
0.00446825
0.00446825
-0.0527572
-0.0527572
-0.117865
-0.117865
-0.13694
-0.13694
-0.038526
-0.038526
0.0524688
0.0524688
0.0440802
0.0440802
0.346884
0.346884
0.59793
0.59793
0.420446
0.420446
0.589586
0.589586
0.428067
0.428067
0.483862
0.483862
0.430192
0.430192
0.420737
0.420737
0.450946
0.450946
0.329289
0.329289
0.40687
0.40687
0.171388
0.171388
-0.332036
-0.332036
-0.240955
-0.240955
0.725626
0.725626
0.744346
0.744346
0.527805
0.527805
0.341396
0.341396
0.11184
0.11184
0.300534
0.300534
0.501026
0.501026
0.438048
0.438048
0.47693
0.47693
0.545498
0.545498
0.537721
0.537721
-0.0422341
-0.0422341
0.0247439
0.0247439
0.286191
0.286191
0.514492
0.514492
0.182257
0.182257
0.172961
0.172961
0.168301
0.168301
0.342974
0.342974
0.266975
0.266975
))
(300 (2 1 3 0 0 1 918)(
0.985167 -0.000495928 0 
0.00501104 2.96625 0 
-0.0575434 1.01412 0 
0.979699 0.0021527 0 
-0.0303698 1.2801 9.07994e-20 
-0.00704143 2.94879 -2.41286e-18 
0.833405 1.17759 4.82597e-19 
0.342665 0.157206 -1.51079e-20 
0.999906 -0.000292866 0 
0.0543297 0.852852 0 
0.00690655 0.679747 0 
0.734439 -0.0107236 0 
0.0110954 2.93037 0 
0.00239705 2.79466 0 
-0.0176296 3.1575 8.25317e-19 
-0.111058 1.71452 -4.55559e-20 
0.420056 0.0522438 9.85938e-19 
0.189742 1.19498 3.59383e-19 
0.96278 0.00503213 0 
-0.0228759 0.648417 0 
0.0817375 0.196555 -7.13537e-19 
1.00198 -0.00498378 0 
1.00022 -0.00979992 0 
0.975713 -0.0064391 0 
0.590227 -0.0414975 0 
0.0161327 2.63814 0 
-0.0149229 2.91006 8.83931e-19 
-0.0912778 0.898781 0 
-0.2067 1.19807 0 
-0.0728646 0.952905 0 
-0.188162 2.46191 0 
-0.0158527 1.46661 -7.14934e-20 
-0.0774237 1.11967 0 
-0.0206202 2.98759 -8.65579e-23 
-0.0166929 3.0053 1.87537e-18 
0.00210319 3.00019 0 
0.870392 -0.00945499 0 
0.404308 0.938384 1.48319e-19 
0.814681 1.19348 -5.65272e-19 
0.964467 1.03256 5.95685e-19 
0.684389 1.28681 -1.11597e-19 
0.683315 1.27119 6.44149e-19 
0.383214 0.244021 1.47392e-20 
0.361691 0.127407 0 
1.14395 0.556435 0 
0.34594 0.244899 6.74482e-20 
0.303659 0.163859 -6.99956e-20 
0.919661 -0.00746635 0 
1.00027 0.000132824 0 
0.99991 0.000327632 0 
1.00364 -0.00778012 0 
1.00096 -0.000927856 0 
1.00017 2.72644e-05 0 
0.0776298 1.78908 -7.06003e-19 
0.0297905 1.00854 0 
0.0839626 0.912595 0 
0.0285068 0.953483 0 
0.027602 0.782343 0 
0.0288187 2.0047 0 
-0.0204507 0.816463 0 
0.0106828 0.672604 0 
-0.00858056 0.809346 0 
-0.0056579 0.666579 0 
0.835947 -0.014828 0 
0.851653 0.0269481 0 
0.768396 -0.00112785 0 
0.825949 0.035577 0 
0.701863 -0.0150899 0 
0.0146927 3.0004 8.93604e-19 
0.0115096 3.00796 0 
0.00612517 3.0028 0 
0.0135346 2.99734 1.01262e-23 
0.00798544 2.95848 -1.32812e-18 
0.014479 2.98206 0 
0.0108094 2.90364 0 
0.0248488 2.93067 2.01439e-24 
0.00445041 2.82478 0 
0.0306836 2.91607 0 
-0.00568314 2.74491 0 
0.308527 3.55444 0 
-0.131932 3.63601 0 
0.139704 3.24794 -7.68054e-19 
-0.0124114 2.98301 0 
-0.32121 2.28281 0 
-0.117608 1.87924 4.69752e-20 
-0.0841812 1.86311 -3.43565e-20 
0.503386 0.149914 -3.40909e-19 
0.418722 0.0302397 -3.29342e-19 
0.488107 0.173476 -1.02718e-18 
0.40439 0.0741716 -6.79234e-19 
0.216529 0.929259 0 
0.271548 1.33301 -4.1571e-19 
0.378844 1.2781 6.92664e-19 
0.987485 0.00853545 0 
0.941939 0.00584703 0 
1.0003 0.000574144 0 
1.00287 0.00930015 0 
1.00303 0.00846173 -2.50522e-18 
0.991918 0.00969815 1.89187e-18 
-0.00168603 0.77408 0 
-0.00807356 0.626462 0 
-0.0810185 0.902227 0 
-0.0145109 0.777129 0 
0.00819362 0.654962 0 
0.128172 0.204243 2.20691e-19 
0.183853 0.182759 0 
0.993531 -0.00839538 0 
0.954388 -0.00653039 0 
0.779127 0.0430861 0 
0.720771 0.0522361 0 
0.659528 -0.0315008 0 
0.948808 -0.00808598 0 
0.64369 0.0643992 0 
0.47561 -0.0205256 1.41381e-18 
-0.0366937 2.86372 6.36069e-19 
0.0422487 2.90904 0 
0.0546092 2.88487 0 
-0.00457918 2.69884 0 
-0.0132849 2.98521 8.35188e-19 
-0.01802 2.89523 0 
-0.0153684 2.98812 -2.5934e-18 
-0.0133669 2.9252 8.88254e-19 
-0.285316 1.22398 0 
-0.306188 1.43262 0 
-0.133287 1.71049 -1.11986e-21 
-0.140679 1.53337 0 
-0.115753 1.44807 0 
0.93765 -0.00761609 0 
0.855851 -0.0095731 0 
0.863661 0.00678634 0 
0.94895 -0.00805819 0 
0.883472 -0.00812401 0 
0.5165 1.1322 -1.89121e-19 
0.566066 1.18369 0 
0.368128 0.882711 2.93695e-20 
0.310301 0.742662 0 
0.923964 1.07069 -1.64616e-19 
1.03694 0.873658 3.29767e-19 
0.373549 1.37967 0 
0.53635 1.35018 0 
0.546155 1.30391 0 
0.109113 0.181968 -2.74478e-19 
0.417962 0.226146 0 
0.385599 0.11553 1.91826e-19 
1.00681 0.927801 0 
1.07211 0.775307 0 
1.09772 0.717172 -2.57198e-19 
1.12386 0.61656 0 
1.16904 0.400228 5.5455e-20 
0.957364 -0.00890564 0 
0.962278 -0.0101157 0 
0.90134 -0.00798915 0 
0.98415 -0.00918599 0 
0.974593 -0.00937749 0 
0.937008 -0.00641226 0 
1.00019 0.00233281 0 
1.00091 0.00140457 0 
0.999911 0.000847158 0 
0.0353655 2.05328 3.9418e-19 
0.119885 1.72946 0 
0.0153873 2.16747 5.92615e-19 
0.0539186 1.84966 -4.87629e-19 
0.110133 1.19623 -2.95111e-19 
0.0458604 1.08069 0 
0.141872 1.06082 0 
0.0174653 0.909984 0 
0.0232854 0.723838 0 
-0.0113999 2.18839 -5.97665e-22 
0.0383459 1.99829 0 
-0.0116505 2.16206 -2.62372e-20 
0.0253069 2.00073 4.26502e-20 
0.0204979 0.865327 0 
0.00061274 0.828755 0 
0.0164549 0.691311 0 
-0.0103903 0.793175 0 
-0.0273292 0.648988 0 
0.933791 0.00847181 0 
0.843063 -0.0151019 0 
0.924444 -0.000426283 0 
0.838612 -0.0119256 0 
0.813194 0.00291463 0 
0.903097 0.0189048 0 
0.880744 0.0230427 0 
0.790001 0.00166864 0 
0.00582733 3.06495 -8.29604e-21 
0.01661 3.05777 0 
0.0146982 2.96908 0 
0.00865118 2.87629 0 
0.925711 3.97108 0 
1.24053 3.30318 9.45923e-19 
0.0703777 3.07511 0 
-0.0280254 2.90583 0 
-0.328945 1.54236 0 
-0.360055 2.1945 0 
-0.361233 1.89633 0 
-0.238335 2.48422 -6.39043e-20 
-0.279536 2.43549 0 
-0.253351 2.40725 0 
0.00187872 1.97584 -3.80199e-21 
-0.0371072 2.05317 1.3132e-20 
-0.0726924 1.99481 3.44839e-20 
-0.0231593 1.93205 0 
0.530685 0.122702 5.09733e-19 
0.434097 0.0069492 -5.00313e-19 
0.261187 1.56187 0 
0.265044 0.705376 -2.95794e-19 
0.178091 1.6475 -9.97402e-19 
0.225976 1.17626 9.99989e-19 
0.902415 0.00662818 0 
0.967571 0.0109485 0 
0.974647 0.0107362 0 
0.923538 0.00653064 0 
0.00161986 0.780268 0 
-0.00742335 0.773283 0 
-0.007897 0.621258 0 
0.29329 0.239068 6.18889e-19 
0.239697 0.218117 -7.32872e-19 
0.253375 0.175923 0 
1.07448 0.0843079 2.38193e-20 
1.05578 0.0389147 0 
0.992727 0.0381293 0 
0.889974 -0.00713899 0 
0.554228 0.0957094 0 
0.584292 0.0727343 -2.26515e-18 
0.450588 -0.00313381 8.52797e-19 
0.00920687 2.98172 6.92448e-19 
-0.0321078 2.86665 4.86532e-20 
0.00363421 3.05025 -1.75905e-20 
0.0201331 3.04338 6.26108e-19 
-0.0149989 2.99657 2.91971e-20 
-0.0129476 2.94944 -1.17559e-22 
-0.0172627 3.01197 -5.41326e-19 
0.0148279 3.02393 3.91801e-19 
0.00734843 3.0368 -6.19956e-19 
0.932022 -0.00255317 0 
0.938076 -0.00389521 0 
0.843349 -0.00858661 0 
0.956869 0.0115913 0 
0.943303 0.0127931 0 
0.881986 0.00628552 0 
0.918849 0.0155753 0 
0.926947 0.0142869 0 
0.83925 0.00469335 0 
0.720102 1.41108 8.68361e-20 
0.753762 1.52035 0 
0.195203 0.340589 6.56712e-20 
0.212488 0.650536 5.28793e-19 
0.257682 0.7178 -3.05023e-19 
0.268965 0.545701 6.03488e-19 
0.322413 0.767752 1.44858e-18 
0.126765 0.214465 3.42821e-19 
0.463532 0.197315 7.2196e-19 
0.43992 0.213336 1.86237e-19 
0.396385 0.0993837 3.59354e-19 
1.15847 0.4583 6.88792e-20 
1.16943 0.252853 6.56155e-20 
0.00465255 2.20675 2.23364e-19 
0.0518997 1.91846 0 
0.958182 0.0267083 0 
0.935992 0.0117604 0 
0.857018 -0.0184095 0 
0.0112053 3.07432 0 
0.0198063 2.9442 1.141e-18 
0.0164523 2.95634 0 
0.00631004 2.85059 -1.13163e-18 
0.00634342 3.09185 2.76397e-19 
0.00713979 3.08248 0 
0.786878 1.82322 -1.7335e-19 
1.24828 2.50184 4.50251e-19 
0.769031 1.96312 -1.28169e-18 
0.020158 2.98192 -5.8877e-19 
0.0359659 3.00226 0 
-0.0336904 2.87867 0 
-0.0097523 2.13826 -4.75862e-21 
-0.0174264 2.10332 -1.73337e-20 
0.0198231 1.99304 -3.69607e-21 
0.275049 1.36863 9.6439e-19 
0.218428 0.488389 -6.6187e-19 
0.0626693 1.97711 7.26873e-19 
0.136693 1.86634 -8.65386e-19 
0.178667 1.4698 8.86101e-20 
0.00533317 3.11793 -1.55932e-18 
0.0147004 3.11838 1.68043e-18 
-0.0090991 2.98061 7.66718e-19 
-0.00343514 2.97734 -7.22e-19 
-0.0215317 2.88142 -7.80884e-19 
0.0086003 3.09866 -2.05137e-18 
0.00186709 3.10667 2.028e-18 
0.267158 0.674656 0 
0.226133 0.663116 -1.08885e-18 
0.100646 0.221836 4.82681e-19 
0.340948 0.891167 1.0234e-18 
0.181276 0.256193 -1.57701e-18 
1.15954 0.172757 5.36857e-20 
1.17029 0.307335 0 
1.14689 0.120583 -1.58883e-22 
-0.00836279 2.20533 -1.19028e-21 
-0.000712742 2.21193 0 
0.0391444 1.96205 0 
0.33726 1.2727 -3.48487e-19 
0.361434 1.09957 -7.49252e-19 
0.194082 0.350025 1.32763e-18 
1.00587 -0.0108751 0 
1.00766 -0.00766414 4.62026e-19 
-0.221931 1.24127 0 
-0.15421 1.04433 0 
1.00222 0.00347136 1.77718e-21 
1.00365 0.00941902 9.43462e-19 
-0.240503 2.49905 8.41572e-20 
-0.244383 2.49212 0 
0.0364377 3.17937 3.76694e-19 
0.395681 3.49284 0 
1.13379 0.652382 -5.15835e-20 
1.01298 0.0130227 -2.15008e-21 
1.02118 -0.0105096 0 
1.00169 0.000116098 6.28914e-23 
0.096737 1.35278 0 
0.146642 2.58345 0 
0.0249381 1.30136 0 
-0.000415885 2.62222 1.63146e-20 
-0.0295793 2.57332 9.13631e-21 
1.00414 0.0273631 2.47733e-21 
1.06166 0.00285084 0 
1.09188 0.0175542 0 
-0.297026 2.15528 0 
-0.108018 2.54641 0 
0.00228049 1.11795 0 
0.281872 1.46364 -2.01371e-19 
1.01124 -0.00968026 0 
1.00939 -0.0149503 0 
1.00235 0.000699804 5.89616e-19 
1.00547 -0.00485259 -6.93911e-19 
1.00117 -0.00102586 0 
-0.235823 1.8366 0 
-0.211976 1.29392 0 
-0.275696 1.60282 0 
-0.00810526 1.07737 0 
-0.0236479 1.00084 0 
-0.00668083 0.940101 0 
1.03415 -0.00672437 0 
1.0209 0.0157183 -9.72795e-22 
0.794887 1.25859 2.87115e-19 
1.00232 0.000274399 -5.89584e-19 
1.00406 0.00521551 6.88699e-19 
1.00117 0.00205356 0 
1.01283 0.0102726 5.84338e-19 
1.00807 0.00828139 -7.09061e-19 
1.00861 0.0146918 0 
-0.171023 2.58003 0 
-0.236409 2.54008 -4.55731e-20 
-0.209038 2.51421 2.21163e-20 
1.20963 0.26014 5.20292e-19 
1.14756 0.0781001 0 
0.0456688 3.0779 -8.80104e-19 
0.0659031 2.85366 -6.48243e-20 
0.142925 3.19416 1.34607e-18 
0.137848 3.22287 -1.7673e-19 
0.136419 3.23566 0 
0.0197924 3.13762 2.23879e-19 
0.0770184 3.161 8.67404e-19 
0.069915 3.18696 -4.2282e-19 
0.0228575 3.12952 0 
0.659013 0.302762 0 
0.576023 0.360512 0 
1.10497 0.683801 1.12314e-19 
1.10171 0.815091 -8.92594e-20 
1.1631 0.570466 0 
1.19269 0.512363 0 
1.01621 0.0132255 -1.08885e-18 
1.01499 0.0142172 1.366e-18 
1.02508 -0.0100204 0 
1.02314 -0.0119256 0 
1.00643 0.00262405 0 
1.01038 0.00366169 0 
1.00454 0.0018838 0 
1.00988 0.00603154 0 
1.0079 0.00602299 0 
1.00446 0.00461113 0 
0.0880349 1.34846 0 
0.0800852 1.31925 0 
0.11436 1.38279 0 
0.127152 1.40092 0 
0.14511 2.60693 0 
0.185937 2.66946 -4.00063e-19 
0.0983312 2.66383 0 
0.0878976 2.6648 1.73616e-19 
0.0407818 2.68024 -1.25777e-19 
0.0277757 1.29258 0 
0.0331155 1.22624 0 
0.0180083 1.32243 0 
0.0396076 1.26997 0 
-0.0117256 1.98752 1.81681e-20 
-0.0334042 2.60261 -2.67723e-20 
-0.00992089 2.66523 -1.51046e-20 
-0.0231673 2.67491 0 
-0.0404655 2.60737 -7.24611e-21 
-0.0360558 2.60201 1.60808e-21 
-0.00612282 1.98836 -1.26212e-20 
-0.0290264 2.41227 3.58962e-20 
-0.0231835 2.4307 1.71357e-20 
1.01297 0.0346726 1.10271e-18 
1.00844 0.0170461 -1.36539e-18 
1.00528 0.0414734 -1.10999e-18 
0.984059 0.022765 1.41138e-18 
1.0625 0.00655458 0 
1.04776 -0.00901023 0 
1.08982 0.0287029 0 
1.07146 0.00980446 0 
1.06876 -0.0011446 0 
1.13052 0.070952 0 
1.10381 0.0357636 0 
1.10558 0.0240118 0 
-0.235093 2.52412 1.58412e-20 
-0.262588 2.39339 0 
-0.279054 2.44821 0 
-0.105398 2.58008 -1.87377e-20 
-0.0424376 2.57133 -4.11242e-22 
-0.023945 1.92319 -2.962e-19 
-0.112933 1.80635 2.99506e-19 
0.0487548 1.34956 0 
-0.0279307 1.3635 0 
-0.108343 1.35614 0 
0.0398856 1.12408 0 
-0.01815 0.997621 0 
0.374558 1.47766 3.4983e-19 
0.411228 1.48572 1.70283e-19 
0.594943 2.45276 -2.23835e-19 
0.404833 2.54631 6.53609e-19 
0.355143 2.07767 5.12379e-20 
1.02084 -0.00827368 0 
1.0154 -0.00982994 0 
1.01484 -0.0156394 0 
1.00744 -0.00126464 0 
1.00494 -0.000985543 0 
1.00775 -0.00480007 0 
1.00922 -0.00383766 0 
1.0141 -0.0045492 0 
1.02159 0.0158776 1.0632e-18 
1.01825 0.0158056 -1.36495e-18 
1.02209 0.0177375 -1.07e-18 
1.01974 0.0164244 1.34174e-18 
0.762918 1.30718 0 
0.696609 1.36209 2.92815e-19 
0.871346 1.20488 1.22313e-19 
0.914648 1.15938 -1.62785e-19 
1.15818 2.6088 1.50981e-19 
0.8166 0.0950256 5.57877e-19 
1.14742 0.0965142 0 
1.18966 0.185091 -4.16558e-19 
1.1746 0.150706 -1.74966e-20 
1.00622 0.134453 0 
0.139137 2.96257 4.80941e-19 
0.115839 2.86856 -1.11687e-18 
0.0272918 2.37002 7.60855e-19 
0.0931316 0.00840467 -3.3839e-19 
0.340476 3.42185 -2.4693e-19 
0.195209 3.31444 0 
0.237661 3.35672 3.21585e-19 
0.24702 3.03575 -1.64465e-18 
0.341567 3.19452 0 
0.00610268 3.12091 4.43147e-20 
0.0171051 3.12953 -5.24813e-19 
0.0148688 3.12558 7.72431e-19 
0.0356071 3.13992 0 
0.0339962 3.1508 0 
1.21622 2.60863 0 
0.531275 0.842825 -4.84878e-19 
1.03313 0.98825 -2.0911e-20 
0.971924 1.0588 0 
0.816908 0.958899 -8.97233e-20 
1.05643 0.876219 2.95606e-20 
0.368249 0.41368 -8.78726e-19 
0.701184 0.328207 -2.28406e-20 
0.683247 0.252339 4.03578e-19 
0.591622 0.393992 2.99717e-20 
0.510654 0.369409 -1.20876e-18 
0.672951 0.339794 0 
0.700824 0.426483 6.81796e-19 
0.708103 0.4257 0 
0.629917 0.374973 0 
0.60753 0.301526 0 
0.785603 0.617161 3.85588e-19 
1.20615 0.280175 -4.4549e-19 
1.20199 0.416328 0 
1.21377 0.364342 0 
0.761074 0.194675 6.01549e-19 
0.831387 0.537672 -3.69219e-19 
0.737134 0.51445 6.46336e-19 
0.932076 0.420261 -7.05521e-19 
1.0199 0.0145796 7.32415e-19 
1.01797 0.0140858 -7.37434e-19 
1.01596 0.0156399 0 
1.03558 -0.00627815 0 
1.02941 -0.00886373 -6.88376e-19 
1.02728 -0.0123609 6.81539e-19 
1.02512 0.00964649 0 
1.02378 0.0130365 0 
1.01138 0.00401983 0 
1.01432 0.00886887 0 
1.01507 0.00382165 0 
1.01418 0.0027063 0 
0.0648379 1.33296 0 
0.0668243 1.29419 0 
0.146787 1.3432 4.7835e-20 
0.260945 1.46162 1.07418e-19 
0.15168 1.43201 2.23575e-19 
0.182324 1.44095 -3.66579e-19 
0.162806 1.37122 0 
0.129304 1.5895 -2.11904e-20 
0.108543 1.55839 0 
0.352863 2.03243 -7.44676e-20 
0.350721 2.3651 5.62176e-19 
0.184644 1.43925 1.84826e-20 
0.261189 1.36732 4.85457e-20 
0.194153 1.35257 -3.92679e-20 
0.269735 1.30745 -3.16688e-20 
0.238547 1.57344 0 
0.261217 1.61528 5.85879e-20 
0.0288982 2.27763 -1.38627e-20 
0.037838 2.6732 0 
0.0625255 2.41346 9.46324e-20 
0.056975 2.43434 0 
0.0673842 2.67838 -1.92468e-19 
0.0493608 2.70222 0 
0.0247478 1.42073 5.62764e-20 
0.0222339 1.46366 0 
0.02312 1.38606 0 
0.023312 1.39152 -6.35048e-20 
-0.002571 2.65131 -1.99426e-20 
0.0258292 2.69784 1.38138e-19 
0.0113446 2.7199 9.49059e-22 
0.00607688 1.85684 -2.40483e-20 
-0.0135783 1.65773 -9.01887e-21 
0.0652986 1.24093 0 
0.0431177 1.1215 0 
0.035223 1.57367 -6.67716e-20 
0.0216301 1.44716 -7.15006e-20 
0.0294209 1.51202 9.02015e-20 
0.0328712 1.59598 0 
-0.104432 2.41658 2.51772e-19 
-0.123352 2.57348 -1.17684e-19 
-0.0504147 2.50851 1.28904e-20 
-0.0158806 1.86473 2.89245e-20 
-0.0615941 2.49637 8.85923e-21 
-0.0216215 2.44345 -6.09229e-21 
1.0204 0.020314 -7.2714e-19 
1.01698 0.025465 7.2963e-19 
1.01512 0.0163121 0 
1.01674 0.0642902 9.99014e-19 
0.995478 0.0554934 -1.15292e-18 
0.957441 0.0430442 1.29219e-18 
1.01748 0.0990893 -1.36737e-19 
1.0418 -0.00637411 0 
1.04975 -0.00230592 6.54351e-19 
1.03802 -0.0104982 -6.56725e-19 
1.06938 0.0375103 -3.8835e-20 
1.06329 0.0203476 3.35706e-19 
1.06148 0.048451 0 
1.05439 0.0423347 -1.2057e-19 
1.0324 0.0384571 0 
1.02636 0.0349094 0 
1.02767 0.0125193 0 
1.02439 0.0153311 0 
1.03859 0.0293279 2.48733e-19 
1.03864 0.0250572 -5.50107e-19 
1.05055 0.0311219 -2.63848e-19 
1.0471 0.0311449 -2.90043e-19 
1.06878 0.0543964 5.6585e-19 
1.09081 0.0423778 0 
1.0976 0.0866559 0 
-0.099285 2.43092 1.84171e-19 
-0.199618 2.34738 2.109e-20 
-0.154104 2.34434 0 
-0.179291 2.52517 -1.83879e-19 
-0.234364 2.52528 -3.47012e-20 
-0.207214 2.52956 2.15186e-20 
-0.0423541 2.60947 -6.64574e-22 
-0.0764837 2.55116 3.97187e-22 
-0.0490984 2.52731 -1.15831e-21 
-0.0545694 2.59422 2.42856e-21 
-0.0476285 2.59926 -2.91812e-21 
0.103686 1.59457 8.46358e-21 
0.0613084 1.89425 -2.14988e-19 
0.364545 1.41694 -1.56161e-19 
0.362412 1.35742 -3.94141e-20 
0.643958 1.40749 -2.83144e-19 
0.510616 1.47218 -1.64684e-19 
0.562532 1.4456 0 
0.590698 2.42776 1.96974e-19 
0.657781 2.41873 3.18742e-19 
0.410818 2.52245 8.14784e-20 
0.405354 2.5554 -5.47562e-19 
0.515242 2.50461 5.48156e-19 
0.549548 2.46625 0 
0.488255 2.51919 -5.27869e-19 
0.247735 2.59604 1.07811e-18 
0.353412 2.57121 -8.26047e-20 
0.28455 2.65671 -1.49195e-18 
0.938561 2.38268 6.4689e-19 
0.832304 2.38753 0 
1.011 0.000340404 2.38835e-20 
1.01535 -0.00557261 -1.94564e-20 
1.01755 -0.00369243 -3.54068e-19 
1.01491 -0.00114553 3.56287e-19 
1.01234 0.000868705 0 
0.632133 1.27514 0 
0.653256 1.17053 0 
0.753586 1.07819 0 
0.644265 1.1378 0 
1.1865 2.62378 5.92411e-20 
1.0767 2.36827 0 
0.842029 2.18899 2.92585e-21 
0.828126 2.45734 0 
0.923217 2.54537 -3.47144e-19 
0.959713 2.49991 2.31201e-19 
0.827481 0.146966 0 
0.798699 0.130061 1.53772e-19 
0.924794 0.124606 8.77233e-19 
0.846965 0.120418 -3.32645e-19 
0.826669 0.0626112 -1.01225e-18 
1.06702 0.222283 -8.27029e-19 
0.986778 0.277776 -1.55916e-20 
0.913292 0.273337 8.18139e-19 
1.00028 0.205506 6.75621e-19 
0.94906 0.165497 -1.16216e-18 
0.918078 0.170183 1.45874e-19 
0.946964 0.233283 -3.10536e-19 
0.925952 0.194236 0 
0.995647 0.166761 5.71928e-19 
1.04314 0.171488 0 
1.03981 0.198046 0 
1.09615 0.107343 2.63829e-19 
1.07014 0.16189 -1.35918e-20 
1.06099 0.225914 -1.43835e-19 
1.09224 0.193678 0 
1.02291 0.0427815 5.63508e-19 
1.04234 0.0526428 6.99382e-19 
1.033 0.0402946 -5.59224e-19 
1.0432 0.0576028 -4.68679e-19 
1.01763 0.065692 -7.07077e-19 
0.99183 0.139837 0 
1.0021 0.0943616 0 
0.973237 0.0602902 -4.6047e-19 
0.925447 0.0779214 1.82283e-19 
1.04095 0.0936871 6.49794e-19 
1.06926 0.108762 -7.62972e-19 
1.07414 0.140904 6.82786e-19 
1.03442 0.130971 0 
1.07449 0.0954725 0 
1.05968 0.0784273 -3.10499e-19 
1.04818 0.086722 -5.31566e-19 
0.584333 1.08396 1.02358e-19 
0.614207 1.4125 -4.05144e-21 
1.15739 2.74092 -1.73946e-19 
1.22375 3.08223 -1.0733e-20 
1.24961 2.72295 -1.70535e-20 
1.27966 2.70684 -8.1988e-20 
1.20796 2.34702 -1.00195e-20 
1.21099 2.98601 -4.51417e-20 
1.23051 2.95102 1.59993e-19 
1.2148 3.23604 -1.65259e-19 
1.376 2.96772 2.28571e-19 
1.36667 2.88606 0 
0.538526 0.849765 -4.37672e-20 
0.139289 1.26155 5.41302e-19 
0.527622 0.469873 5.69971e-19 
0.361872 0.221213 6.26768e-19 
0.530705 0.399124 6.81222e-19 
0.539107 0.487748 -1.11781e-18 
0.542161 0.494434 9.14128e-19 
0.49633 0.419335 -3.43746e-19 
0.424982 0.357359 7.8331e-19 
0.764477 0.251525 -3.43441e-19 
0.724535 0.289593 0 
0.719914 0.22275 9.91635e-21 
0.717453 0.51365 3.58074e-19 
0.689415 0.484831 -1.30643e-18 
0.609789 0.487114 1.65465e-20 
0.623925 0.468789 0 
0.665898 0.738836 3.63244e-19 
0.813495 0.769847 3.53745e-19 
0.742407 0.853631 -4.15097e-19 
0.855396 0.801509 -1.41926e-19 
0.889022 0.843397 -3.27544e-20 
0.89737 0.844842 3.35264e-20 
0.825202 0.643157 -6.41585e-19 
0.901966 0.69727 1.31865e-19 
0.959912 0.711375 0 
0.949403 0.68753 -1.81965e-19 
1.01214 0.318761 2.00523e-19 
1.12029 0.290181 2.64752e-19 
1.05162 0.260542 3.37929e-19 
0.993785 0.35235 -4.05682e-19 
1.03386 0.419058 0 
1.08726 0.405968 0 
0.901123 0.349039 4.64406e-21 
0.838918 0.282646 0 
0.862779 0.275491 3.87922e-19 
0.897762 0.279754 -6.20475e-21 
0.923521 0.423499 1.96393e-18 
0.879655 0.484956 5.06044e-19 
0.885357 0.449602 -5.44871e-19 
0.814861 0.436598 5.83492e-19 
0.796974 0.431132 3.53898e-19 
0.769 0.418 -3.47881e-19 
1.02698 -0.000757701 5.88972e-19 
1.02001 -0.000377192 0 
1.01855 0.000547436 3.84262e-19 
1.02143 -0.00200398 -8.70167e-19 
1.02238 0.00393255 4.22698e-19 
1.02051 0.0108214 -8.85306e-19 
1.02153 0.0102408 0 
1.02079 0.0105622 -1.84611e-19 
1.01605 0.00740817 4.63112e-19 
1.01678 0.0101996 -2.31038e-19 
1.01748 0.00955398 1.70194e-19 
0.0349835 1.3186 0 
0.0365579 1.35588 0 
0.0517362 1.31469 0 
0.0418646 1.27601 0 
0.0739611 1.36835 -1.21166e-19 
0.0791631 1.34041 4.36304e-20 
0.107418 1.49227 9.3121e-21 
0.0857347 1.33704 -2.45515e-20 
0.0321237 1.45076 5.26462e-20 
0.0365391 1.44112 -4.00356e-20 
0.0671807 1.35093 -7.16796e-21 
0.0604172 1.35305 8.27528e-20 
0.0521457 1.33074 1.16264e-20 
0.0390092 1.35491 7.81174e-21 
0.104348 2.38718 -1.03837e-19 
0.0925251 2.43001 0 
0.166336 2.06422 8.73496e-20 
0.110028 1.71038 2.01474e-20 
0.229627 2.05788 -7.05461e-20 
0.209642 2.45457 0 
0.268767 2.40651 -5.15845e-19 
0.3053 2.40502 3.66657e-19 
0.229721 2.01662 -1.95604e-19 
0.151167 2.18383 1.38221e-19 
0.146245 2.30492 0 
0.0122002 1.88618 5.10376e-20 
-0.0153466 2.40354 -3.3536e-21 
-0.000550902 2.16322 0 
0.00488364 2.46586 -1.37794e-20 
0.0167176 2.31528 -1.3864e-20 
0.030038 1.4128 -1.14908e-20 
0.0688641 1.38095 2.08392e-19 
0.0783362 1.41858 -7.16234e-20 
0.022277 1.41411 -5.6238e-20 
0.0271045 1.42647 0 
0.076901 1.398 0 
0.0459056 1.1511 -1.31693e-19 
0.1096 1.37359 3.9282e-20 
0.11185 1.37328 0 
0.0566 1.18867 -7.95572e-20 
0.0458282 0.98696 1.77976e-19 
1.0403 0.0107233 0 
1.04563 0.00708069 -6.14893e-20 
1.03833 0.0203039 -4.42904e-19 
1.04753 0.0192676 0 
1.05188 0.0190385 0 
1.03616 0.0104736 -6.41774e-21 
1.03133 0.0103337 7.11291e-19 
1.0318 0.01524 8.64528e-19 
1.02597 0.0192029 0 
1.02343 0.0197972 0 
1.03493 0.0234313 4.423e-19 
1.02628 0.0248104 0 
1.02516 0.0245768 0 
-0.00148525 2.09375 0 
0.0345948 1.88644 2.73216e-20 
0.0390192 1.9579 -6.59502e-20 
0.0880801 1.38052 0 
0.120908 1.67271 -7.28265e-20 
0.124075 1.51567 7.35663e-20 
0.0890847 1.40342 0 
0.395993 1.68765 0 
0.363188 1.28468 5.2347e-20 
0.306328 1.33814 0 
0.418844 1.28454 -1.29933e-19 
0.462852 1.44523 0 
0.444209 1.38979 8.10116e-20 
1.03357 2.69173 -1.37044e-20 
0.961167 2.41323 -8.13571e-19 
0.909122 2.18653 9.42351e-19 
0.845228 2.37953 2.21997e-19 
0.846029 2.50541 0 
0.916408 2.49941 0 
0.92187 2.37655 0 
0.899378 2.36265 -8.61065e-19 
0.693036 2.47703 -3.27821e-19 
0.802219 2.46826 -8.26367e-20 
0.813958 2.43969 6.3148e-20 
0.692486 2.39467 0 
0.796341 2.39136 0 
0.755235 2.40336 -3.43016e-19 
0.769913 2.49671 0 
0.61376 1.09344 0 
0.484558 0.930574 -4.21272e-19 
0.553686 0.96503 -2.70114e-20 
0.52521 1.06059 0 
0.523946 1.00944 6.32981e-19 
0.766426 0.879275 -1.1072e-19 
0.778381 1.01044 0 
0.751105 0.966794 1.54782e-19 
0.640224 1.03332 0 
0.644876 0.943942 0 
1.16527 2.76202 -1.86412e-19 
1.14302 2.82572 -6.30123e-20 
0.933872 2.34678 4.06384e-20 
0.901325 2.32609 -6.47412e-20 
1.13023 2.73578 0 
1.08346 2.70622 7.79831e-20 
1.08975 2.48871 -2.81113e-19 
0.985372 2.23496 -3.0699e-20 
0.504578 1.36523 0 
0.517541 1.08065 -9.03483e-20 
0.561691 1.15932 0 
0.860243 0.212409 0 
0.805102 0.168047 0 
0.76079 0.14662 0 
0.854794 0.221899 -6.10518e-19 
0.781975 0.213671 3.60411e-19 
0.93635 0.0641909 -3.76247e-19 
0.950235 0.108876 0 
0.927351 0.114642 1.62886e-19 
0.871578 0.0910556 6.5401e-19 
0.852339 0.0518543 -4.08439e-19 
1.16204 3.3617 -7.67129e-19 
1.20969 3.2809 0 
1.16046 3.38989 -1.56699e-18 
0.647742 3.55079 1.33391e-18 
0.872461 3.11834 1.26934e-19 
0.512282 0.854909 5.38694e-19 
0.43077 0.849224 0 
0.339176 0.503268 -1.41423e-19 
0.442329 0.68722 7.86195e-19 
0.530179 0.476025 -1.95073e-19 
0.505126 0.526871 2.21515e-19 
0.651716 0.541389 4.83195e-19 
0.679196 0.558635 0 
0.633004 0.623648 0 
0.590458 0.56075 0 
0.959715 0.596466 8.0398e-20 
0.882776 0.534849 -4.92096e-19 
0.905574 0.566729 3.67187e-19 
0.94075 0.502044 -3.80396e-19 
1.04466 0.476847 0 
1.05461 0.565413 -9.11622e-20 
0.838385 0.386578 -8.05193e-19 
0.842529 0.371404 -9.88515e-19 
0.790704 0.386618 6.28627e-19 
0.785942 0.355808 -6.5093e-19 
0.838004 0.309219 -5.04812e-19 
0.79265 0.308002 6.20483e-19 
1.02682 0.00543752 -4.56525e-19 
1.02639 0.0058209 9.36044e-19 
1.02927 -0.000494147 5.70142e-19 
1.03317 0.000653716 -6.86988e-19 
1.03284 0.00778681 0 
1.03002 0.00864331 -1.1122e-18 
0.0543509 1.6429 1.04852e-20 
0.0398743 1.56874 0 
0.0768429 1.69376 3.9062e-20 
0.0900314 1.67831 -3.03328e-20 
0.0777857 1.51547 -1.74703e-20 
0.0841652 1.50133 0 
0.0393382 1.73637 0 
0.0501752 1.58127 1.91151e-20 
0.0807147 1.49151 -1.72085e-20 
0.0639958 1.65622 2.05708e-20 
0.0234364 1.95832 4.23716e-20 
0.0106281 1.96823 -7.17056e-21 
0.500636 1.37741 -1.56465e-19 
0.494461 1.38362 1.73378e-19 
0.441214 1.2828 4.35623e-20 
0.437193 1.2953 2.32083e-21 
0.625231 1.28827 0 
0.539969 1.37603 1.66995e-19 
0.558468 1.38448 -1.62639e-19 
0.448427 1.27179 -4.19555e-20 
0.507365 1.22485 0 
0.563129 1.19559 0 
0.659608 2.43659 4.8167e-19 
0.670085 2.47111 1.13912e-18 
0.717351 2.48552 -7.83955e-19 
0.618829 2.46559 -1.92047e-19 
0.563583 2.55547 2.52234e-19 
0.512781 2.52832 -6.74315e-19 
0.974452 2.37929 -5.25603e-19 
1.01243 2.3945 0 
0.920463 2.16588 -6.12989e-19 
1.05302 2.68618 0 
1.05528 2.67306 0 
0.612632 2.2783 -5.37426e-20 
1.04246 3.16466 1.96351e-19 
0.91351 3.03512 -1.09628e-19 
0.283329 0.92047 0 
0.322778 0.781904 -2.90503e-19 
0.479081 0.735619 -2.76762e-19 
0.390332 2.02678 0 
0.468774 2.78749 -8.83715e-20 
0.424053 2.55157 0 
0.677063 0.686053 -7.68977e-19 
0.757968 0.681006 1.04788e-18 
0.77714 0.624887 -1.03706e-18 
0.657907 0.648061 -1.00857e-19 
0.713734 0.600283 -4.18471e-19 
1.00458 2.76827 -1.49299e-19 
1.04174 2.82403 -8.81286e-20 
0.639985 2.15296 5.63652e-19 
0.59722 1.72097 -4.07718e-19 
0.700518 1.91057 -3.21199e-19 
0.990399 2.45124 -1.07428e-19 
0.995366 2.44393 2.21643e-19 
0.660468 1.84968 2.2591e-20 
0.452416 1.33988 1.08879e-19 
))
(300 (2 10 3 0 0 919 1018)(
0 0 0 
0 0 0 
0 0 0 
0 0 0 
0 0 0 
0 0 0 
0 0 0 
0 0 0 
0 0 0 
0 0 0 
0 0 0 
0 0 0 
0 0 0 
0 0 0 
0 0 0 
0 0 0 
0 0 0 
0 0 0 
0 0 0 
0 0 0 
0 0 0 
0 0 0 
0 0 0 
0 0 0 
0 0 0 
0 0 0 
0 0 0 
0 0 0 
0 0 0 
0 0 0 
0 0 0 
0 0 0 
0 0 0 
0 0 0 
0 0 0 
0 0 0 
0 0 0 
0 0 0 
0 0 0 
0 0 0 
0 0 0 
0 0 0 
0 0 0 
0 0 0 
0 0 0 
0 0 0 
0 0 0 
0 0 0 
0 0 0 
0 0 0 
0 0 0 
0 0 0 
0 0 0 
0 0 0 
0 0 0 
0 0 0 
0 0 0 
0 0 0 
0 0 0 
0 0 0 
0 0 0 
0 0 0 
0 0 0 
0 0 0 
0 0 0 
0 0 0 
0 0 0 
0 0 0 
0 0 0 
0 0 0 
0 0 0 
0 0 0 
0 0 0 
0 0 0 
0 0 0 
0 0 0 
0 0 0 
0 0 0 
0 0 0 
0 0 0 
0 0 0 
0 0 0 
0 0 0 
0 0 0 
0 0 0 
0 0 0 
0 0 0 
0 0 0 
0 0 0 
0 0 0 
0 0 0 
0 0 0 
0 0 0 
0 0 0 
0 0 0 
0 0 0 
0 0 0 
0 0 0 
0 0 0 
0 0 0 
))
(300 (2 11 3 0 0 1019 1026)(
1 0 0 
1 0 0 
1 0 0 
1 0 0 
1 0 0 
1 0 0 
1 0 0 
1 0 0 
))
(300 (2 12 3 0 0 1027 1030)(
0 3 0 
0 3 0 
0 3 0 
0 3 0 
))
(300 (2 13 3 0 0 1031 1038)(
-0.0575434 1.01412 0 
-0.0303698 1.2801 9.07994e-20 
-0.2067 1.19807 0 
-0.188162 2.46191 0 
-0.32121 2.28281 0 
-0.306188 1.43262 0 
-0.361233 1.89633 0 
-0.253351 2.40725 0 
))
(300 (2 14 3 0 0 1039 1072)(
0 0 0 
0 0 0 
0 0 0 
0 0 0 
0 0 0 
0 0 0 
0 0 0 
0 0 0 
0 0 0 
0 0 0 
0 0 0 
0 0 0 
0 0 0 
0 0 0 
0 0 0 
0 0 0 
0 0 0 
0 0 0 
0 0 0 
0 0 0 
0 0 0 
0 0 0 
0 0 0 
0 0 0 
0 0 0 
0 0 0 
0 0 0 
0 0 0 
0 0 0 
0 0 0 
0 0 0 
0 0 0 
0 0 0 
0 0 0 
))
(300 (2 15 3 0 0 1073 1072)(
))
