(0 "FOAM to Fluent data File")

(33 (918 3444 1074))
(300 (1 1 1 0 0 1 918)(
0.557582
1.1818
0.0012744
0.557032
-0.0125549
1.14881
-0.510689
0.659683
0.537783
-0.10751
-0.0509174
0.54014
1.00948
0.776067
-1.12334
-0.0103645
0.652102
-0.381087
0.536898
-0.0594547
0.688859
0.544321
0.547345
0.537923
0.598333
0.750035
0.890652
0.0240454
0.00964749
0.00509594
-0.0119209
-0.0388049
-0.0329702
1.03245
1.08354
1.10624
0.50552
0.334016
-0.376071
-0.449001
-0.436339
-0.544723
0.658135
0.657312
-0.212155
0.662715
0.664317
0.5248
0.537153
0.538065
0.539082
0.538068
0.539448
0.404422
-0.107774
-0.139037
-0.08854
-0.0822294
0.0529578
-0.0524169
-0.0549051
-0.0490859
-0.0486688
0.454614
0.534323
0.530758
0.544286
0.55381
1.12135
1.09326
1.11941
1.0331
1.04959
0.987459
0.960151
0.796211
0.818112
0.762407
0.749548
-1.55456
-2.5049
-0.534027
-0.28352
-0.010622
-0.00815649
-0.00268455
0.649205
0.650597
0.651535
0.653554
1.08003
-0.378652
-0.479118
0.53704
0.53585
0.544168
0.544869
0.540889
0.539979
-0.0506773
-0.047415
-0.0503559
-0.0555884
-0.0538812
0.675407
0.676349
0.538451
0.535453
0.561482
0.58158
0.571661
0.277985
0.609019
0.624828
0.582789
0.744195
0.737103
0.746281
0.864149
0.828364
0.927676
0.950737
0.0170139
1.24509e-05
-0.0151228
-0.0195282
-0.0181388
0.501346
0.493879
0.521382
0.50896
0.511471
0.250811
0.117531
0.418929
0.44376
-0.29521
-0.3619
-0.428869
-0.459615
-0.568194
0.612712
0.656448
0.655024
-0.222174
-0.150378
-0.283786
-0.0773048
-0.140326
0.515054
0.522076
0.51707
0.532637
0.5271
0.529064
0.541425
0.538494
0.540054
0.466555
0.590076
0.33063
0.295207
-0.242159
-0.15428
-0.241757
-0.0718529
-0.069434
0.0670204
0.09267
0.0397071
0.0279585
-0.0648093
-0.0583638
-0.0612359
-0.0467845
-0.0461562
0.447349
0.43612
0.467317
0.474887
0.520687
0.522214
0.526712
0.52448
0.910859
0.933186
0.94087
0.914657
-3.49343
-6.27349
0.0406974
0.176792
-0.00670445
-0.00937863
0.00198786
-0.00580629
0.000245857
-0.00193507
-0.00749695
-0.00896259
-0.00407928
-0.00282789
0.643856
0.644888
1.00227
1.00918
0.977835
0.930748
0.525259
0.527331
0.532826
0.52871
-0.0459037
-0.0460664
-0.0455615
0.667577
0.672946
0.670448
0.239434
0.149571
0.329116
0.358297
0.637319
0.625752
0.635453
0.642731
0.680016
0.958132
0.976407
0.974591
0.983018
1.02704
1.04343
1.00883
0.480738
0.490749
0.48568
0.524452
0.522232
0.523126
0.519354
0.520369
0.518533
-0.0328278
-0.412569
0.49104
0.50789
0.493358
0.495701
0.692837
0.771442
0.653168
0.654574
0.654167
-0.00802408
-0.06654
0.250366
0.216241
0.386801
0.423276
0.402217
0.882132
0.84255
0.89268
0.865858
0.827184
0.852739
-0.364148
-1.86273
-0.982412
0.525824
0.340419
0.427519
0.00975147
-0.00694089
-0.00240862
1.00186
1.07414
0.645844
0.820683
0.82333
0.715511
0.745037
0.802276
0.730088
0.763312
0.796029
0.775162
0.568655
0.504118
0.520079
0.840526
0.896249
0.119325
0.0575525
0.0137278
0.111581
0.168982
0.143036
1.03414
0.949985
1.02017
0.535215
0.535937
-0.00516145
-0.018379
0.540187
0.540242
-0.012391
-0.00148396
0.410466
-0.831017
0.0984036
0.528771
0.518655
0.535801
-0.0928672
0.356028
-0.050703
0.0482447
-0.00849344
0.530387
0.465764
0.4248
0.000649318
-0.0193923
-0.0505387
-0.212585
0.532885
0.531189
0.535268
0.536208
0.53689
-0.0186122
-0.014354
-0.0103097
-0.0473064
-0.0407978
-0.0528322
0.499679
0.519104
-0.170184
0.535414
0.53755
0.537368
0.530633
0.536262
0.534515
-0.0102849
-0.0153855
-0.0176548
0.219623
0.351855
0.649315
0.73553
0.621675
0.397855
0.163228
0.552921
0.615874
0.522028
0.675236
0.652002
0.659711
0.163924
0.0136058
0.172725
0.114439
0.526632
0.525351
0.516907
0.513865
0.530667
0.52878
0.53334
0.530362
0.533313
0.534694
-0.0489425
-0.0759477
-0.0848917
-0.152032
0.310701
0.57176
0.255137
0.284557
0.142186
-0.0452865
-0.0466564
-0.0487882
-0.057733
0.00116095
-0.0239821
0.0430106
0.0431574
0.0147641
-0.0109088
-0.00817061
-0.0191109
-0.0135339
0.523691
0.523806
0.528049
0.536781
0.475434
0.479222
0.444027
0.46479
0.450037
0.38868
0.424032
0.399233
-0.00531842
0.00327371
-0.00230569
-0.0173485
-0.0140984
-0.0332057
-0.030066
-0.0254884
-0.0214747
-0.028362
-0.0449391
-0.0471541
-0.170692
-0.28665
0.988581
0.909669
0.137265
0.522028
0.528488
0.525247
0.530178
0.533307
0.534104
0.531811
0.528357
0.519334
0.520747
0.517664
0.518708
-0.101532
-0.243017
-0.0713685
-0.146004
0.145817
0.62864
0.363754
0.299087
0.29443
0.523228
0.917067
0.700023
0.669483
0.669423
-0.342965
0.0457714
-0.279337
0.33535
0.162865
0.648902
0.697378
0.718859
0.667359
0.620711
-0.100217
0.556376
-0.0735715
-0.0212736
0.180317
0.0561246
0.661394
0.639626
0.647008
0.653144
0.666868
0.643409
0.626631
0.626423
0.647805
0.651267
0.483536
0.250308
0.200935
0.162474
0.642966
0.517378
0.567617
0.490343
0.521921
0.524454
0.523104
0.504519
0.51212
0.507632
0.514217
0.517851
0.526385
0.526863
0.522121
0.524251
-0.056174
-0.0628153
-0.0252531
-0.13485
-0.127727
-0.18981
-0.0591343
0.0748497
0.036163
0.237546
0.341779
0.0524125
-0.0564749
-0.0289886
0.0127128
0.180083
0.208434
0.074503
0.162337
0.153714
0.134703
0.237683
0.240995
-0.0287883
-0.0306366
-0.0354556
-0.0373548
0.0191021
0.0905265
0.0998549
-0.00667678
-0.0124522
-0.0436938
-0.0437881
-0.0218967
-0.0272866
-0.0221497
0.0048423
-0.0525046
-0.0199408
-0.006012
-0.00396038
-0.00512211
-0.01062
0.518651
0.520315
0.520703
0.527802
0.540624
0.555289
0.521254
0.497678
0.488449
0.49147
0.464336
0.474642
0.470435
0.484048
0.505149
0.513967
0.512272
0.515124
0.497245
0.499035
0.485597
0.489255
0.464304
0.444934
0.432995
-0.0421255
-0.00340438
-0.0115808
-0.0374364
-0.00773209
-0.0197476
-0.0106475
0.00832203
-0.00806564
-0.00945841
-0.019601
-0.0258332
-0.0254786
-0.0726978
0.0139583
-0.184045
-0.219579
-0.292586
0.890815
1.01501
0.810226
0.583255
0.60351
0.846744
0.931274
0.543443
0.735756
0.758919
0.587474
0.854801
0.526878
0.526474
0.524073
0.523552
0.524773
-0.00672932
0.0995623
0.0977087
0.161112
0.277533
0.389164
0.319984
0.194783
0.324854
0.327341
0.621478
0.633738
0.588792
0.612886
0.613042
0.425354
0.501019
0.55264
0.513716
0.565576
0.587088
0.54116
0.57406
0.52368
0.47919
0.475344
0.424961
0.444618
0.420239
0.403362
0.516275
0.493603
0.504321
0.494809
0.515438
0.543598
0.540159
0.562012
0.577082
0.498237
0.453153
0.462533
0.492719
0.454166
0.469733
0.485807
0.233242
0.135257
0.218127
-0.0668693
0.00393126
-0.00854462
-0.0572364
-0.00601868
0.278154
-0.412747
-0.389451
-1.01651
0.504438
0.954612
0.593162
0.568706
0.667549
0.652562
0.658767
0.675758
0.674556
0.631577
0.640832
0.645673
0.59751
0.61835
0.637651
0.633838
0.524974
0.38266
0.381895
0.329738
0.199846
0.239713
0.435815
0.360042
0.285105
0.285223
0.456825
0.343381
0.413335
0.446875
0.378171
0.332824
0.535379
0.601494
0.595209
0.568328
0.479404
0.491544
0.516042
0.549395
0.573405
0.606281
0.513631
0.519576
0.520808
0.518276
0.515547
0.518648
0.518937
0.521504
0.522091
0.52511
0.524175
-0.0520711
-0.0376855
-0.0507546
-0.0627231
-0.0182783
-0.0203075
0.0231994
0.0114463
-0.0150386
-0.0108953
-0.0327335
-0.0366582
-0.0333498
-0.0253983
0.102841
0.115569
0.100328
0.061005
0.251178
0.380896
0.455364
0.330633
0.224448
0.248514
0.267104
-0.0118206
0.0136502
0.000934487
0.040622
0.0325195
-0.0381799
-0.0418998
-0.0379944
-0.0304082
-0.0219616
-0.0372865
-0.0427011
-0.0337594
-0.0382048
-0.0408946
-0.0444152
0.499947
0.493397
0.49499
0.488883
0.487612
0.501974
0.506302
0.50824
0.513761
0.516208
0.506065
0.511556
0.515555
-0.0115018
-0.0345923
-0.0381082
-0.0289929
-0.0311046
-0.0285346
-0.0301114
0.123746
0.0546506
0.058449
0.0112663
-0.120897
-0.0629422
0.492153
0.490936
0.480346
0.721427
0.570669
0.491474
0.588552
0.694216
0.276412
0.473199
0.308279
0.888716
0.78531
0.931623
0.542618
0.246188
0.41022
0.452846
0.266388
0.342125
0.324924
0.213976
0.244702
0.282938
0.381819
0.266319
0.243111
-0.000366242
0.190351
0.302318
0.284162
0.408742
0.469378
0.2672
0.186941
0.141956
0.606347
0.625824
0.63874
0.611649
0.632947
0.581452
0.573693
0.588883
0.596827
0.591292
-0.744758
-0.451067
-1.39792
-0.720337
-0.264961
0.53499
0.506956
0.769998
0.646254
0.681643
0.66642
0.625342
0.595098
0.619598
0.642209
0.340765
0.451356
0.42658
0.432283
0.334969
0.265239
0.563161
0.560238
0.593877
0.617141
0.588668
0.618945
0.511448
0.511174
0.510631
0.506863
0.505123
0.507489
0.0592183
0.0266782
0.0675794
0.0505483
0.0280478
0.0153564
-0.00999887
-0.0199519
-0.0271409
-0.0267334
-0.0124838
-0.00836974
0.172209
0.109605
0.0301438
0.0589896
-0.00169733
-0.070039
-0.089162
0.0161815
0.112251
0.102451
0.405628
0.655242
0.475273
0.642706
0.485212
0.541036
0.468835
0.460195
0.485124
0.380271
0.460655
0.25074
-0.25747
-0.166537
0.795296
0.806029
0.58174
0.406662
0.174476
0.352325
0.541639
0.471619
0.506999
0.576048
0.563137
0.0300945
0.087676
0.374726
0.601446
0.241343
0.232416
0.225812
0.410194
0.328363
))
(300 (1 10 1 0 0 919 1018)(
0.557582
1.1818
0.0012744
0.557032
1.14881
-0.510689
0.659683
-0.10751
-0.0509174
0.54014
1.00948
0.776067
-1.12334
0.652102
-0.381087
0.536898
-0.0594547
0.688859
0.537923
0.598333
0.750035
0.890652
0.0240454
1.03245
0.50552
-0.449001
-0.544723
0.657312
-0.212155
0.664317
0.5248
-0.139037
-0.0822294
-0.0549051
-0.0486688
0.454614
0.530758
0.55381
1.04959
0.960151
0.818112
0.749548
-2.5049
-0.28352
0.650597
0.653554
-0.479118
0.53585
0.539979
-0.047415
-0.0538812
0.676349
0.535453
0.571661
0.277985
0.624828
0.582789
0.746281
0.828364
0.950737
0.493879
0.521382
0.511471
-0.3619
-0.568194
0.655024
-0.283786
-0.140326
0.51707
0.529064
-0.241757
-0.069434
-0.0612359
-0.0461562
0.43612
0.474887
0.520687
0.52448
0.914657
0.176792
0.644888
0.525259
0.52871
-0.0455615
0.670448
0.149571
0.358297
0.635453
0.680016
0.983018
0.48568
0.523126
0.518533
0.654167
-0.06654
0.402217
0.865858
0.427519
0.763312
0.0137278
))
(300 (1 11 1 0 0 919 926)(
0.557582
0.557032
0.537783
0.544321
0.538065
0.539448
0.544168
0.540054
))
(300 (1 12 1 0 0 919 922)(
1.1818
1.14881
1.10624
1.11941
))
(300 (1 13 1 0 0 919 926)(
0
0
0
0
0
0
0
0
))
(300 (1 14 1 0 0 919 952)(
-0.0125549
-0.0103645
-0.0329702
0.334016
0.404422
0.0529578
-0.00268455
1.08003
-0.0181388
0.117531
0.44376
0.612712
0.590076
0.295207
0.09267
0.0279585
-6.27349
-0.00749695
-0.00282789
1.00918
0.930748
-0.412569
0.49104
0.495701
0.771442
0.216241
-0.982412
-0.00240862
1.07414
0.82333
0.520079
0.896249
0.143036
1.02017
))
(300 (1 15 1 0 0 919 2754)(
0.557582
0.557582
1.1818
1.1818
0.0012744
0.0012744
0.557032
0.557032
-0.0125549
-0.0125549
1.14881
1.14881
-0.510689
-0.510689
0.659683
0.659683
0.537783
0.537783
-0.10751
-0.10751
-0.0509174
-0.0509174
0.54014
0.54014
1.00948
1.00948
0.776067
0.776067
-1.12334
-1.12334
-0.0103645
-0.0103645
0.652102
0.652102
-0.381087
-0.381087
0.536898
0.536898
-0.0594547
-0.0594547
0.688859
0.688859
0.544321
0.544321
0.547345
0.547345
0.537923
0.537923
0.598333
0.598333
0.750035
0.750035
0.890652
0.890652
0.0240454
0.0240454
0.00964749
0.00964749
0.00509594
0.00509594
-0.0119209
-0.0119209
-0.0388049
-0.0388049
-0.0329702
-0.0329702
1.03245
1.03245
1.08354
1.08354
1.10624
1.10624
0.50552
0.50552
0.334016
0.334016
-0.376071
-0.376071
-0.449001
-0.449001
-0.436339
-0.436339
-0.544723
-0.544723
0.658135
0.658135
0.657312
0.657312
-0.212155
-0.212155
0.662715
0.662715
0.664317
0.664317
0.5248
0.5248
0.537153
0.537153
0.538065
0.538065
0.539082
0.539082
0.538068
0.538068
0.539448
0.539448
0.404422
0.404422
-0.107774
-0.107774
-0.139037
-0.139037
-0.08854
-0.08854
-0.0822294
-0.0822294
0.0529578
0.0529578
-0.0524169
-0.0524169
-0.0549051
-0.0549051
-0.0490859
-0.0490859
-0.0486688
-0.0486688
0.454614
0.454614
0.534323
0.534323
0.530758
0.530758
0.544286
0.544286
0.55381
0.55381
1.12135
1.12135
1.09326
1.09326
1.11941
1.11941
1.0331
1.0331
1.04959
1.04959
0.987459
0.987459
0.960151
0.960151
0.796211
0.796211
0.818112
0.818112
0.762407
0.762407
0.749548
0.749548
-1.55456
-1.55456
-2.5049
-2.5049
-0.534027
-0.534027
-0.28352
-0.28352
-0.010622
-0.010622
-0.00815649
-0.00815649
-0.00268455
-0.00268455
0.649205
0.649205
0.650597
0.650597
0.651535
0.651535
0.653554
0.653554
1.08003
1.08003
-0.378652
-0.378652
-0.479118
-0.479118
0.53704
0.53704
0.53585
0.53585
0.544168
0.544168
0.544869
0.544869
0.540889
0.540889
0.539979
0.539979
-0.0506773
-0.0506773
-0.047415
-0.047415
-0.0503559
-0.0503559
-0.0555884
-0.0555884
-0.0538812
-0.0538812
0.675407
0.675407
0.676349
0.676349
0.538451
0.538451
0.535453
0.535453
0.561482
0.561482
0.58158
0.58158
0.571661
0.571661
0.277985
0.277985
0.609019
0.609019
0.624828
0.624828
0.582789
0.582789
0.744195
0.744195
0.737103
0.737103
0.746281
0.746281
0.864149
0.864149
0.828364
0.828364
0.927676
0.927676
0.950737
0.950737
0.0170139
0.0170139
1.24509e-05
1.24509e-05
-0.0151228
-0.0151228
-0.0195282
-0.0195282
-0.0181388
-0.0181388
0.501346
0.501346
0.493879
0.493879
0.521382
0.521382
0.50896
0.50896
0.511471
0.511471
0.250811
0.250811
0.117531
0.117531
0.418929
0.418929
0.44376
0.44376
-0.29521
-0.29521
-0.3619
-0.3619
-0.428869
-0.428869
-0.459615
-0.459615
-0.568194
-0.568194
0.612712
0.612712
0.656448
0.656448
0.655024
0.655024
-0.222174
-0.222174
-0.150378
-0.150378
-0.283786
-0.283786
-0.0773048
-0.0773048
-0.140326
-0.140326
0.515054
0.515054
0.522076
0.522076
0.51707
0.51707
0.532637
0.532637
0.5271
0.5271
0.529064
0.529064
0.541425
0.541425
0.538494
0.538494
0.540054
0.540054
0.466555
0.466555
0.590076
0.590076
0.33063
0.33063
0.295207
0.295207
-0.242159
-0.242159
-0.15428
-0.15428
-0.241757
-0.241757
-0.0718529
-0.0718529
-0.069434
-0.069434
0.0670204
0.0670204
0.09267
0.09267
0.0397071
0.0397071
0.0279585
0.0279585
-0.0648093
-0.0648093
-0.0583638
-0.0583638
-0.0612359
-0.0612359
-0.0467845
-0.0467845
-0.0461562
-0.0461562
0.447349
0.447349
0.43612
0.43612
0.467317
0.467317
0.474887
0.474887
0.520687
0.520687
0.522214
0.522214
0.526712
0.526712
0.52448
0.52448
0.910859
0.910859
0.933186
0.933186
0.94087
0.94087
0.914657
0.914657
-3.49343
-3.49343
-6.27349
-6.27349
0.0406974
0.0406974
0.176792
0.176792
-0.00670445
-0.00670445
-0.00937863
-0.00937863
0.00198786
0.00198786
-0.00580629
-0.00580629
0.000245857
0.000245857
-0.00193507
-0.00193507
-0.00749695
-0.00749695
-0.00896259
-0.00896259
-0.00407928
-0.00407928
-0.00282789
-0.00282789
0.643856
0.643856
0.644888
0.644888
1.00227
1.00227
1.00918
1.00918
0.977835
0.977835
0.930748
0.930748
0.525259
0.525259
0.527331
0.527331
0.532826
0.532826
0.52871
0.52871
-0.0459037
-0.0459037
-0.0460664
-0.0460664
-0.0455615
-0.0455615
0.667577
0.667577
0.672946
0.672946
0.670448
0.670448
0.239434
0.239434
0.149571
0.149571
0.329116
0.329116
0.358297
0.358297
0.637319
0.637319
0.625752
0.625752
0.635453
0.635453
0.642731
0.642731
0.680016
0.680016
0.958132
0.958132
0.976407
0.976407
0.974591
0.974591
0.983018
0.983018
1.02704
1.02704
1.04343
1.04343
1.00883
1.00883
0.480738
0.480738
0.490749
0.490749
0.48568
0.48568
0.524452
0.524452
0.522232
0.522232
0.523126
0.523126
0.519354
0.519354
0.520369
0.520369
0.518533
0.518533
-0.0328278
-0.0328278
-0.412569
-0.412569
0.49104
0.49104
0.50789
0.50789
0.493358
0.493358
0.495701
0.495701
0.692837
0.692837
0.771442
0.771442
0.653168
0.653168
0.654574
0.654574
0.654167
0.654167
-0.00802408
-0.00802408
-0.06654
-0.06654
0.250366
0.250366
0.216241
0.216241
0.386801
0.386801
0.423276
0.423276
0.402217
0.402217
0.882132
0.882132
0.84255
0.84255
0.89268
0.89268
0.865858
0.865858
0.827184
0.827184
0.852739
0.852739
-0.364148
-0.364148
-1.86273
-1.86273
-0.982412
-0.982412
0.525824
0.525824
0.340419
0.340419
0.427519
0.427519
0.00975147
0.00975147
-0.00694089
-0.00694089
-0.00240862
-0.00240862
1.00186
1.00186
1.07414
1.07414
0.645844
0.645844
0.820683
0.820683
0.82333
0.82333
0.715511
0.715511
0.745037
0.745037
0.802276
0.802276
0.730088
0.730088
0.763312
0.763312
0.796029
0.796029
0.775162
0.775162
0.568655
0.568655
0.504118
0.504118
0.520079
0.520079
0.840526
0.840526
0.896249
0.896249
0.119325
0.119325
0.0575525
0.0575525
0.0137278
0.0137278
0.111581
0.111581
0.168982
0.168982
0.143036
0.143036
1.03414
1.03414
0.949985
0.949985
1.02017
1.02017
0.535215
0.535215
0.535937
0.535937
-0.00516145
-0.00516145
-0.018379
-0.018379
0.540187
0.540187
0.540242
0.540242
-0.012391
-0.012391
-0.00148396
-0.00148396
0.410466
0.410466
-0.831017
-0.831017
0.0984036
0.0984036
0.528771
0.528771
0.518655
0.518655
0.535801
0.535801
-0.0928672
-0.0928672
0.356028
0.356028
-0.050703
-0.050703
0.0482447
0.0482447
-0.00849344
-0.00849344
0.530387
0.530387
0.465764
0.465764
0.4248
0.4248
0.000649318
0.000649318
-0.0193923
-0.0193923
-0.0505387
-0.0505387
-0.212585
-0.212585
0.532885
0.532885
0.531189
0.531189
0.535268
0.535268
0.536208
0.536208
0.53689
0.53689
-0.0186122
-0.0186122
-0.014354
-0.014354
-0.0103097
-0.0103097
-0.0473064
-0.0473064
-0.0407978
-0.0407978
-0.0528322
-0.0528322
0.499679
0.499679
0.519104
0.519104
-0.170184
-0.170184
0.535414
0.535414
0.53755
0.53755
0.537368
0.537368
0.530633
0.530633
0.536262
0.536262
0.534515
0.534515
-0.0102849
-0.0102849
-0.0153855
-0.0153855
-0.0176548
-0.0176548
0.219623
0.219623
0.351855
0.351855
0.649315
0.649315
0.73553
0.73553
0.621675
0.621675
0.397855
0.397855
0.163228
0.163228
0.552921
0.552921
0.615874
0.615874
0.522028
0.522028
0.675236
0.675236
0.652002
0.652002
0.659711
0.659711
0.163924
0.163924
0.0136058
0.0136058
0.172725
0.172725
0.114439
0.114439
0.526632
0.526632
0.525351
0.525351
0.516907
0.516907
0.513865
0.513865
0.530667
0.530667
0.52878
0.52878
0.53334
0.53334
0.530362
0.530362
0.533313
0.533313
0.534694
0.534694
-0.0489425
-0.0489425
-0.0759477
-0.0759477
-0.0848917
-0.0848917
-0.152032
-0.152032
0.310701
0.310701
0.57176
0.57176
0.255137
0.255137
0.284557
0.284557
0.142186
0.142186
-0.0452865
-0.0452865
-0.0466564
-0.0466564
-0.0487882
-0.0487882
-0.057733
-0.057733
0.00116095
0.00116095
-0.0239821
-0.0239821
0.0430106
0.0430106
0.0431574
0.0431574
0.0147641
0.0147641
-0.0109088
-0.0109088
-0.00817061
-0.00817061
-0.0191109
-0.0191109
-0.0135339
-0.0135339
0.523691
0.523691
0.523806
0.523806
0.528049
0.528049
0.536781
0.536781
0.475434
0.475434
0.479222
0.479222
0.444027
0.444027
0.46479
0.46479
0.450037
0.450037
0.38868
0.38868
0.424032
0.424032
0.399233
0.399233
-0.00531842
-0.00531842
0.00327371
0.00327371
-0.00230569
-0.00230569
-0.0173485
-0.0173485
-0.0140984
-0.0140984
-0.0332057
-0.0332057
-0.030066
-0.030066
-0.0254884
-0.0254884
-0.0214747
-0.0214747
-0.028362
-0.028362
-0.0449391
-0.0449391
-0.0471541
-0.0471541
-0.170692
-0.170692
-0.28665
-0.28665
0.988581
0.988581
0.909669
0.909669
0.137265
0.137265
0.522028
0.522028
0.528488
0.528488
0.525247
0.525247
0.530178
0.530178
0.533307
0.533307
0.534104
0.534104
0.531811
0.531811
0.528357
0.528357
0.519334
0.519334
0.520747
0.520747
0.517664
0.517664
0.518708
0.518708
-0.101532
-0.101532
-0.243017
-0.243017
-0.0713685
-0.0713685
-0.146004
-0.146004
0.145817
0.145817
0.62864
0.62864
0.363754
0.363754
0.299087
0.299087
0.29443
0.29443
0.523228
0.523228
0.917067
0.917067
0.700023
0.700023
0.669483
0.669483
0.669423
0.669423
-0.342965
-0.342965
0.0457714
0.0457714
-0.279337
-0.279337
0.33535
0.33535
0.162865
0.162865
0.648902
0.648902
0.697378
0.697378
0.718859
0.718859
0.667359
0.667359
0.620711
0.620711
-0.100217
-0.100217
0.556376
0.556376
-0.0735715
-0.0735715
-0.0212736
-0.0212736
0.180317
0.180317
0.0561246
0.0561246
0.661394
0.661394
0.639626
0.639626
0.647008
0.647008
0.653144
0.653144
0.666868
0.666868
0.643409
0.643409
0.626631
0.626631
0.626423
0.626423
0.647805
0.647805
0.651267
0.651267
0.483536
0.483536
0.250308
0.250308
0.200935
0.200935
0.162474
0.162474
0.642966
0.642966
0.517378
0.517378
0.567617
0.567617
0.490343
0.490343
0.521921
0.521921
0.524454
0.524454
0.523104
0.523104
0.504519
0.504519
0.51212
0.51212
0.507632
0.507632
0.514217
0.514217
0.517851
0.517851
0.526385
0.526385
0.526863
0.526863
0.522121
0.522121
0.524251
0.524251
-0.056174
-0.056174
-0.0628153
-0.0628153
-0.0252531
-0.0252531
-0.13485
-0.13485
-0.127727
-0.127727
-0.18981
-0.18981
-0.0591343
-0.0591343
0.0748497
0.0748497
0.036163
0.036163
0.237546
0.237546
0.341779
0.341779
0.0524125
0.0524125
-0.0564749
-0.0564749
-0.0289886
-0.0289886
0.0127128
0.0127128
0.180083
0.180083
0.208434
0.208434
0.074503
0.074503
0.162337
0.162337
0.153714
0.153714
0.134703
0.134703
0.237683
0.237683
0.240995
0.240995
-0.0287883
-0.0287883
-0.0306366
-0.0306366
-0.0354556
-0.0354556
-0.0373548
-0.0373548
0.0191021
0.0191021
0.0905265
0.0905265
0.0998549
0.0998549
-0.00667678
-0.00667678
-0.0124522
-0.0124522
-0.0436938
-0.0436938
-0.0437881
-0.0437881
-0.0218967
-0.0218967
-0.0272866
-0.0272866
-0.0221497
-0.0221497
0.0048423
0.0048423
-0.0525046
-0.0525046
-0.0199408
-0.0199408
-0.006012
-0.006012
-0.00396038
-0.00396038
-0.00512211
-0.00512211
-0.01062
-0.01062
0.518651
0.518651
0.520315
0.520315
0.520703
0.520703
0.527802
0.527802
0.540624
0.540624
0.555289
0.555289
0.521254
0.521254
0.497678
0.497678
0.488449
0.488449
0.49147
0.49147
0.464336
0.464336
0.474642
0.474642
0.470435
0.470435
0.484048
0.484048
0.505149
0.505149
0.513967
0.513967
0.512272
0.512272
0.515124
0.515124
0.497245
0.497245
0.499035
0.499035
0.485597
0.485597
0.489255
0.489255
0.464304
0.464304
0.444934
0.444934
0.432995
0.432995
-0.0421255
-0.0421255
-0.00340438
-0.00340438
-0.0115808
-0.0115808
-0.0374364
-0.0374364
-0.00773209
-0.00773209
-0.0197476
-0.0197476
-0.0106475
-0.0106475
0.00832203
0.00832203
-0.00806564
-0.00806564
-0.00945841
-0.00945841
-0.019601
-0.019601
-0.0258332
-0.0258332
-0.0254786
-0.0254786
-0.0726978
-0.0726978
0.0139583
0.0139583
-0.184045
-0.184045
-0.219579
-0.219579
-0.292586
-0.292586
0.890815
0.890815
1.01501
1.01501
0.810226
0.810226
0.583255
0.583255
0.60351
0.60351
0.846744
0.846744
0.931274
0.931274
0.543443
0.543443
0.735756
0.735756
0.758919
0.758919
0.587474
0.587474
0.854801
0.854801
0.526878
0.526878
0.526474
0.526474
0.524073
0.524073
0.523552
0.523552
0.524773
0.524773
-0.00672932
-0.00672932
0.0995623
0.0995623
0.0977087
0.0977087
0.161112
0.161112
0.277533
0.277533
0.389164
0.389164
0.319984
0.319984
0.194783
0.194783
0.324854
0.324854
0.327341
0.327341
0.621478
0.621478
0.633738
0.633738
0.588792
0.588792
0.612886
0.612886
0.613042
0.613042
0.425354
0.425354
0.501019
0.501019
0.55264
0.55264
0.513716
0.513716
0.565576
0.565576
0.587088
0.587088
0.54116
0.54116
0.57406
0.57406
0.52368
0.52368
0.47919
0.47919
0.475344
0.475344
0.424961
0.424961
0.444618
0.444618
0.420239
0.420239
0.403362
0.403362
0.516275
0.516275
0.493603
0.493603
0.504321
0.504321
0.494809
0.494809
0.515438
0.515438
0.543598
0.543598
0.540159
0.540159
0.562012
0.562012
0.577082
0.577082
0.498237
0.498237
0.453153
0.453153
0.462533
0.462533
0.492719
0.492719
0.454166
0.454166
0.469733
0.469733
0.485807
0.485807
0.233242
0.233242
0.135257
0.135257
0.218127
0.218127
-0.0668693
-0.0668693
0.00393126
0.00393126
-0.00854462
-0.00854462
-0.0572364
-0.0572364
-0.00601868
-0.00601868
0.278154
0.278154
-0.412747
-0.412747
-0.389451
-0.389451
-1.01651
-1.01651
0.504438
0.504438
0.954612
0.954612
0.593162
0.593162
0.568706
0.568706
0.667549
0.667549
0.652562
0.652562
0.658767
0.658767
0.675758
0.675758
0.674556
0.674556
0.631577
0.631577
0.640832
0.640832
0.645673
0.645673
0.59751
0.59751
0.61835
0.61835
0.637651
0.637651
0.633838
0.633838
0.524974
0.524974
0.38266
0.38266
0.381895
0.381895
0.329738
0.329738
0.199846
0.199846
0.239713
0.239713
0.435815
0.435815
0.360042
0.360042
0.285105
0.285105
0.285223
0.285223
0.456825
0.456825
0.343381
0.343381
0.413335
0.413335
0.446875
0.446875
0.378171
0.378171
0.332824
0.332824
0.535379
0.535379
0.601494
0.601494
0.595209
0.595209
0.568328
0.568328
0.479404
0.479404
0.491544
0.491544
0.516042
0.516042
0.549395
0.549395
0.573405
0.573405
0.606281
0.606281
0.513631
0.513631
0.519576
0.519576
0.520808
0.520808
0.518276
0.518276
0.515547
0.515547
0.518648
0.518648
0.518937
0.518937
0.521504
0.521504
0.522091
0.522091
0.52511
0.52511
0.524175
0.524175
-0.0520711
-0.0520711
-0.0376855
-0.0376855
-0.0507546
-0.0507546
-0.0627231
-0.0627231
-0.0182783
-0.0182783
-0.0203075
-0.0203075
0.0231994
0.0231994
0.0114463
0.0114463
-0.0150386
-0.0150386
-0.0108953
-0.0108953
-0.0327335
-0.0327335
-0.0366582
-0.0366582
-0.0333498
-0.0333498
-0.0253983
-0.0253983
0.102841
0.102841
0.115569
0.115569
0.100328
0.100328
0.061005
0.061005
0.251178
0.251178
0.380896
0.380896
0.455364
0.455364
0.330633
0.330633
0.224448
0.224448
0.248514
0.248514
0.267104
0.267104
-0.0118206
-0.0118206
0.0136502
0.0136502
0.000934487
0.000934487
0.040622
0.040622
0.0325195
0.0325195
-0.0381799
-0.0381799
-0.0418998
-0.0418998
-0.0379944
-0.0379944
-0.0304082
-0.0304082
-0.0219616
-0.0219616
-0.0372865
-0.0372865
-0.0427011
-0.0427011
-0.0337594
-0.0337594
-0.0382048
-0.0382048
-0.0408946
-0.0408946
-0.0444152
-0.0444152
0.499947
0.499947
0.493397
0.493397
0.49499
0.49499
0.488883
0.488883
0.487612
0.487612
0.501974
0.501974
0.506302
0.506302
0.50824
0.50824
0.513761
0.513761
0.516208
0.516208
0.506065
0.506065
0.511556
0.511556
0.515555
0.515555
-0.0115018
-0.0115018
-0.0345923
-0.0345923
-0.0381082
-0.0381082
-0.0289929
-0.0289929
-0.0311046
-0.0311046
-0.0285346
-0.0285346
-0.0301114
-0.0301114
0.123746
0.123746
0.0546506
0.0546506
0.058449
0.058449
0.0112663
0.0112663
-0.120897
-0.120897
-0.0629422
-0.0629422
0.492153
0.492153
0.490936
0.490936
0.480346
0.480346
0.721427
0.721427
0.570669
0.570669
0.491474
0.491474
0.588552
0.588552
0.694216
0.694216
0.276412
0.276412
0.473199
0.473199
0.308279
0.308279
0.888716
0.888716
0.78531
0.78531
0.931623
0.931623
0.542618
0.542618
0.246188
0.246188
0.41022
0.41022
0.452846
0.452846
0.266388
0.266388
0.342125
0.342125
0.324924
0.324924
0.213976
0.213976
0.244702
0.244702
0.282938
0.282938
0.381819
0.381819
0.266319
0.266319
0.243111
0.243111
-0.000366242
-0.000366242
0.190351
0.190351
0.302318
0.302318
0.284162
0.284162
0.408742
0.408742
0.469378
0.469378
0.2672
0.2672
0.186941
0.186941
0.141956
0.141956
0.606347
0.606347
0.625824
0.625824
0.63874
0.63874
0.611649
0.611649
0.632947
0.632947
0.581452
0.581452
0.573693
0.573693
0.588883
0.588883
0.596827
0.596827
0.591292
0.591292
-0.744758
-0.744758
-0.451067
-0.451067
-1.39792
-1.39792
-0.720337
-0.720337
-0.264961
-0.264961
0.53499
0.53499
0.506956
0.506956
0.769998
0.769998
0.646254
0.646254
0.681643
0.681643
0.66642
0.66642
0.625342
0.625342
0.595098
0.595098
0.619598
0.619598
0.642209
0.642209
0.340765
0.340765
0.451356
0.451356
0.42658
0.42658
0.432283
0.432283
0.334969
0.334969
0.265239
0.265239
0.563161
0.563161
0.560238
0.560238
0.593877
0.593877
0.617141
0.617141
0.588668
0.588668
0.618945
0.618945
0.511448
0.511448
0.511174
0.511174
0.510631
0.510631
0.506863
0.506863
0.505123
0.505123
0.507489
0.507489
0.0592183
0.0592183
0.0266782
0.0266782
0.0675794
0.0675794
0.0505483
0.0505483
0.0280478
0.0280478
0.0153564
0.0153564
-0.00999887
-0.00999887
-0.0199519
-0.0199519
-0.0271409
-0.0271409
-0.0267334
-0.0267334
-0.0124838
-0.0124838
-0.00836974
-0.00836974
0.172209
0.172209
0.109605
0.109605
0.0301438
0.0301438
0.0589896
0.0589896
-0.00169733
-0.00169733
-0.070039
-0.070039
-0.089162
-0.089162
0.0161815
0.0161815
0.112251
0.112251
0.102451
0.102451
0.405628
0.405628
0.655242
0.655242
0.475273
0.475273
0.642706
0.642706
0.485212
0.485212
0.541036
0.541036
0.468835
0.468835
0.460195
0.460195
0.485124
0.485124
0.380271
0.380271
0.460655
0.460655
0.25074
0.25074
-0.25747
-0.25747
-0.166537
-0.166537
0.795296
0.795296
0.806029
0.806029
0.58174
0.58174
0.406662
0.406662
0.174476
0.174476
0.352325
0.352325
0.541639
0.541639
0.471619
0.471619
0.506999
0.506999
0.576048
0.576048
0.563137
0.563137
0.0300945
0.0300945
0.087676
0.087676
0.374726
0.374726
0.601446
0.601446
0.241343
0.241343
0.232416
0.232416
0.225812
0.225812
0.410194
0.410194
0.328363
0.328363
))
(300 (2 1 3 0 0 1 918)(
0.98516 -0.00050744 0 
0.00501516 2.96625 0 
0.00753916 0.887927 0 
0.979704 0.00214555 0 
-0.0121765 2.06307 3.75689e-20 
-0.00704693 2.9488 -2.45893e-18 
0.819906 1.1637 4.49246e-19 
0.109022 0.068108 -1.47e-20 
0.999909 -0.000276507 0 
0.0668288 0.732785 0 
0.00996835 0.502189 0 
0.732625 -0.00167331 0 
0.0110901 2.93039 0 
0.00268536 2.795 0 
-0.0178266 3.14902 7.79888e-19 
-0.021684 1.91608 8.70922e-21 
0.282985 0.051688 1.01872e-18 
0.188763 1.14305 3.16065e-19 
0.962722 0.00501634 0 
0.00737945 0.474475 0 
-0.0170692 0.0800275 -6.91731e-19 
1.00197 -0.00497507 0 
1.00023 -0.0097844 0 
0.975739 -0.00643883 0 
0.598596 0.0278776 0 
0.0143292 2.64191 0 
-0.0148592 2.90999 9.04207e-19 
0.00998818 0.935142 0 
-0.0175869 1.18019 0 
0.011762 0.918113 0 
-0.0143857 2.593 0 
-0.00114157 2.11721 -3.00048e-20 
-0.011368 1.89629 0 
-0.0206107 2.9876 -8.83539e-23 
-0.0166862 3.00529 1.91103e-18 
0.00209984 3.00018 0 
0.871407 -0.00965732 0 
0.402625 0.933018 1.80745e-19 
0.805251 1.17787 -5.1267e-19 
0.956725 1.02353 5.57449e-19 
0.673688 1.26968 -1.04073e-19 
0.674552 1.24382 5.99056e-19 
0.146164 0.122527 1.43408e-20 
0.136293 0.0537731 0 
1.16093 0.563399 0 
0.120508 0.0993731 6.51432e-20 
0.0821543 0.0552515 -6.75969e-20 
0.919913 -0.00745843 0 
1.00027 0.000161288 0 
0.999909 0.000338542 0 
1.00363 -0.00775915 0 
1.00096 -0.000918826 0 
1.00017 3.72272e-05 0 
0.0731355 1.82607 -7.73061e-19 
0.0324953 0.946829 0 
0.0995407 0.813116 0 
0.0137247 0.895388 0 
0.0401949 0.65032 0 
0.00660398 2.01474 0 
-0.00390727 0.793553 0 
0.0112574 0.512373 0 
-0.00431743 0.786446 0 
0.00949522 0.49199 0 
0.841845 -0.0156782 0 
0.841387 0.0289708 0 
0.761429 -0.00424449 0 
0.801158 0.030513 0 
0.70202 0.0106203 0 
0.0146859 3.00041 9.11349e-19 
0.0114947 3.00802 0 
0.00611417 3.00276 0 
0.013534 2.99735 1.03373e-23 
0.00797121 2.95848 -1.35449e-18 
0.0144932 2.98205 0 
0.0108553 2.90359 0 
0.0244668 2.93092 2.06903e-24 
0.00468341 2.82481 0 
0.0300979 2.91651 0 
-0.00507675 2.74537 0 
0.304905 3.54163 0 
-0.131601 3.62223 0 
0.137655 3.23899 -7.25757e-19 
-0.0135023 2.9773 0 
-0.0255835 1.98665 0 
-0.00711463 2.16986 -8.58986e-21 
-0.0156371 1.92442 3.08574e-21 
0.34376 0.142044 -3.53811e-19 
0.313933 0.0297971 -3.43901e-19 
0.298286 0.14737 -1.05899e-18 
0.245211 0.0592657 -6.8812e-19 
0.229299 0.983521 0 
0.272179 1.29354 -3.67585e-19 
0.3657 1.22749 6.13094e-19 
0.987433 0.00857383 0 
0.941853 0.00582512 0 
1.0003 0.000581099 0 
1.00286 0.00930962 0 
1.00301 0.00847205 -2.7471e-18 
0.991907 0.00969551 2.07451e-18 
-0.0101333 0.783237 0 
0.00931495 0.483031 0 
-0.0456919 1.0067 0 
-0.0257848 0.826686 0 
0.00527342 0.475847 0 
-0.0377992 0.105163 2.14276e-19 
0.0610117 0.0667639 0 
0.993554 -0.00837011 0 
0.954468 -0.00653226 0 
0.743981 0.0292549 0 
0.680582 0.0241509 0 
0.661601 0.0201515 0 
0.971482 -0.00728535 0 
0.592145 0.0727947 0 
0.452108 -0.00889435 1.54217e-18 
-0.0373969 2.86173 6.66869e-19 
0.0413451 2.90973 0 
0.0534556 2.88618 0 
-0.00445964 2.70056 0 
-0.013322 2.9852 8.55692e-19 
-0.0178345 2.89505 0 
-0.0153777 2.98809 -2.6542e-18 
-0.013332 2.92518 9.08626e-19 
-0.0280132 1.34559 0 
-0.00345404 1.37472 0 
-0.00737569 2.13485 4.89506e-22 
-0.00641813 2.09669 0 
-0.0238369 1.90354 0 
0.93865 -0.00737321 0 
0.85758 -0.00997936 0 
0.86331 0.00539523 0 
0.949631 -0.00780189 0 
0.884097 -0.00819496 0 
0.514031 1.12593 -2.28204e-19 
0.563202 1.17694 0 
0.36726 0.878024 3.36965e-20 
0.309938 0.736715 0 
0.918016 1.06067 -1.53808e-19 
1.03644 0.870129 3.13073e-19 
0.358519 1.35472 0 
0.526194 1.32539 0 
0.54904 1.26411 0 
0.121047 0.184885 -3.02583e-19 
0.172115 0.126353 0 
0.176849 0.0775627 1.91058e-19 
1.00734 0.92465 0 
1.08146 0.778548 0 
1.10664 0.720142 -2.49142e-19 
1.14034 0.622847 0 
1.19094 0.40662 5.73843e-20 
0.957781 -0.00869233 0 
0.962526 -0.0100278 0 
0.901778 -0.00798765 0 
0.984207 -0.00914361 0 
0.974719 -0.0093279 0 
0.937144 -0.00637412 0 
1.00019 0.00234022 0 
1.0009 0.0014154 0 
0.999909 0.000855449 0 
0.0356392 2.07296 4.28395e-19 
0.118738 1.76894 0 
0.0181956 2.18679 6.58612e-19 
0.0461211 1.88037 -5.49179e-19 
0.106346 1.14888 -2.58795e-19 
0.0491922 1.02827 0 
0.142918 0.979492 0 
0.00563846 0.850633 0 
0.0174673 0.585394 0 
-0.000984622 2.24213 -8.24421e-22 
0.0158518 2.01897 0 
-0.00188216 2.24466 -2.94732e-20 
0.0079608 2.02424 4.57833e-20 
-0.000332824 0.825431 0 
-0.00371125 0.807541 0 
0.0118925 0.538085 0 
-0.00899046 0.783495 0 
0.00609171 0.482954 0 
0.93859 0.00983098 0 
0.850465 -0.0145999 0 
0.927737 0.000460622 0 
0.842706 -0.0128711 0 
0.811727 -0.0028757 0 
0.897834 0.0235099 0 
0.873617 0.0272158 0 
0.787129 -0.00569534 0 
0.00577383 3.06494 -8.49033e-21 
0.0167124 3.05768 0 
0.0147121 2.96902 0 
0.00872406 2.8762 0 
0.920362 3.95379 0 
1.23369 3.2874 9.25956e-19 
0.069184 3.06953 0 
-0.0291371 2.90217 0 
-0.0087021 1.3967 0 
-0.0307116 1.69603 0 
-0.0174969 1.53081 0 
-0.0301642 2.55134 -8.22245e-21 
-0.0137416 2.24285 0 
-0.0198429 2.39047 0 
-0.00158229 1.9514 8.86425e-22 
-0.00365916 2.241 -7.10328e-21 
-0.00548532 2.20511 -3.30289e-21 
-0.00949158 1.93618 0 
0.396935 0.124283 5.40604e-19 
0.362684 0.0187928 -5.3049e-19 
0.258754 1.58511 0 
0.277587 0.756616 -3.15837e-19 
0.176998 1.67236 -1.04862e-18 
0.225938 1.22005 1.05091e-18 
0.901985 0.00635463 0 
0.967382 0.0111391 0 
0.974533 0.0108166 0 
0.923279 0.00640612 0 
-0.00889178 0.780747 0 
-0.00953368 0.778518 0 
0.00501216 0.478815 0 
0.110386 0.0831743 6.0305e-19 
0.0999441 0.0699656 -7.13967e-19 
0.0656976 0.0525461 0 
1.0998 0.0865077 2.70815e-20 
1.08188 0.0396581 0 
1.01374 0.0401315 0 
0.907655 -0.00536218 0 
0.45013 0.104561 0 
0.509889 0.0872925 -2.46425e-18 
0.407219 0.0122195 9.21517e-19 
0.00873741 2.98112 7.17036e-19 
-0.0322693 2.86558 4.76955e-20 
0.00358453 3.05027 -1.79792e-20 
0.0202186 3.04334 6.39302e-19 
-0.0150109 2.99658 2.98427e-20 
-0.0129258 2.94946 -1.20107e-22 
-0.0172542 3.01194 -5.52516e-19 
0.01485 3.02384 3.99963e-19 
0.00737317 3.03681 -6.33134e-19 
0.934115 -0.00117494 0 
0.93955 -0.00317002 0 
0.84611 -0.0094565 0 
0.956502 0.0119364 0 
0.942573 0.013341 0 
0.881571 0.0057866 0 
0.916087 0.0184964 0 
0.925557 0.0154131 0 
0.838474 0.00125249 0 
0.716461 1.40303 3.92168e-20 
0.749759 1.51166 0 
0.181312 0.315124 7.06717e-20 
0.228715 0.66899 5.68866e-19 
0.26239 0.720406 -3.32417e-19 
0.262941 0.520943 6.61504e-19 
0.346184 0.811266 1.59234e-18 
0.14064 0.230194 3.75875e-19 
0.254245 0.149235 7.28016e-19 
0.211687 0.143898 1.88739e-19 
0.212098 0.0695262 3.57425e-19 
1.17996 0.464637 6.42717e-20 
1.19541 0.257325 5.94907e-20 
0.0103193 2.2354 2.53587e-19 
0.0403555 1.94854 0 
0.97099 0.0294412 0 
0.943563 0.0139929 0 
0.869363 -0.017848 0 
0.0112379 3.07413 0 
0.0196331 2.94414 1.16992e-18 
0.0164167 2.95624 0 
0.00646475 2.85054 -1.16034e-18 
0.00639943 3.09151 2.83764e-19 
0.00715838 3.08259 0 
0.782558 1.81304 -1.58563e-19 
1.24157 2.4884 4.02725e-19 
0.764513 1.95233 -1.22805e-18 
0.0195379 2.98026 -6.17379e-19 
0.0351387 2.99894 0 
-0.0346701 2.87618 0 
-0.00405645 2.22415 -1.30664e-20 
-0.00318912 2.24521 1.04278e-20 
0.00116216 1.98632 -7.19788e-21 
0.278201 1.39444 1.02514e-18 
0.238987 0.551132 -7.02917e-19 
0.0638182 1.99774 7.62783e-19 
0.135245 1.88405 -9.10483e-19 
0.180136 1.51159 9.49854e-20 
0.00414093 3.11793 -1.6861e-18 
0.0159187 3.11818 1.80831e-18 
-0.00925199 2.98064 7.87438e-19 
-0.00353793 2.97716 -7.4464e-19 
-0.0213357 2.88114 -8.01985e-19 
0.0086205 3.09867 -2.10789e-18 
0.00183137 3.10688 2.06531e-18 
0.282276 0.695424 0 
0.248495 0.684347 -1.18246e-18 
0.0959705 0.225193 5.24946e-19 
0.357837 0.938379 1.11331e-18 
0.195768 0.276225 -1.71648e-18 
1.18675 0.175365 6.28216e-20 
1.19582 0.312023 0 
1.17515 0.122997 -6.09058e-21 
0.00154396 2.25387 -1.47402e-21 
0.00500615 2.2453 0 
0.0246202 1.98431 0 
0.34005 1.30332 -3.68079e-19 
0.374853 1.15022 -8.00275e-19 
0.210432 0.378218 1.42694e-18 
1.00588 -0.0108272 0 
1.00767 -0.00763321 5.06769e-19 
-0.0236714 1.3262 0 
-0.039461 1.32573 0 
1.00221 0.00351475 1.81171e-21 
1.00366 0.00947087 1.03474e-18 
-0.0185312 2.53583 1.04196e-20 
-0.0238987 2.5784 0 
0.0343478 3.17686 4.0739e-19 
0.390244 3.48367 0 
1.17586 0.664337 -5.70668e-20 
1.01285 0.0131463 -2.13472e-21 
1.02135 -0.0102807 0 
1.0017 0.00013082 7.8304e-23 
0.11355 1.37075 0 
0.143478 2.56795 0 
0.0273871 1.31224 0 
-1.55869e-05 2.61939 2.81167e-20 
-0.021163 2.5767 3.35454e-21 
0.998543 0.0301643 2.29525e-21 
1.06319 0.00471302 0 
1.09776 0.0252189 0 
-0.0292619 1.73895 0 
-0.0183589 2.57853 0 
-0.005578 1.313 0 
0.311331 1.48208 -1.67696e-19 
1.01131 -0.00961348 0 
1.0094 -0.0149142 0 
1.00237 0.000754292 6.47638e-19 
1.00547 -0.00479878 -7.61206e-19 
1.00118 -0.000967904 0 
-0.0147583 1.46398 0 
-0.00732217 1.3754 0 
-0.00822371 1.42131 0 
-0.00963895 1.30062 0 
-0.0192105 1.28785 0 
-0.0100493 1.27107 0 
1.03507 -0.00601416 0 
1.01954 0.0154941 -8.63129e-22 
0.821812 1.27381 2.60482e-19 
1.00224 0.000320806 -6.45208e-19 
1.00406 0.00526296 7.55329e-19 
1.00118 0.00207613 0 
1.01272 0.0103659 6.42095e-19 
1.00798 0.00831546 -7.77988e-19 
1.00856 0.0146979 0 
-0.0235718 2.60639 0 
-0.0256058 2.58597 -1.85894e-20 
-0.0229616 2.60004 1.32038e-20 
1.23817 0.268397 5.80702e-19 
1.16278 0.0872809 0 
0.0402346 3.07824 -9.10276e-19 
0.0649242 2.85678 -6.62175e-20 
0.138675 3.19214 1.39388e-18 
0.134011 3.21975 -1.96846e-19 
0.133279 3.2307 0 
0.0190285 3.13716 2.35019e-19 
0.0742618 3.16016 8.977e-19 
0.067289 3.18503 -4.43068e-19 
0.0215187 3.13013 0 
0.578532 0.282713 0 
0.514316 0.302604 0 
1.14742 0.700425 1.29571e-19 
1.14098 0.821852 -1.13143e-19 
1.20378 0.58727 0 
1.23143 0.521657 0 
1.01603 0.0133819 -1.19689e-18 
1.01498 0.0142795 1.50248e-18 
1.0254 -0.00979533 0 
1.02346 -0.0118433 0 
1.00642 0.00264242 0 
1.01041 0.00374963 0 
1.00458 0.00186836 0 
1.00978 0.00625678 0 
1.00781 0.0059677 0 
1.00451 0.00472287 0 
0.102424 1.36915 0 
0.100334 1.33184 0 
0.131816 1.40524 0 
0.150638 1.41067 0 
0.145304 2.5931 0 
0.185044 2.66339 -4.23587e-19 
0.101461 2.64823 0 
0.0852993 2.65122 1.98397e-19 
0.0388116 2.67397 -1.48925e-19 
0.0144752 1.32355 0 
0.0215102 1.24588 0 
0.0189368 1.33372 0 
0.0386608 1.2708 0 
0.00420617 1.983 3.57979e-21 
-0.0199808 2.6044 -1.94153e-20 
-0.00813507 2.66064 1.34285e-20 
-0.017978 2.68 0 
-0.0228444 2.6102 -3.91052e-21 
-0.0229452 2.60515 1.34994e-20 
0.0131081 1.98135 4.79257e-22 
-0.00699679 2.39192 2.60473e-20 
-0.0129361 2.41435 -1.523e-20 
1.01174 0.0393983 1.21218e-18 
1.00496 0.0190708 -1.50881e-18 
1.00417 0.0464558 -1.23512e-18 
0.97713 0.0376499 1.55422e-18 
1.06441 0.00853732 0 
1.04951 -0.00819367 0 
1.09471 0.0354155 0 
1.07457 0.0131029 0 
1.0724 0.000623499 0 
1.14066 0.0837619 0 
1.11221 0.0449494 0 
1.11612 0.0327695 0 
-0.0254144 2.42892 1.10158e-21 
-0.0141356 2.0123 0 
-0.0168259 2.21451 0 
-0.0202417 2.59912 -1.10375e-20 
-0.0174168 2.60907 1.98336e-22 
0.00294443 1.57551 -3.62941e-20 
-0.00624951 1.50368 3.69804e-20 
-0.0158179 1.39257 0 
-0.0193782 1.3992 0 
-0.024619 1.39386 0 
-0.0039442 1.31422 0 
0.00859357 1.23818 0 
0.38653 1.49946 2.72758e-19 
0.429792 1.50021 1.44818e-19 
0.597466 2.44386 -2.4043e-19 
0.398093 2.54083 7.07571e-19 
0.349042 2.05233 7.16242e-20 
1.02108 -0.00809845 0 
1.01551 -0.00973854 0 
1.01492 -0.0155004 0 
1.0074 -0.00106511 0 
1.00493 -0.000906021 0 
1.00778 -0.00467897 0 
1.00928 -0.00359964 0 
1.01423 -0.00436056 0 
1.02028 0.0163819 1.17302e-18 
1.01761 0.0154388 -1.49728e-18 
1.02058 0.0185076 -1.18284e-18 
1.01822 0.0169645 1.47877e-18 
0.785129 1.32493 0 
0.721268 1.37532 2.46352e-19 
0.89748 1.2247 9.79449e-20 
0.943439 1.16995 -1.30338e-19 
1.15439 2.59911 2.81079e-19 
0.766386 0.122596 6.0031e-19 
1.16394 0.109679 0 
1.21317 0.195391 -4.67385e-19 
1.20038 0.155928 -1.99055e-20 
1.00637 0.15779 0 
0.128679 2.95826 5.30907e-19 
0.104788 2.86433 -1.15409e-18 
0.0117607 2.37489 7.70211e-19 
0.0985001 -0.159841 -3.25059e-19 
0.335319 3.41399 -2.15201e-19 
0.191002 3.30867 0 
0.234626 3.34922 2.80269e-19 
0.239219 3.03088 -1.7755e-18 
0.332458 3.18905 0 
0.00548274 3.12115 4.58969e-20 
0.0160288 3.12968 -5.40506e-19 
0.0140042 3.12577 7.9551e-19 
0.0342123 3.13997 0 
0.0325911 3.15017 0 
1.21 2.59652 0 
0.546913 0.802803 -5.28261e-19 
1.06721 0.994608 -9.10606e-21 
1.00208 1.07908 0 
0.855304 0.974293 -1.09669e-19 
1.09326 0.895709 2.78717e-20 
0.307346 0.329965 -8.46348e-19 
0.654915 0.325102 -1.68082e-20 
0.548762 0.221775 4.06058e-19 
0.53963 0.336191 2.96306e-20 
0.432389 0.273259 -1.19034e-18 
0.612699 0.32652 0 
0.713304 0.425612 6.67831e-19 
0.712112 0.425991 0 
0.578452 0.341836 0 
0.501775 0.246531 0 
0.828672 0.625994 4.09588e-19 
1.23944 0.290813 -4.88526e-19 
1.23969 0.429824 0 
1.24797 0.37017 0 
0.681781 0.19568 6.2084e-19 
0.87483 0.554862 -3.74122e-19 
0.773031 0.52936 6.6682e-19 
0.96323 0.447497 -7.35461e-19 
1.01909 0.0149999 8.02681e-19 
1.01753 0.0143672 -8.08841e-19 
1.01592 0.015328 0 
1.03654 -0.00555655 0 
1.02994 -0.00834557 -7.58009e-19 
1.02799 -0.0119408 7.50471e-19 
1.02487 0.0106267 0 
1.02332 0.0144496 0 
1.01141 0.00417601 0 
1.01418 0.00916951 0 
1.01515 0.00420212 0 
1.01426 0.00291091 0 
0.0727474 1.3529 0 
0.0800887 1.29868 0 
0.148211 1.38563 6.89547e-21 
0.281674 1.48063 8.89925e-20 
0.176889 1.45154 1.87091e-19 
0.209941 1.45689 -3.05164e-19 
0.17567 1.41094 0 
0.136228 1.59986 -7.0805e-20 
0.118871 1.57845 0 
0.345212 2.00189 -1.04144e-19 
0.341632 2.33789 6.14919e-19 
0.194156 1.46417 6.1727e-20 
0.268562 1.39667 2.29048e-20 
0.202657 1.38971 -1.84908e-20 
0.27826 1.33931 -1.03921e-19 
0.242462 1.57904 0 
0.267836 1.6161 1.12854e-19 
0.0313142 2.2578 -2.9131e-20 
0.0438362 2.66314 0 
0.0668336 2.39421 1.36284e-19 
0.0633086 2.41491 0 
0.0696868 2.66481 -2.19859e-19 
0.0493263 2.69341 0 
0.0277004 1.44238 3.36086e-20 
0.0361803 1.49233 0 
0.0302617 1.40881 0 
0.0253024 1.41462 -3.79244e-20 
0.000769086 2.64696 -1.6999e-20 
0.0299465 2.6924 1.67233e-19 
0.0106246 2.71762 1.17547e-21 
0.00433067 1.83756 -3.86941e-21 
-0.00133915 1.69185 -3.63182e-21 
0.0106763 1.30198 0 
0.0200978 1.22032 0 
0.046623 1.59542 -2.6947e-20 
0.0344185 1.47309 -3.33831e-20 
0.0382512 1.53612 4.14708e-20 
0.0409821 1.61908 0 
-0.0291522 2.26867 9.704e-20 
-0.0301304 2.54612 -4.06763e-20 
-0.0159623 2.44393 4.04351e-21 
-0.0026094 1.85332 4.68722e-21 
-0.0250768 2.4958 2.35159e-21 
-0.0200886 2.43962 -3.78029e-22 
1.01841 0.0217068 -8.01786e-19 
1.01507 0.0278534 8.07217e-19 
1.01298 0.0163983 0 
1.01058 0.0709486 1.12822e-18 
0.991895 0.0600593 -1.26219e-18 
0.950913 0.0570988 1.41066e-18 
1.01427 0.112067 -1.50518e-19 
1.04299 -0.00554049 0 
1.05141 -0.00114613 7.22907e-19 
1.03926 -0.00972936 -7.24376e-19 
1.07201 0.0430428 -4.29845e-20 
1.0651 0.0242497 3.70736e-19 
1.06326 0.0570963 0 
1.05417 0.0503766 -1.3331e-19 
1.03222 0.0425982 0 
1.026 0.0395607 0 
1.02792 0.0137739 0 
1.02386 0.0163974 0 
1.04044 0.033421 2.7459e-19 
1.03887 0.0275528 -6.07191e-19 
1.0514 0.0346891 -2.91014e-19 
1.04846 0.0348939 -3.20578e-19 
1.07179 0.0653938 6.25576e-19 
1.09722 0.0532575 0 
1.10639 0.0975072 0 
-0.0247771 2.27371 5.40791e-20 
-0.0240839 2.01784 8.66902e-22 
-0.0201305 2.0253 0 
-0.0264968 2.44235 -5.38346e-20 
-0.0215885 2.39868 -1.91761e-21 
-0.0326771 2.46991 5.37186e-21 
-0.0203757 2.61782 -1.21071e-20 
-0.022656 2.55975 1.00786e-22 
-0.0210625 2.51146 -3.2876e-21 
-0.0155906 2.61194 1.04875e-20 
-0.0205552 2.61384 -1.12354e-20 
-0.00589279 1.49823 -6.45192e-22 
0.00374344 1.6237 -3.44239e-20 
0.371374 1.44801 -1.15277e-19 
0.371214 1.38129 3.72987e-20 
0.66178 1.42581 -2.38327e-19 
0.528831 1.49287 -1.42405e-19 
0.587198 1.45839 0 
0.5932 2.42098 2.07039e-19 
0.661651 2.41653 3.37677e-19 
0.411025 2.51028 8.78986e-20 
0.402187 2.53468 -6.09736e-19 
0.509861 2.4758 6.14374e-19 
0.553155 2.45768 0 
0.487894 2.51519 -5.59476e-19 
0.248161 2.58727 1.14389e-18 
0.3546 2.55945 -7.73386e-20 
0.283793 2.64897 -1.58677e-18 
0.948067 2.37425 7.28027e-19 
0.838195 2.37949 0 
1.01108 0.000533054 2.62744e-20 
1.01536 -0.00535989 -2.13118e-20 
1.01768 -0.00346369 -3.89242e-19 
1.01505 -0.000826737 3.91363e-19 
1.01246 0.00127722 0 
0.648273 1.29082 0 
0.671988 1.18449 0 
0.785923 1.10289 0 
0.665087 1.14813 0 
1.18446 2.61263 5.97749e-20 
1.07253 2.36 0 
0.833883 2.1634 3.85175e-21 
0.823544 2.42976 0 
0.921646 2.52356 -4.22686e-19 
0.956879 2.47965 2.81161e-19 
0.797209 0.184417 0 
0.738526 0.157366 1.63047e-19 
0.907196 0.152251 9.48589e-19 
0.822897 0.156245 -3.55491e-19 
0.778712 0.0907048 -1.09612e-18 
1.08307 0.242287 -8.92358e-19 
1.00048 0.305404 -1.79209e-20 
0.928364 0.309114 8.59708e-19 
1.00734 0.235684 7.2216e-19 
0.948039 0.200003 -1.25479e-18 
0.910331 0.204428 1.56926e-19 
0.947026 0.27163 -3.33088e-19 
0.925623 0.231772 0 
0.99625 0.19618 6.18923e-19 
1.04735 0.195117 0 
1.04494 0.223621 0 
1.10779 0.121853 2.9003e-19 
1.07179 0.18191 -1.50614e-20 
1.0764 0.242202 -1.57923e-19 
1.10196 0.208054 0 
1.02288 0.0469226 6.18018e-19 
1.03931 0.0604115 7.72468e-19 
1.03416 0.0461041 -6.13709e-19 
1.04293 0.0681759 -5.18116e-19 
1.02025 0.0760342 -7.95069e-19 
0.985151 0.160255 0 
0.989785 0.10611 0 
0.965245 0.0751331 -5.01506e-19 
0.905134 0.0984486 1.99734e-19 
1.04028 0.108251 7.16795e-19 
1.06968 0.125465 -8.3656e-19 
1.0766 0.157837 7.47065e-19 
1.03133 0.151888 0 
1.07521 0.11282 0 
1.05414 0.0935918 -3.42932e-19 
1.04344 0.0983925 -5.85039e-19 
0.578925 1.05443 1.40595e-19 
0.603884 1.3786 -4.2049e-20 
1.15431 2.72812 -2.28571e-19 
1.22 3.07053 2.33264e-21 
1.24607 2.71138 -1.25848e-19 
1.27453 2.69456 -3.07065e-20 
1.2019 2.33494 -1.1128e-20 
1.20768 2.97443 -9.47642e-20 
1.22781 2.94 2.36292e-19 
1.21015 3.22335 -1.42254e-19 
1.36971 2.95423 1.9656e-19 
1.35833 2.8723 0 
0.564782 0.8116 -5.04467e-20 
0.10838 1.22317 5.69997e-19 
0.558868 0.352472 5.53553e-19 
0.397957 0.0989598 5.9944e-19 
0.477476 0.313394 6.75196e-19 
0.546009 0.431649 -1.09373e-18 
0.547804 0.427728 8.95842e-19 
0.465289 0.309752 -3.4036e-19 
0.341878 0.23778 7.68016e-19 
0.707834 0.270104 -3.58641e-19 
0.667058 0.292027 0 
0.603249 0.207732 6.40715e-21 
0.74426 0.507859 3.6265e-19 
0.724287 0.478361 -1.31822e-18 
0.624259 0.445164 1.0861e-20 
0.620432 0.436177 0 
0.694221 0.717619 3.96676e-19 
0.856768 0.779865 3.94309e-19 
0.780382 0.862344 -4.61426e-19 
0.902021 0.816938 -1.53976e-19 
0.933103 0.862341 -3.71481e-20 
0.940159 0.862037 3.80429e-20 
0.868788 0.660662 -6.78067e-19 
0.94857 0.714163 1.42969e-19 
1.00788 0.729119 0 
0.998892 0.705675 -1.9308e-19 
1.03031 0.34589 2.11937e-19 
1.15026 0.307338 2.87597e-19 
1.07114 0.279715 3.6467e-19 
1.01997 0.378344 -4.30617e-19 
1.0682 0.440594 0 
1.12419 0.421916 0 
0.922953 0.382055 1.32568e-21 
0.839144 0.318166 0 
0.885609 0.314667 4.06853e-19 
0.910197 0.31774 -8.17669e-21 
0.957934 0.451037 2.04882e-18 
0.919175 0.506385 5.26678e-19 
0.923731 0.472785 -5.61518e-19 
0.839064 0.46114 6.02801e-19 
0.82409 0.454517 3.61384e-19 
0.795791 0.436429 -3.55111e-19 
1.02743 -0.000175339 6.48438e-19 
1.02001 0.000115943 0 
1.01855 0.00104145 4.22826e-19 
1.02175 -0.00149506 -9.57812e-19 
1.02239 0.00456644 4.65313e-19 
1.0203 0.0116044 -9.74361e-19 
1.02119 0.0109595 0 
1.02041 0.0111654 -2.03079e-19 
1.01593 0.00787966 5.09513e-19 
1.01657 0.0106746 -2.54231e-19 
1.01727 0.0100209 1.87217e-19 
0.0322595 1.32871 0 
0.0380246 1.38322 0 
0.0509496 1.32975 0 
0.0564086 1.27696 0 
0.0747319 1.40206 -4.86886e-20 
0.0847985 1.36739 2.21088e-20 
0.113592 1.54606 -1.52504e-20 
0.105453 1.38948 -4.04863e-21 
0.0396607 1.47852 1.91262e-20 
0.043473 1.4726 -1.47159e-20 
0.0672539 1.38898 -1.05346e-20 
0.0604197 1.39008 4.59928e-20 
0.0519003 1.36686 6.80793e-21 
0.0441301 1.38877 3.76034e-21 
0.107853 2.36219 -1.50516e-19 
0.0964307 2.41065 0 
0.170089 2.03622 1.0886e-19 
0.112773 1.70288 4.05208e-20 
0.234226 2.03381 -8.98901e-20 
0.199912 2.42469 0 
0.262337 2.37466 -6.06569e-19 
0.302256 2.37239 4.28622e-19 
0.22828 1.99354 -2.50457e-19 
0.154528 2.15226 1.69506e-19 
0.141605 2.2596 0 
0.0187478 1.87815 5.7678e-21 
0.00058783 2.38655 -3.3764e-20 
0.00651932 2.1441 0 
0.0117354 2.45038 -1.36763e-20 
0.0291796 2.29322 8.87276e-21 
0.0154941 1.42138 -7.26486e-21 
0.012625 1.40264 1.21019e-19 
0.0124087 1.40943 -4.02634e-20 
0.0215781 1.41489 -3.34475e-20 
0.0258522 1.4461 0 
0.00822628 1.39061 0 
0.000161664 1.29869 -4.72751e-20 
0.00451616 1.38259 1.35616e-20 
0.00838424 1.38215 0 
0.00624395 1.29046 -3.53355e-20 
0.0166908 1.2108 7.17662e-20 
1.04086 0.0121845 0 
1.04708 0.00842038 -6.78255e-20 
1.0388 0.022457 -4.89505e-19 
1.04864 0.0212194 0 
1.05255 0.0210863 0 
1.03643 0.0123828 -6.85165e-21 
1.03105 0.0122136 7.86805e-19 
1.03167 0.0172614 9.53745e-19 
1.02553 0.0211745 0 
1.02231 0.0216424 0 
1.03531 0.026131 4.88085e-19 
1.02586 0.0279616 0 
1.02368 0.0281024 0 
-0.017698 2.02299 0 
0.000702068 1.65426 -4.40285e-21 
-0.00430431 1.76136 -3.04167e-20 
-0.0016179 1.39042 0 
-0.00650674 1.5559 -1.90699e-20 
-0.00918037 1.46665 1.17745e-20 
-0.00650822 1.40422 0 
0.388606 1.64301 0 
0.373868 1.30722 -7.30024e-20 
0.300709 1.3403 0 
0.425877 1.30623 8.54984e-21 
0.476597 1.4705 0 
0.456959 1.41483 2.42688e-20 
1.03638 2.67479 -1.53929e-20 
0.968449 2.40294 -9.1499e-19 
0.921635 2.19138 1.02655e-18 
0.852223 2.3714 2.4226e-19 
0.847772 2.4842 0 
0.91749 2.48031 0 
0.931415 2.3678 0 
0.910378 2.35707 -9.45494e-19 
0.686678 2.44797 -3.94883e-19 
0.799858 2.4374 -9.78454e-20 
0.810204 2.41156 7.43292e-20 
0.695534 2.38966 0 
0.800808 2.38501 0 
0.75894 2.39844 -3.68938e-19 
0.767434 2.47395 0 
0.63246 1.09379 0 
0.480352 0.898642 -5.14446e-19 
0.568363 0.943198 -3.25434e-20 
0.519116 1.0329 0 
0.519552 0.975599 7.70314e-19 
0.801082 0.885265 -1.29936e-19 
0.809635 1.02119 0 
0.784834 0.987534 1.85513e-19 
0.669285 1.03403 0 
0.67055 0.935344 0 
1.16337 2.75135 -2.30738e-19 
1.14081 2.81466 -9.78809e-20 
0.92878 2.32847 1.01776e-19 
0.896587 2.30799 -8.37095e-20 
1.12899 2.72439 0 
1.08283 2.69383 1.00707e-19 
1.08889 2.47789 -3.14436e-19 
0.983458 2.23104 -3.03639e-20 
0.492117 1.32946 0 
0.50794 1.05974 -1.23919e-19 
0.577108 1.1671 0 
0.85289 0.25001 0 
0.758477 0.200378 0 
0.668049 0.156362 0 
0.843667 0.252311 -6.40401e-19 
0.730863 0.243617 3.73979e-19 
0.922015 0.0910899 -4.11779e-19 
0.925518 0.133318 0 
0.913831 0.141335 1.77911e-19 
0.849459 0.119459 7.11229e-19 
0.813684 0.0805681 -4.46077e-19 
1.15533 3.34831 -7.16694e-19 
1.20442 3.2678 0 
1.15288 3.37733 -1.48604e-18 
0.641057 3.53889 1.26063e-18 
0.862548 3.1076 7.04267e-20 
0.52252 0.797546 6.06664e-19 
0.423612 0.794963 0 
0.306727 0.379889 -1.48804e-19 
0.473722 0.648859 8.57334e-19 
0.563129 0.355768 -1.95139e-19 
0.516067 0.463975 2.30813e-19 
0.675295 0.511377 4.90739e-19 
0.715297 0.550615 0 
0.665106 0.573606 0 
0.63079 0.525384 0 
1.00925 0.615754 8.82738e-20 
0.924373 0.556101 -5.12762e-19 
0.949667 0.587514 3.86282e-19 
0.980122 0.527618 -3.97133e-19 
1.08756 0.495794 0 
1.09603 0.586789 -9.66515e-20 
0.859546 0.4135 -8.30381e-19 
0.857927 0.402125 -1.02901e-18 
0.791381 0.393915 6.32219e-19 
0.799906 0.382568 -6.42105e-19 
0.845747 0.339683 -5.1966e-19 
0.792403 0.337725 6.3553e-19 
1.02669 0.0061555 -4.93652e-19 
1.02639 0.00637241 1.00323e-18 
1.02948 0.000280676 6.28364e-19 
1.03372 0.0011984 -7.56765e-19 
1.03384 0.0093613 0 
1.03009 0.0100681 -1.23206e-18 
0.0631851 1.63969 1.91498e-20 
0.0527305 1.58978 0 
0.0904354 1.68836 1.27812e-19 
0.0968459 1.66887 -1.13324e-19 
0.0937035 1.54719 2.72426e-20 
0.093466 1.5484 0 
0.0124265 1.68844 0 
-0.00427952 1.49785 7.70255e-21 
-0.00221034 1.44381 -6.93011e-21 
-0.00754979 1.55307 5.36078e-21 
0.00249954 1.88504 1.14977e-20 
-0.00941313 1.93792 -1.90329e-21 
0.496844 1.35665 -2.76927e-19 
0.490388 1.35704 3.04291e-19 
0.453418 1.30176 -3.21824e-20 
0.436558 1.28362 7.79434e-21 
0.64065 1.30854 0 
0.555746 1.39889 1.04362e-19 
0.571328 1.40612 -1.01601e-19 
0.467106 1.29194 3.13843e-20 
0.522114 1.24121 0 
0.573717 1.204 0 
0.653601 2.40755 5.80094e-19 
0.669222 2.44918 1.26047e-18 
0.713716 2.45986 -8.68548e-19 
0.609881 2.4337 -2.01927e-19 
0.559734 2.52402 2.83829e-19 
0.508965 2.49885 -7.57313e-19 
0.978176 2.37445 -5.74528e-19 
1.01229 2.38658 0 
0.925788 2.16946 -6.6016e-19 
1.05383 2.67288 0 
1.05613 2.65949 0 
0.598092 2.25608 -1.29244e-19 
1.03639 3.15331 1.26607e-19 
0.90746 3.02371 -2.95101e-20 
0.263149 0.844542 0 
0.289315 0.687304 -3.17797e-19 
0.459594 0.647359 -3.20002e-19 
0.377993 2.00026 0 
0.461747 2.77846 -4.9025e-20 
0.415217 2.54095 0 
0.717739 0.668041 -8.37906e-19 
0.802872 0.686727 1.12145e-18 
0.822612 0.627406 -1.10795e-18 
0.694492 0.631043 -1.07334e-19 
0.749837 0.589158 -4.39719e-19 
1.00038 2.75202 -9.62902e-20 
1.04141 2.81344 -1.67028e-19 
0.631312 2.11916 7.01883e-19 
0.583612 1.68793 -4.99873e-19 
0.693266 1.88777 -4.08988e-19 
0.986483 2.43593 -1.1292e-19 
0.99359 2.42885 2.97921e-19 
0.648834 1.82077 2.84185e-20 
0.440331 1.30868 1.45149e-19 
))
(300 (2 10 3 0 0 919 1018)(
0 0 0 
0 0 0 
0 0 0 
0 0 0 
0 0 0 
0 0 0 
0 0 0 
0 0 0 
0 0 0 
0 0 0 
0 0 0 
0 0 0 
0 0 0 
0 0 0 
0 0 0 
0 0 0 
0 0 0 
0 0 0 
0 0 0 
0 0 0 
0 0 0 
0 0 0 
0 0 0 
0 0 0 
0 0 0 
0 0 0 
0 0 0 
0 0 0 
0 0 0 
0 0 0 
0 0 0 
0 0 0 
0 0 0 
0 0 0 
0 0 0 
0 0 0 
0 0 0 
0 0 0 
0 0 0 
0 0 0 
0 0 0 
0 0 0 
0 0 0 
0 0 0 
0 0 0 
0 0 0 
0 0 0 
0 0 0 
0 0 0 
0 0 0 
0 0 0 
0 0 0 
0 0 0 
0 0 0 
0 0 0 
0 0 0 
0 0 0 
0 0 0 
0 0 0 
0 0 0 
0 0 0 
0 0 0 
0 0 0 
0 0 0 
0 0 0 
0 0 0 
0 0 0 
0 0 0 
0 0 0 
0 0 0 
0 0 0 
0 0 0 
0 0 0 
0 0 0 
0 0 0 
0 0 0 
0 0 0 
0 0 0 
0 0 0 
0 0 0 
0 0 0 
0 0 0 
0 0 0 
0 0 0 
0 0 0 
0 0 0 
0 0 0 
0 0 0 
0 0 0 
0 0 0 
0 0 0 
0 0 0 
0 0 0 
0 0 0 
0 0 0 
0 0 0 
0 0 0 
0 0 0 
0 0 0 
0 0 0 
))
(300 (2 11 3 0 0 1019 1026)(
1 0 0 
1 0 0 
1 0 0 
1 0 0 
1 0 0 
1 0 0 
1 0 0 
1 0 0 
))
(300 (2 12 3 0 0 1027 1030)(
0 3 0 
0 3 0 
0 3 0 
0 3 0 
))
(300 (2 13 3 0 0 1031 1038)(
0.00753916 0.887927 0 
-0.0121765 2.06307 3.75689e-20 
-0.0175869 1.18019 0 
-0.0143857 2.593 0 
-0.0255835 1.98665 0 
-0.00345404 1.37472 0 
-0.0174969 1.53081 0 
-0.0198429 2.39047 0 
))
(300 (2 14 3 0 0 1039 1072)(
0 0 0 
0 0 0 
0 0 0 
0 0 0 
0 0 0 
0 0 0 
0 0 0 
0 0 0 
0 0 0 
0 0 0 
0 0 0 
0 0 0 
0 0 0 
0 0 0 
0 0 0 
0 0 0 
0 0 0 
0 0 0 
0 0 0 
0 0 0 
0 0 0 
0 0 0 
0 0 0 
0 0 0 
0 0 0 
0 0 0 
0 0 0 
0 0 0 
0 0 0 
0 0 0 
0 0 0 
0 0 0 
0 0 0 
0 0 0 
))
(300 (2 15 3 0 0 1073 1072)(
))
