(0 "FOAM to Fluent data File")

(33 (918 3444 1074))
(300 (1 1 1 0 0 1 918)(
0.557052
1.18631
0.00122848
0.556491
-0.0125641
1.15329
-0.50898
0.668974
0.537247
-0.110926
-0.0464468
0.538203
1.01414
0.779744
-1.12373
-0.0100339
0.651843
-0.381346
0.536353
-0.0565568
0.696244
0.543791
0.546816
0.537395
0.598998
0.753814
0.895354
0.0222357
0.00911589
0.00467087
-0.0118813
-0.0390105
-0.0330392
1.03693
1.08802
1.11072
0.505039
0.332927
-0.37432
-0.446793
-0.435216
-0.545728
0.665234
0.663441
-0.208426
0.672458
0.675375
0.524284
0.536616
0.537527
0.538551
0.537533
0.538915
0.40433
-0.11141
-0.142799
-0.0922722
-0.0843891
0.0539827
-0.0479969
-0.0499582
-0.0448868
-0.0445947
0.454218
0.532662
0.529353
0.543076
0.553684
1.12586
1.09778
1.12392
1.03763
1.05408
0.99213
0.964722
0.800438
0.822564
0.765266
0.750801
-1.55588
-2.50785
-0.533588
-0.282875
-0.0105884
-0.00740727
-0.0015316
0.64863
0.64969
0.651348
0.654187
1.08042
-0.378586
-0.479299
0.536494
0.535303
0.543628
0.544328
0.540347
0.539438
-0.047967
-0.0450009
-0.0475944
-0.0532008
-0.0516776
0.6849
0.685439
0.537924
0.534928
0.560951
0.581166
0.571512
0.278256
0.608721
0.625339
0.585627
0.745741
0.740338
0.749029
0.869067
0.832773
0.932207
0.955478
0.0165471
4.21199e-05
-0.0149963
-0.0194959
-0.0182203
0.500873
0.493418
0.520797
0.508471
0.510976
0.249581
0.116081
0.417912
0.442838
-0.292921
-0.358542
-0.429018
-0.459141
-0.567134
0.611854
0.660735
0.658648
-0.219313
-0.147331
-0.280026
-0.0742103
-0.136949
0.514552
0.521564
0.516563
0.532113
0.52658
0.528543
0.540885
0.537956
0.539515
0.466586
0.590289
0.330443
0.295084
-0.243503
-0.157486
-0.243895
-0.0727913
-0.0680321
0.0678977
0.0933799
0.040925
0.029247
-0.0617295
-0.0535222
-0.0575785
-0.0433454
-0.044168
0.446983
0.4358
0.466908
0.474466
0.51948
0.520971
0.525648
0.523479
0.915533
0.938005
0.945448
0.919106
-3.49823
-6.28128
0.0418999
0.178495
-0.00674094
-0.0092771
0.00205732
-0.00561589
0.000417106
-0.00185679
-0.006389
-0.00781116
-0.00278484
-0.00155122
0.642567
0.643665
1.00242
1.009
0.978314
0.931094
0.524704
0.526776
0.532277
0.528158
-0.0433173
-0.0439245
-0.04257
0.678566
0.683453
0.681417
0.239878
0.150406
0.329201
0.358253
0.636235
0.62545
0.634918
0.64714
0.683077
0.962918
0.981073
0.979324
0.98755
1.03152
1.04786
1.0133
0.480301
0.490294
0.485236
0.523895
0.521674
0.522573
0.518469
0.51973
0.517726
-0.0344639
-0.414704
0.490347
0.507371
0.492418
0.495074
0.69205
0.770697
0.654082
0.656687
0.655962
-0.00543236
-0.0638376
0.250416
0.21647
0.386618
0.422974
0.40197
0.886883
0.846887
0.89709
0.870462
0.831571
0.858106
-0.366306
-1.86654
-0.985247
0.528478
0.342815
0.430353
0.0110697
-0.00579345
-0.00129115
1.00177
1.07429
0.646119
0.820944
0.823751
0.717262
0.74688
0.806875
0.732128
0.767379
0.801456
0.779623
0.567894
0.503476
0.519438
0.839914
0.895713
0.120593
0.05957
0.0155774
0.112073
0.1693
0.143425
1.03447
0.949603
1.01989
0.534689
0.535408
-0.00467528
-0.0182218
0.539647
0.539701
-0.0119719
-0.00115786
0.412647
-0.8319
0.101007
0.528221
0.518143
0.535263
-0.0946852
0.355777
-0.0474201
0.0487851
-0.00724049
0.530855
0.46535
0.424456
0.00142343
-0.0185752
-0.0481889
-0.213548
0.532359
0.530663
0.534731
0.535675
0.536354
-0.0178332
-0.0133264
-0.00987852
-0.0453177
-0.0396613
-0.0505766
0.499204
0.518308
-0.16976
0.534878
0.537011
0.536831
0.530087
0.535719
0.53397
-0.00947837
-0.0149184
-0.0172881
0.220571
0.351814
0.652007
0.739828
0.623302
0.399694
0.164564
0.555765
0.618686
0.524661
0.678035
0.656818
0.669675
0.166598
0.0164116
0.175083
0.116654
0.526081
0.524795
0.516397
0.513362
0.530131
0.528243
0.532803
0.529822
0.532772
0.534154
-0.0508109
-0.0785514
-0.0875982
-0.155612
0.310531
0.571931
0.254112
0.284111
0.142265
-0.041694
-0.0415049
-0.0459647
-0.0532212
0.00147811
-0.022336
0.0436684
0.0441455
0.0161547
-0.00980149
-0.00641925
-0.0172995
-0.0127356
0.524679
0.524433
0.527789
0.536562
0.474995
0.478774
0.443627
0.46438
0.449651
0.388444
0.423667
0.398922
-0.0045358
0.00421183
-0.00170933
-0.0162661
-0.0130609
-0.0319616
-0.0287305
-0.0247217
-0.0205506
-0.0271141
-0.0424918
-0.044421
-0.171374
-0.286877
0.98888
0.910395
0.136958
0.521509
0.527964
0.524726
0.529643
0.53277
0.533574
0.531286
0.527835
0.518612
0.52011
0.51701
0.517993
-0.101463
-0.242371
-0.0704763
-0.144276
0.144565
0.627271
0.363706
0.299504
0.294663
0.522821
0.916659
0.700805
0.675243
0.682423
-0.342601
0.0468993
-0.278669
0.336229
0.163778
0.653752
0.70138
0.721144
0.670466
0.624048
-0.102292
0.555849
-0.071092
-0.0193079
0.181835
0.058831
0.66792
0.643669
0.649034
0.661954
0.677604
0.648487
0.634631
0.630214
0.65677
0.658717
0.48617
0.25137
0.20253
0.164007
0.642097
0.520542
0.572737
0.491839
0.521304
0.523891
0.522532
0.504036
0.511621
0.507142
0.513723
0.517244
0.525847
0.52631
0.521591
0.523723
-0.0574442
-0.0624345
-0.0290621
-0.136335
-0.129948
-0.19203
-0.061792
0.0762483
0.0371529
0.237574
0.341874
0.0530112
-0.0575897
-0.030309
0.0120805
0.180547
0.208336
0.0745115
0.162451
0.153049
0.13488
0.23733
0.241015
-0.0263547
-0.0295333
-0.0334604
-0.0352341
0.0196852
0.0904215
0.1001
-0.00446132
-0.0105918
-0.0395167
-0.0404829
-0.0213139
-0.0269435
-0.0223289
0.00801664
-0.0518
-0.0189025
-0.00480478
-0.00137001
-0.00336726
-0.00896637
0.518174
0.520585
0.520342
0.526533
0.540654
0.555566
0.520001
0.497204
0.487987
0.491007
0.463848
0.47419
0.469859
0.483555
0.504646
0.514193
0.511846
0.5147
0.496803
0.498614
0.485089
0.488771
0.463658
0.444462
0.432579
-0.041331
-0.00230548
-0.0104103
-0.0366778
-0.00671687
-0.0189052
-0.0092989
0.00975644
-0.00648796
-0.00818683
-0.0186066
-0.024751
-0.0240778
-0.0732268
0.0133365
-0.183732
-0.219573
-0.292311
0.890925
1.015
0.810599
0.583686
0.603682
0.846789
0.931461
0.543719
0.736011
0.759198
0.586684
0.854272
0.526352
0.525952
0.523552
0.523032
0.524251
-0.00681065
0.0989669
0.0983723
0.16082
0.276316
0.388075
0.318577
0.194031
0.324338
0.326827
0.62059
0.632582
0.587791
0.611576
0.612416
0.42548
0.501022
0.553015
0.512728
0.56516
0.586466
0.540606
0.573303
0.523396
0.478507
0.474487
0.424742
0.444345
0.4202
0.403262
0.515042
0.493136
0.503429
0.494142
0.513807
0.541489
0.538251
0.56202
0.576695
0.4979
0.45293
0.462304
0.492545
0.453654
0.469018
0.485393
0.231556
0.133285
0.216353
-0.069475
0.00242058
-0.0104723
-0.0588911
-0.00831956
0.276084
-0.415574
-0.392008
-1.01961
0.502551
0.953479
0.604559
0.577991
0.676395
0.65951
0.665051
0.681486
0.68322
0.630517
0.640877
0.645542
0.603765
0.62514
0.644004
0.640463
0.525037
0.384778
0.383123
0.332039
0.202228
0.241677
0.438695
0.362466
0.287416
0.287728
0.457394
0.344228
0.413911
0.447922
0.379426
0.333906
0.536577
0.602145
0.595598
0.569198
0.481557
0.494411
0.518401
0.552476
0.57712
0.607462
0.513126
0.519057
0.520288
0.517762
0.515045
0.518112
0.518366
0.520915
0.521549
0.524546
0.523598
-0.0480731
-0.0351501
-0.0486692
-0.0577485
-0.0199798
-0.0222632
0.0226749
0.00723127
-0.0137806
-0.00838939
-0.0320216
-0.0365517
-0.0325119
-0.0239624
0.100583
0.113383
0.0972192
0.0574693
0.251276
0.380702
0.455196
0.330474
0.223952
0.247031
0.26663
-0.0118529
0.0137616
0.000745554
0.0403549
0.0324665
-0.0345713
-0.0382622
-0.0355491
-0.028617
-0.0191934
-0.0355919
-0.0400632
-0.0309306
-0.0358882
-0.0388567
-0.0428992
0.499466
0.492914
0.494617
0.488411
0.487133
0.501602
0.505882
0.507855
0.513405
0.515862
0.505681
0.511435
0.515501
-0.0098071
-0.0328479
-0.0365996
-0.0264046
-0.0289864
-0.0268724
-0.02827
0.123641
0.0541895
0.0584437
0.0105007
-0.121288
-0.0633552
0.491327
0.490054
0.479536
0.720897
0.570198
0.490709
0.587684
0.693458
0.276115
0.472929
0.307876
0.888565
0.784869
0.931276
0.542443
0.24491
0.407588
0.45133
0.264003
0.339329
0.325612
0.214808
0.245564
0.28271
0.381877
0.26499
0.241548
-0.00155959
0.188802
0.301154
0.282959
0.407721
0.4685
0.26581
0.185305
0.140547
0.605325
0.624861
0.638493
0.611007
0.632044
0.57937
0.571283
0.587201
0.595459
0.589074
-0.747654
-0.454173
-1.4006
-0.722299
-0.267738
0.532964
0.503729
0.769159
0.646905
0.686021
0.671221
0.630029
0.599354
0.622122
0.646001
0.343317
0.454136
0.429382
0.434758
0.33702
0.267625
0.565521
0.56196
0.594103
0.617317
0.59008
0.6192
0.510961
0.510687
0.510135
0.506376
0.504646
0.507022
0.0577051
0.0255074
0.0638311
0.0451073
0.021831
0.00890089
-0.00710352
-0.0170763
-0.0243956
-0.0242173
-0.0102093
-0.00617681
0.171243
0.109121
0.0294683
0.0588
-0.00197334
-0.070715
-0.0894809
0.0154448
0.111716
0.101871
0.405483
0.655258
0.47525
0.642749
0.485182
0.540975
0.468071
0.459476
0.484555
0.379228
0.459759
0.246362
-0.2611
-0.170199
0.792885
0.804568
0.580866
0.404503
0.17305
0.352701
0.542966
0.473769
0.509566
0.578656
0.566387
0.0265386
0.085293
0.368818
0.595705
0.239255
0.230426
0.224026
0.407049
0.326056
))
(300 (1 10 1 0 0 919 1018)(
0.557052
1.18631
0.00122848
0.556491
1.15329
-0.50898
0.668974
-0.110926
-0.0464468
0.538203
1.01414
0.779744
-1.12373
0.651843
-0.381346
0.536353
-0.0565568
0.696244
0.537395
0.598998
0.753814
0.895354
0.0222357
1.03693
0.505039
-0.446793
-0.545728
0.663441
-0.208426
0.675375
0.524284
-0.142799
-0.0843891
-0.0499582
-0.0445947
0.454218
0.529353
0.553684
1.05408
0.964722
0.822564
0.750801
-2.50785
-0.282875
0.64969
0.654187
-0.479299
0.535303
0.539438
-0.0450009
-0.0516776
0.685439
0.534928
0.571512
0.278256
0.625339
0.585627
0.749029
0.832773
0.955478
0.493418
0.520797
0.510976
-0.358542
-0.567134
0.658648
-0.280026
-0.136949
0.516563
0.528543
-0.243895
-0.0680321
-0.0575785
-0.044168
0.4358
0.474466
0.51948
0.523479
0.919106
0.178495
0.643665
0.524704
0.528158
-0.04257
0.681417
0.150406
0.358253
0.634918
0.683077
0.98755
0.485236
0.522573
0.517726
0.655962
-0.0638376
0.40197
0.870462
0.430353
0.767379
0.0155774
))
(300 (1 11 1 0 0 919 926)(
0.557052
0.556491
0.537247
0.543791
0.537527
0.538915
0.543628
0.539515
))
(300 (1 12 1 0 0 919 922)(
1.18631
1.15329
1.11072
1.12392
))
(300 (1 13 1 0 0 919 926)(
0
0
0
0
0
0
0
0
))
(300 (1 14 1 0 0 919 952)(
-0.0125641
-0.0100339
-0.0330392
0.332927
0.40433
0.0539827
-0.0015316
1.08042
-0.0182203
0.116081
0.442838
0.611854
0.590289
0.295084
0.0933799
0.029247
-6.28128
-0.006389
-0.00155122
1.009
0.931094
-0.414704
0.490347
0.495074
0.770697
0.21647
-0.985247
-0.00129115
1.07429
0.823751
0.519438
0.895713
0.143425
1.01989
))
(300 (1 15 1 0 0 919 2754)(
0.557052
0.557052
1.18631
1.18631
0.00122848
0.00122848
0.556491
0.556491
-0.0125641
-0.0125641
1.15329
1.15329
-0.50898
-0.50898
0.668974
0.668974
0.537247
0.537247
-0.110926
-0.110926
-0.0464468
-0.0464468
0.538203
0.538203
1.01414
1.01414
0.779744
0.779744
-1.12373
-1.12373
-0.0100339
-0.0100339
0.651843
0.651843
-0.381346
-0.381346
0.536353
0.536353
-0.0565568
-0.0565568
0.696244
0.696244
0.543791
0.543791
0.546816
0.546816
0.537395
0.537395
0.598998
0.598998
0.753814
0.753814
0.895354
0.895354
0.0222357
0.0222357
0.00911589
0.00911589
0.00467087
0.00467087
-0.0118813
-0.0118813
-0.0390105
-0.0390105
-0.0330392
-0.0330392
1.03693
1.03693
1.08802
1.08802
1.11072
1.11072
0.505039
0.505039
0.332927
0.332927
-0.37432
-0.37432
-0.446793
-0.446793
-0.435216
-0.435216
-0.545728
-0.545728
0.665234
0.665234
0.663441
0.663441
-0.208426
-0.208426
0.672458
0.672458
0.675375
0.675375
0.524284
0.524284
0.536616
0.536616
0.537527
0.537527
0.538551
0.538551
0.537533
0.537533
0.538915
0.538915
0.40433
0.40433
-0.11141
-0.11141
-0.142799
-0.142799
-0.0922722
-0.0922722
-0.0843891
-0.0843891
0.0539827
0.0539827
-0.0479969
-0.0479969
-0.0499582
-0.0499582
-0.0448868
-0.0448868
-0.0445947
-0.0445947
0.454218
0.454218
0.532662
0.532662
0.529353
0.529353
0.543076
0.543076
0.553684
0.553684
1.12586
1.12586
1.09778
1.09778
1.12392
1.12392
1.03763
1.03763
1.05408
1.05408
0.99213
0.99213
0.964722
0.964722
0.800438
0.800438
0.822564
0.822564
0.765266
0.765266
0.750801
0.750801
-1.55588
-1.55588
-2.50785
-2.50785
-0.533588
-0.533588
-0.282875
-0.282875
-0.0105884
-0.0105884
-0.00740727
-0.00740727
-0.0015316
-0.0015316
0.64863
0.64863
0.64969
0.64969
0.651348
0.651348
0.654187
0.654187
1.08042
1.08042
-0.378586
-0.378586
-0.479299
-0.479299
0.536494
0.536494
0.535303
0.535303
0.543628
0.543628
0.544328
0.544328
0.540347
0.540347
0.539438
0.539438
-0.047967
-0.047967
-0.0450009
-0.0450009
-0.0475944
-0.0475944
-0.0532008
-0.0532008
-0.0516776
-0.0516776
0.6849
0.6849
0.685439
0.685439
0.537924
0.537924
0.534928
0.534928
0.560951
0.560951
0.581166
0.581166
0.571512
0.571512
0.278256
0.278256
0.608721
0.608721
0.625339
0.625339
0.585627
0.585627
0.745741
0.745741
0.740338
0.740338
0.749029
0.749029
0.869067
0.869067
0.832773
0.832773
0.932207
0.932207
0.955478
0.955478
0.0165471
0.0165471
4.21199e-05
4.21199e-05
-0.0149963
-0.0149963
-0.0194959
-0.0194959
-0.0182203
-0.0182203
0.500873
0.500873
0.493418
0.493418
0.520797
0.520797
0.508471
0.508471
0.510976
0.510976
0.249581
0.249581
0.116081
0.116081
0.417912
0.417912
0.442838
0.442838
-0.292921
-0.292921
-0.358542
-0.358542
-0.429018
-0.429018
-0.459141
-0.459141
-0.567134
-0.567134
0.611854
0.611854
0.660735
0.660735
0.658648
0.658648
-0.219313
-0.219313
-0.147331
-0.147331
-0.280026
-0.280026
-0.0742103
-0.0742103
-0.136949
-0.136949
0.514552
0.514552
0.521564
0.521564
0.516563
0.516563
0.532113
0.532113
0.52658
0.52658
0.528543
0.528543
0.540885
0.540885
0.537956
0.537956
0.539515
0.539515
0.466586
0.466586
0.590289
0.590289
0.330443
0.330443
0.295084
0.295084
-0.243503
-0.243503
-0.157486
-0.157486
-0.243895
-0.243895
-0.0727913
-0.0727913
-0.0680321
-0.0680321
0.0678977
0.0678977
0.0933799
0.0933799
0.040925
0.040925
0.029247
0.029247
-0.0617295
-0.0617295
-0.0535222
-0.0535222
-0.0575785
-0.0575785
-0.0433454
-0.0433454
-0.044168
-0.044168
0.446983
0.446983
0.4358
0.4358
0.466908
0.466908
0.474466
0.474466
0.51948
0.51948
0.520971
0.520971
0.525648
0.525648
0.523479
0.523479
0.915533
0.915533
0.938005
0.938005
0.945448
0.945448
0.919106
0.919106
-3.49823
-3.49823
-6.28128
-6.28128
0.0418999
0.0418999
0.178495
0.178495
-0.00674094
-0.00674094
-0.0092771
-0.0092771
0.00205732
0.00205732
-0.00561589
-0.00561589
0.000417106
0.000417106
-0.00185679
-0.00185679
-0.006389
-0.006389
-0.00781116
-0.00781116
-0.00278484
-0.00278484
-0.00155122
-0.00155122
0.642567
0.642567
0.643665
0.643665
1.00242
1.00242
1.009
1.009
0.978314
0.978314
0.931094
0.931094
0.524704
0.524704
0.526776
0.526776
0.532277
0.532277
0.528158
0.528158
-0.0433173
-0.0433173
-0.0439245
-0.0439245
-0.04257
-0.04257
0.678566
0.678566
0.683453
0.683453
0.681417
0.681417
0.239878
0.239878
0.150406
0.150406
0.329201
0.329201
0.358253
0.358253
0.636235
0.636235
0.62545
0.62545
0.634918
0.634918
0.64714
0.64714
0.683077
0.683077
0.962918
0.962918
0.981073
0.981073
0.979324
0.979324
0.98755
0.98755
1.03152
1.03152
1.04786
1.04786
1.0133
1.0133
0.480301
0.480301
0.490294
0.490294
0.485236
0.485236
0.523895
0.523895
0.521674
0.521674
0.522573
0.522573
0.518469
0.518469
0.51973
0.51973
0.517726
0.517726
-0.0344639
-0.0344639
-0.414704
-0.414704
0.490347
0.490347
0.507371
0.507371
0.492418
0.492418
0.495074
0.495074
0.69205
0.69205
0.770697
0.770697
0.654082
0.654082
0.656687
0.656687
0.655962
0.655962
-0.00543236
-0.00543236
-0.0638376
-0.0638376
0.250416
0.250416
0.21647
0.21647
0.386618
0.386618
0.422974
0.422974
0.40197
0.40197
0.886883
0.886883
0.846887
0.846887
0.89709
0.89709
0.870462
0.870462
0.831571
0.831571
0.858106
0.858106
-0.366306
-0.366306
-1.86654
-1.86654
-0.985247
-0.985247
0.528478
0.528478
0.342815
0.342815
0.430353
0.430353
0.0110697
0.0110697
-0.00579345
-0.00579345
-0.00129115
-0.00129115
1.00177
1.00177
1.07429
1.07429
0.646119
0.646119
0.820944
0.820944
0.823751
0.823751
0.717262
0.717262
0.74688
0.74688
0.806875
0.806875
0.732128
0.732128
0.767379
0.767379
0.801456
0.801456
0.779623
0.779623
0.567894
0.567894
0.503476
0.503476
0.519438
0.519438
0.839914
0.839914
0.895713
0.895713
0.120593
0.120593
0.05957
0.05957
0.0155774
0.0155774
0.112073
0.112073
0.1693
0.1693
0.143425
0.143425
1.03447
1.03447
0.949603
0.949603
1.01989
1.01989
0.534689
0.534689
0.535408
0.535408
-0.00467528
-0.00467528
-0.0182218
-0.0182218
0.539647
0.539647
0.539701
0.539701
-0.0119719
-0.0119719
-0.00115786
-0.00115786
0.412647
0.412647
-0.8319
-0.8319
0.101007
0.101007
0.528221
0.528221
0.518143
0.518143
0.535263
0.535263
-0.0946852
-0.0946852
0.355777
0.355777
-0.0474201
-0.0474201
0.0487851
0.0487851
-0.00724049
-0.00724049
0.530855
0.530855
0.46535
0.46535
0.424456
0.424456
0.00142343
0.00142343
-0.0185752
-0.0185752
-0.0481889
-0.0481889
-0.213548
-0.213548
0.532359
0.532359
0.530663
0.530663
0.534731
0.534731
0.535675
0.535675
0.536354
0.536354
-0.0178332
-0.0178332
-0.0133264
-0.0133264
-0.00987852
-0.00987852
-0.0453177
-0.0453177
-0.0396613
-0.0396613
-0.0505766
-0.0505766
0.499204
0.499204
0.518308
0.518308
-0.16976
-0.16976
0.534878
0.534878
0.537011
0.537011
0.536831
0.536831
0.530087
0.530087
0.535719
0.535719
0.53397
0.53397
-0.00947837
-0.00947837
-0.0149184
-0.0149184
-0.0172881
-0.0172881
0.220571
0.220571
0.351814
0.351814
0.652007
0.652007
0.739828
0.739828
0.623302
0.623302
0.399694
0.399694
0.164564
0.164564
0.555765
0.555765
0.618686
0.618686
0.524661
0.524661
0.678035
0.678035
0.656818
0.656818
0.669675
0.669675
0.166598
0.166598
0.0164116
0.0164116
0.175083
0.175083
0.116654
0.116654
0.526081
0.526081
0.524795
0.524795
0.516397
0.516397
0.513362
0.513362
0.530131
0.530131
0.528243
0.528243
0.532803
0.532803
0.529822
0.529822
0.532772
0.532772
0.534154
0.534154
-0.0508109
-0.0508109
-0.0785514
-0.0785514
-0.0875982
-0.0875982
-0.155612
-0.155612
0.310531
0.310531
0.571931
0.571931
0.254112
0.254112
0.284111
0.284111
0.142265
0.142265
-0.041694
-0.041694
-0.0415049
-0.0415049
-0.0459647
-0.0459647
-0.0532212
-0.0532212
0.00147811
0.00147811
-0.022336
-0.022336
0.0436684
0.0436684
0.0441455
0.0441455
0.0161547
0.0161547
-0.00980149
-0.00980149
-0.00641925
-0.00641925
-0.0172995
-0.0172995
-0.0127356
-0.0127356
0.524679
0.524679
0.524433
0.524433
0.527789
0.527789
0.536562
0.536562
0.474995
0.474995
0.478774
0.478774
0.443627
0.443627
0.46438
0.46438
0.449651
0.449651
0.388444
0.388444
0.423667
0.423667
0.398922
0.398922
-0.0045358
-0.0045358
0.00421183
0.00421183
-0.00170933
-0.00170933
-0.0162661
-0.0162661
-0.0130609
-0.0130609
-0.0319616
-0.0319616
-0.0287305
-0.0287305
-0.0247217
-0.0247217
-0.0205506
-0.0205506
-0.0271141
-0.0271141
-0.0424918
-0.0424918
-0.044421
-0.044421
-0.171374
-0.171374
-0.286877
-0.286877
0.98888
0.98888
0.910395
0.910395
0.136958
0.136958
0.521509
0.521509
0.527964
0.527964
0.524726
0.524726
0.529643
0.529643
0.53277
0.53277
0.533574
0.533574
0.531286
0.531286
0.527835
0.527835
0.518612
0.518612
0.52011
0.52011
0.51701
0.51701
0.517993
0.517993
-0.101463
-0.101463
-0.242371
-0.242371
-0.0704763
-0.0704763
-0.144276
-0.144276
0.144565
0.144565
0.627271
0.627271
0.363706
0.363706
0.299504
0.299504
0.294663
0.294663
0.522821
0.522821
0.916659
0.916659
0.700805
0.700805
0.675243
0.675243
0.682423
0.682423
-0.342601
-0.342601
0.0468993
0.0468993
-0.278669
-0.278669
0.336229
0.336229
0.163778
0.163778
0.653752
0.653752
0.70138
0.70138
0.721144
0.721144
0.670466
0.670466
0.624048
0.624048
-0.102292
-0.102292
0.555849
0.555849
-0.071092
-0.071092
-0.0193079
-0.0193079
0.181835
0.181835
0.058831
0.058831
0.66792
0.66792
0.643669
0.643669
0.649034
0.649034
0.661954
0.661954
0.677604
0.677604
0.648487
0.648487
0.634631
0.634631
0.630214
0.630214
0.65677
0.65677
0.658717
0.658717
0.48617
0.48617
0.25137
0.25137
0.20253
0.20253
0.164007
0.164007
0.642097
0.642097
0.520542
0.520542
0.572737
0.572737
0.491839
0.491839
0.521304
0.521304
0.523891
0.523891
0.522532
0.522532
0.504036
0.504036
0.511621
0.511621
0.507142
0.507142
0.513723
0.513723
0.517244
0.517244
0.525847
0.525847
0.52631
0.52631
0.521591
0.521591
0.523723
0.523723
-0.0574442
-0.0574442
-0.0624345
-0.0624345
-0.0290621
-0.0290621
-0.136335
-0.136335
-0.129948
-0.129948
-0.19203
-0.19203
-0.061792
-0.061792
0.0762483
0.0762483
0.0371529
0.0371529
0.237574
0.237574
0.341874
0.341874
0.0530112
0.0530112
-0.0575897
-0.0575897
-0.030309
-0.030309
0.0120805
0.0120805
0.180547
0.180547
0.208336
0.208336
0.0745115
0.0745115
0.162451
0.162451
0.153049
0.153049
0.13488
0.13488
0.23733
0.23733
0.241015
0.241015
-0.0263547
-0.0263547
-0.0295333
-0.0295333
-0.0334604
-0.0334604
-0.0352341
-0.0352341
0.0196852
0.0196852
0.0904215
0.0904215
0.1001
0.1001
-0.00446132
-0.00446132
-0.0105918
-0.0105918
-0.0395167
-0.0395167
-0.0404829
-0.0404829
-0.0213139
-0.0213139
-0.0269435
-0.0269435
-0.0223289
-0.0223289
0.00801664
0.00801664
-0.0518
-0.0518
-0.0189025
-0.0189025
-0.00480478
-0.00480478
-0.00137001
-0.00137001
-0.00336726
-0.00336726
-0.00896637
-0.00896637
0.518174
0.518174
0.520585
0.520585
0.520342
0.520342
0.526533
0.526533
0.540654
0.540654
0.555566
0.555566
0.520001
0.520001
0.497204
0.497204
0.487987
0.487987
0.491007
0.491007
0.463848
0.463848
0.47419
0.47419
0.469859
0.469859
0.483555
0.483555
0.504646
0.504646
0.514193
0.514193
0.511846
0.511846
0.5147
0.5147
0.496803
0.496803
0.498614
0.498614
0.485089
0.485089
0.488771
0.488771
0.463658
0.463658
0.444462
0.444462
0.432579
0.432579
-0.041331
-0.041331
-0.00230548
-0.00230548
-0.0104103
-0.0104103
-0.0366778
-0.0366778
-0.00671687
-0.00671687
-0.0189052
-0.0189052
-0.0092989
-0.0092989
0.00975644
0.00975644
-0.00648796
-0.00648796
-0.00818683
-0.00818683
-0.0186066
-0.0186066
-0.024751
-0.024751
-0.0240778
-0.0240778
-0.0732268
-0.0732268
0.0133365
0.0133365
-0.183732
-0.183732
-0.219573
-0.219573
-0.292311
-0.292311
0.890925
0.890925
1.015
1.015
0.810599
0.810599
0.583686
0.583686
0.603682
0.603682
0.846789
0.846789
0.931461
0.931461
0.543719
0.543719
0.736011
0.736011
0.759198
0.759198
0.586684
0.586684
0.854272
0.854272
0.526352
0.526352
0.525952
0.525952
0.523552
0.523552
0.523032
0.523032
0.524251
0.524251
-0.00681065
-0.00681065
0.0989669
0.0989669
0.0983723
0.0983723
0.16082
0.16082
0.276316
0.276316
0.388075
0.388075
0.318577
0.318577
0.194031
0.194031
0.324338
0.324338
0.326827
0.326827
0.62059
0.62059
0.632582
0.632582
0.587791
0.587791
0.611576
0.611576
0.612416
0.612416
0.42548
0.42548
0.501022
0.501022
0.553015
0.553015
0.512728
0.512728
0.56516
0.56516
0.586466
0.586466
0.540606
0.540606
0.573303
0.573303
0.523396
0.523396
0.478507
0.478507
0.474487
0.474487
0.424742
0.424742
0.444345
0.444345
0.4202
0.4202
0.403262
0.403262
0.515042
0.515042
0.493136
0.493136
0.503429
0.503429
0.494142
0.494142
0.513807
0.513807
0.541489
0.541489
0.538251
0.538251
0.56202
0.56202
0.576695
0.576695
0.4979
0.4979
0.45293
0.45293
0.462304
0.462304
0.492545
0.492545
0.453654
0.453654
0.469018
0.469018
0.485393
0.485393
0.231556
0.231556
0.133285
0.133285
0.216353
0.216353
-0.069475
-0.069475
0.00242058
0.00242058
-0.0104723
-0.0104723
-0.0588911
-0.0588911
-0.00831956
-0.00831956
0.276084
0.276084
-0.415574
-0.415574
-0.392008
-0.392008
-1.01961
-1.01961
0.502551
0.502551
0.953479
0.953479
0.604559
0.604559
0.577991
0.577991
0.676395
0.676395
0.65951
0.65951
0.665051
0.665051
0.681486
0.681486
0.68322
0.68322
0.630517
0.630517
0.640877
0.640877
0.645542
0.645542
0.603765
0.603765
0.62514
0.62514
0.644004
0.644004
0.640463
0.640463
0.525037
0.525037
0.384778
0.384778
0.383123
0.383123
0.332039
0.332039
0.202228
0.202228
0.241677
0.241677
0.438695
0.438695
0.362466
0.362466
0.287416
0.287416
0.287728
0.287728
0.457394
0.457394
0.344228
0.344228
0.413911
0.413911
0.447922
0.447922
0.379426
0.379426
0.333906
0.333906
0.536577
0.536577
0.602145
0.602145
0.595598
0.595598
0.569198
0.569198
0.481557
0.481557
0.494411
0.494411
0.518401
0.518401
0.552476
0.552476
0.57712
0.57712
0.607462
0.607462
0.513126
0.513126
0.519057
0.519057
0.520288
0.520288
0.517762
0.517762
0.515045
0.515045
0.518112
0.518112
0.518366
0.518366
0.520915
0.520915
0.521549
0.521549
0.524546
0.524546
0.523598
0.523598
-0.0480731
-0.0480731
-0.0351501
-0.0351501
-0.0486692
-0.0486692
-0.0577485
-0.0577485
-0.0199798
-0.0199798
-0.0222632
-0.0222632
0.0226749
0.0226749
0.00723127
0.00723127
-0.0137806
-0.0137806
-0.00838939
-0.00838939
-0.0320216
-0.0320216
-0.0365517
-0.0365517
-0.0325119
-0.0325119
-0.0239624
-0.0239624
0.100583
0.100583
0.113383
0.113383
0.0972192
0.0972192
0.0574693
0.0574693
0.251276
0.251276
0.380702
0.380702
0.455196
0.455196
0.330474
0.330474
0.223952
0.223952
0.247031
0.247031
0.26663
0.26663
-0.0118529
-0.0118529
0.0137616
0.0137616
0.000745554
0.000745554
0.0403549
0.0403549
0.0324665
0.0324665
-0.0345713
-0.0345713
-0.0382622
-0.0382622
-0.0355491
-0.0355491
-0.028617
-0.028617
-0.0191934
-0.0191934
-0.0355919
-0.0355919
-0.0400632
-0.0400632
-0.0309306
-0.0309306
-0.0358882
-0.0358882
-0.0388567
-0.0388567
-0.0428992
-0.0428992
0.499466
0.499466
0.492914
0.492914
0.494617
0.494617
0.488411
0.488411
0.487133
0.487133
0.501602
0.501602
0.505882
0.505882
0.507855
0.507855
0.513405
0.513405
0.515862
0.515862
0.505681
0.505681
0.511435
0.511435
0.515501
0.515501
-0.0098071
-0.0098071
-0.0328479
-0.0328479
-0.0365996
-0.0365996
-0.0264046
-0.0264046
-0.0289864
-0.0289864
-0.0268724
-0.0268724
-0.02827
-0.02827
0.123641
0.123641
0.0541895
0.0541895
0.0584437
0.0584437
0.0105007
0.0105007
-0.121288
-0.121288
-0.0633552
-0.0633552
0.491327
0.491327
0.490054
0.490054
0.479536
0.479536
0.720897
0.720897
0.570198
0.570198
0.490709
0.490709
0.587684
0.587684
0.693458
0.693458
0.276115
0.276115
0.472929
0.472929
0.307876
0.307876
0.888565
0.888565
0.784869
0.784869
0.931276
0.931276
0.542443
0.542443
0.24491
0.24491
0.407588
0.407588
0.45133
0.45133
0.264003
0.264003
0.339329
0.339329
0.325612
0.325612
0.214808
0.214808
0.245564
0.245564
0.28271
0.28271
0.381877
0.381877
0.26499
0.26499
0.241548
0.241548
-0.00155959
-0.00155959
0.188802
0.188802
0.301154
0.301154
0.282959
0.282959
0.407721
0.407721
0.4685
0.4685
0.26581
0.26581
0.185305
0.185305
0.140547
0.140547
0.605325
0.605325
0.624861
0.624861
0.638493
0.638493
0.611007
0.611007
0.632044
0.632044
0.57937
0.57937
0.571283
0.571283
0.587201
0.587201
0.595459
0.595459
0.589074
0.589074
-0.747654
-0.747654
-0.454173
-0.454173
-1.4006
-1.4006
-0.722299
-0.722299
-0.267738
-0.267738
0.532964
0.532964
0.503729
0.503729
0.769159
0.769159
0.646905
0.646905
0.686021
0.686021
0.671221
0.671221
0.630029
0.630029
0.599354
0.599354
0.622122
0.622122
0.646001
0.646001
0.343317
0.343317
0.454136
0.454136
0.429382
0.429382
0.434758
0.434758
0.33702
0.33702
0.267625
0.267625
0.565521
0.565521
0.56196
0.56196
0.594103
0.594103
0.617317
0.617317
0.59008
0.59008
0.6192
0.6192
0.510961
0.510961
0.510687
0.510687
0.510135
0.510135
0.506376
0.506376
0.504646
0.504646
0.507022
0.507022
0.0577051
0.0577051
0.0255074
0.0255074
0.0638311
0.0638311
0.0451073
0.0451073
0.021831
0.021831
0.00890089
0.00890089
-0.00710352
-0.00710352
-0.0170763
-0.0170763
-0.0243956
-0.0243956
-0.0242173
-0.0242173
-0.0102093
-0.0102093
-0.00617681
-0.00617681
0.171243
0.171243
0.109121
0.109121
0.0294683
0.0294683
0.0588
0.0588
-0.00197334
-0.00197334
-0.070715
-0.070715
-0.0894809
-0.0894809
0.0154448
0.0154448
0.111716
0.111716
0.101871
0.101871
0.405483
0.405483
0.655258
0.655258
0.47525
0.47525
0.642749
0.642749
0.485182
0.485182
0.540975
0.540975
0.468071
0.468071
0.459476
0.459476
0.484555
0.484555
0.379228
0.379228
0.459759
0.459759
0.246362
0.246362
-0.2611
-0.2611
-0.170199
-0.170199
0.792885
0.792885
0.804568
0.804568
0.580866
0.580866
0.404503
0.404503
0.17305
0.17305
0.352701
0.352701
0.542966
0.542966
0.473769
0.473769
0.509566
0.509566
0.578656
0.578656
0.566387
0.566387
0.0265386
0.0265386
0.085293
0.085293
0.368818
0.368818
0.595705
0.595705
0.239255
0.239255
0.230426
0.230426
0.224026
0.224026
0.407049
0.407049
0.326056
0.326056
))
(300 (2 1 3 0 0 1 918)(
0.985161 -0.000506773 0 
0.00501246 2.96625 0 
0.00874144 0.889293 0 
0.979704 0.00214603 0 
-0.0118757 2.06082 3.77188e-20 
-0.00704598 2.94879 -2.46876e-18 
0.81893 1.16184 4.47891e-19 
0.133602 0.0764924 -1.4884e-20 
0.999909 -0.000277378 0 
0.0629993 0.73173 0 
0.0139238 0.521316 0 
0.735169 -0.0128946 0 
0.0111222 2.93032 0 
0.00298943 2.79483 0 
-0.0177083 3.14978 7.79848e-19 
-0.0219998 1.91242 8.20377e-21 
0.280506 0.0462456 1.01827e-18 
0.188641 1.1396 3.16805e-19 
0.962731 0.0050176 0 
0.00781218 0.490279 0 
-0.014177 0.10227 -7.01734e-19 
1.00197 -0.00497586 0 
1.00022 -0.00978532 0 
0.975737 -0.00643897 0 
0.598832 0.017177 0 
0.0149984 2.64092 0 
-0.0147963 2.90996 9.08388e-19 
0.0100148 0.938156 0 
-0.0161257 1.18033 0 
0.0122027 0.920707 0 
-0.0140549 2.59552 0 
-0.000862657 2.11509 -3.01233e-20 
-0.0111894 1.89205 0 
-0.0206034 2.9876 -8.87375e-23 
-0.0166861 3.0053 1.91866e-18 
0.00210412 3.00018 0 
0.871322 -0.00964938 0 
0.402904 0.933634 1.79976e-19 
0.803498 1.17638 -5.10653e-19 
0.955405 1.02102 5.54735e-19 
0.672508 1.26817 -1.0373e-19 
0.673673 1.2427 5.97715e-19 
0.17242 0.131387 1.45207e-20 
0.153615 0.0561768 0 
1.15717 0.561606 0 
0.14738 0.11514 6.61727e-20 
0.110201 0.0698233 -6.8663e-20 
0.919894 -0.00745604 0 
1.00027 0.000160679 0 
0.999909 0.00033837 0 
1.00363 -0.00776062 0 
1.00096 -0.000919935 0 
1.00017 3.61405e-05 0 
0.0733527 1.82604 -7.72883e-19 
0.0295465 0.945429 0 
0.0989524 0.809145 0 
0.00931638 0.899208 0 
0.0365504 0.65704 0 
0.00624645 2.01237 0 
-0.00164572 0.81285 0 
0.0119716 0.536222 0 
-0.00290714 0.803774 0 
0.0073814 0.512878 0 
0.841481 -0.0157166 0 
0.838994 0.03282 0 
0.766217 -0.00894672 0 
0.803295 0.0356026 0 
0.701674 0.000680528 0 
0.0146895 3.0004 9.15154e-19 
0.0115052 3.00804 0 
0.00611418 3.00277 0 
0.0135542 2.99736 1.03846e-23 
0.00796443 2.95846 -1.36014e-18 
0.0144896 2.98199 0 
0.0108473 2.9036 0 
0.0247537 2.9305 2.07918e-24 
0.00459551 2.82485 0 
0.0308036 2.91629 0 
-0.0052162 2.74598 0 
0.305521 3.54306 0 
-0.131562 3.62387 0 
0.138005 3.23975 -7.25721e-19 
-0.013415 2.97759 0 
-0.0256107 1.98675 0 
-0.00715782 2.16723 -8.09133e-21 
-0.0160125 1.92054 1.96831e-21 
0.352334 0.144633 -3.5358e-19 
0.309694 0.026897 -3.43421e-19 
0.309304 0.150901 -1.05848e-18 
0.243913 0.0543206 -6.88939e-19 
0.229013 0.98244 0 
0.272236 1.29073 -3.67634e-19 
0.365733 1.2262 6.13234e-19 
0.987439 0.00857034 0 
0.941866 0.00582843 0 
1.0003 0.000580611 0 
1.00286 0.00930895 0 
1.00301 0.00847045 -2.74434e-18 
0.991908 0.00969593 2.07243e-18 
-0.0086217 0.792345 0 
0.00767593 0.500013 0 
-0.0432318 1.00664 0 
-0.0224691 0.833707 0 
0.00656419 0.490089 0 
-0.0119634 0.116283 2.16566e-19 
0.0738432 0.0839847 0 
0.993552 -0.00837153 0 
0.954461 -0.00653041 0 
0.744982 0.0322963 0 
0.679972 0.0283163 0 
0.663808 0.00928644 0 
0.970352 -0.00745499 0 
0.596424 0.0703224 0 
0.44884 -0.010122 1.5424e-18 
-0.0369455 2.86291 6.7011e-19 
0.0413355 2.91016 0 
0.0536704 2.88585 0 
-0.00391902 2.70019 0 
-0.0134016 2.98502 8.60309e-19 
-0.0179025 2.89492 0 
-0.0154733 2.98805 -2.66736e-18 
-0.0132937 2.92515 9.13202e-19 
-0.0261728 1.34429 0 
-0.00239431 1.37326 0 
-0.00735556 2.1322 4.82173e-22 
-0.00623303 2.09401 0 
-0.0239637 1.89963 0 
0.93857 -0.00740336 0 
0.857445 -0.00996766 0 
0.863266 0.00569482 0 
0.949579 -0.00782461 0 
0.884041 -0.00818798 0 
0.514401 1.12665 -2.27282e-19 
0.563577 1.17773 0 
0.367491 0.878555 3.36008e-20 
0.310092 0.737218 0 
0.915769 1.0591 -1.52893e-19 
1.03322 0.868043 3.10195e-19 
0.358709 1.35276 0 
0.52508 1.32426 0 
0.548078 1.26273 0 
0.120825 0.184754 -3.02204e-19 
0.195234 0.131499 0 
0.18443 0.0736802 1.91898e-19 
1.00427 0.922745 0 
1.07788 0.776659 0 
1.10295 0.718122 -2.45866e-19 
1.13659 0.621109 0 
1.18735 0.405159 5.70494e-20 
0.957749 -0.00870834 0 
0.962507 -0.0100379 0 
0.901743 -0.00798205 0 
0.984202 -0.00914756 0 
0.974708 -0.00933481 0 
0.937133 -0.00637217 0 
1.00019 0.00233942 0 
1.0009 0.00141419 0 
0.999909 0.000854693 0 
0.0354771 2.07374 4.28356e-19 
0.118928 1.76891 0 
0.0179249 2.18782 6.58303e-19 
0.0461893 1.88001 -5.48982e-19 
0.105983 1.14605 -2.59462e-19 
0.0485643 1.02533 0 
0.143166 0.97491 0 
0.00173029 0.85864 0 
0.0155416 0.603103 0 
-0.00131127 2.24203 -8.34818e-22 
0.0156271 2.0172 0 
-0.00212738 2.24409 -3.05646e-20 
0.00755975 2.02123 4.80049e-20 
-0.000378021 0.835199 0 
-0.00127348 0.821506 0 
0.0089496 0.56485 0 
-0.00349456 0.795533 0 
0.00388728 0.503391 0 
0.938287 0.00975103 0 
0.849965 -0.0146649 0 
0.927498 0.000398756 0 
0.842439 -0.0129083 0 
0.812283 -0.00195794 0 
0.898881 0.0222761 0 
0.872355 0.0280905 0 
0.788604 -0.00586338 0 
0.00571818 3.06487 -8.53257e-21 
0.0165923 3.05766 0 
0.01463 2.96903 0 
0.00869539 2.87626 0 
0.921 3.95588 0 
1.23446 3.28927 9.27124e-19 
0.0691873 3.06994 0 
-0.0293247 2.90257 0 
-0.00825561 1.39435 0 
-0.0306249 1.69472 0 
-0.0173027 1.52895 0 
-0.0301351 2.55356 -7.94669e-21 
-0.0138425 2.24407 0 
-0.0197982 2.39199 0 
-0.00186176 1.94736 8.84629e-22 
-0.00357265 2.23964 -6.11772e-21 
-0.00545234 2.20225 -2.16403e-21 
-0.00978925 1.93283 0 
0.404031 0.125247 5.39545e-19 
0.357878 0.0158168 -5.29447e-19 
0.25897 1.58514 0 
0.277234 0.75548 -3.15777e-19 
0.177126 1.67241 -1.04904e-18 
0.226067 1.21941 1.05135e-18 
0.902021 0.0063705 0 
0.967398 0.0111285 0 
0.974546 0.0108108 0 
0.923304 0.006415 0 
-0.00951979 0.792373 0 
-0.00859278 0.790369 0 
0.00598686 0.494513 0 
0.132302 0.102857 6.12918e-19 
0.115629 0.0925419 -7.24162e-19 
0.0920312 0.0701418 0 
1.09809 0.0859775 2.71197e-20 
1.08019 0.0393208 0 
1.0126 0.0398839 0 
0.906841 -0.00560982 0 
0.454911 0.105587 0 
0.514664 0.0872155 -2.46392e-18 
0.403255 0.0108722 9.20877e-19 
0.00874341 2.98103 7.20966e-19 
-0.0326226 2.86534 4.64229e-20 
0.00360667 3.05032 -1.80673e-20 
0.0201659 3.0433 6.41904e-19 
-0.0149781 2.99656 2.99918e-20 
-0.0129485 2.94944 -1.20636e-22 
-0.0172849 3.01194 -5.54841e-19 
0.0149055 3.02372 4.02218e-19 
0.00742398 3.03695 -6.37094e-19 
0.933944 -0.00122035 0 
0.939434 -0.00321127 0 
0.845921 -0.00946268 0 
0.956528 0.0119137 0 
0.942654 0.0132518 0 
0.881578 0.00585303 0 
0.916652 0.0175602 0 
0.925812 0.0150949 0 
0.83852 0.00215435 0 
0.716919 1.40391 4.06336e-20 
0.750218 1.5126 0 
0.181655 0.315622 7.05768e-20 
0.228199 0.668648 5.68242e-19 
0.262316 0.720578 -3.31969e-19 
0.263246 0.521922 6.60466e-19 
0.345776 0.810462 1.59058e-18 
0.140254 0.229883 3.75604e-19 
0.26734 0.153289 7.2948e-19 
0.228771 0.1479 1.89133e-19 
0.213017 0.065456 3.58649e-19 
1.17645 0.463235 6.17508e-20 
1.19229 0.256442 5.70796e-20 
0.0100456 2.23647 2.53554e-19 
0.0403797 1.94789 0 
0.97032 0.0292722 0 
0.943119 0.0138551 0 
0.868754 -0.017955 0 
0.0114228 3.0744 0 
0.0198314 2.9442 1.17589e-18 
0.0164059 2.95638 0 
0.00635407 2.85047 -1.16647e-18 
0.00634746 3.09173 2.85462e-19 
0.00697824 3.08212 0 
0.783025 1.81415 -1.59137e-19 
1.24228 2.48996 4.04545e-19 
0.764997 1.95351 -1.23059e-18 
0.0196562 2.98114 -6.20163e-19 
0.03494 2.9995 0 
-0.0347326 2.87682 0 
-0.00424453 2.22317 -1.31367e-20 
-0.0032034 2.24421 8.4513e-21 
0.000835917 1.98269 -7.27194e-21 
0.278178 1.3942 1.02517e-18 
0.23829 0.549546 -7.02949e-19 
0.0637743 1.99833 7.63107e-19 
0.13537 1.8845 -9.10826e-19 
0.180292 1.51131 9.49745e-20 
0.00527451 3.11862 -1.58777e-18 
0.011159 3.11934 1.7376e-18 
-0.00925772 2.98059 7.92369e-19 
-0.00446358 2.97726 -7.47736e-19 
-0.0213487 2.88054 -8.07018e-19 
0.00844165 3.09941 -2.12101e-18 
0.00155488 3.10529 2.13709e-18 
0.281785 0.694918 0 
0.24829 0.684072 -1.18085e-18 
0.0958851 0.225225 5.24298e-19 
0.357469 0.93739 1.11263e-18 
0.195351 0.275791 -1.71539e-18 
1.18429 0.174649 6.33106e-20 
1.19272 0.311006 0 
1.17264 0.122454 -6.91168e-21 
0.00120158 2.25434 -1.47929e-21 
0.00466102 2.24595 0 
0.0245602 1.98313 0 
0.340107 1.30302 -3.68129e-19 
0.37454 1.14931 -8.00072e-19 
0.209951 0.377582 1.4264e-18 
1.00588 -0.0108324 0 
1.00767 -0.00763597 5.0628e-19 
-0.0216978 1.32476 0 
-0.037501 1.32264 0 
1.00221 0.00351229 1.81051e-21 
1.00366 0.00946663 1.03369e-18 
-0.0183448 2.53803 1.00693e-20 
-0.0238394 2.58074 0 
0.0340766 3.17718 4.09331e-19 
0.391127 3.48466 0 
1.17348 0.662102 -5.82187e-20 
1.01286 0.0131339 -2.13694e-21 
1.02133 -0.0102972 0 
1.0017 0.000128366 7.84767e-23 
0.111499 1.3676 0 
0.144084 2.57033 0 
0.0251909 1.30784 0 
-0.000674821 2.62243 2.86194e-20 
-0.0217989 2.57965 4.37108e-21 
0.998705 0.0267455 1.63476e-21 
1.06302 0.00460672 0 
1.09745 0.0250228 0 
-0.0291534 1.73747 0 
-0.0186624 2.58111 0 
-0.0048588 1.30933 0 
0.312654 1.48048 -1.68388e-19 
1.0113 -0.00961964 0 
1.0094 -0.0149171 0 
1.00237 0.000751332 6.47029e-19 
1.00547 -0.00480205 -7.60451e-19 
1.00118 -0.000973132 0 
-0.0142223 1.46097 0 
-0.0070515 1.37249 0 
-0.00760721 1.4185 0 
-0.00858989 1.29713 0 
-0.0179522 1.28452 0 
-0.00944252 1.26658 0 
1.03501 -0.00606072 0 
1.01974 0.0156082 -8.2822e-22 
0.820515 1.27326 2.59412e-19 
1.00223 0.000318654 -6.44474e-19 
1.00406 0.00525883 7.54573e-19 
1.00118 0.0020738 0 
1.01274 0.0103551 6.41431e-19 
1.00799 0.00831135 -7.77188e-19 
1.00856 0.0146952 0 
-0.0238126 2.60905 0 
-0.0256398 2.58843 -1.80506e-20 
-0.0230865 2.60259 1.28683e-20 
1.23689 0.267166 5.82361e-19 
1.16189 0.0868141 0 
0.0407444 3.07827 -9.14449e-19 
0.0646198 2.85646 -6.65632e-20 
0.138507 3.19248 1.39723e-18 
0.133733 3.22007 -1.98434e-19 
0.133224 3.23112 0 
0.0187932 3.1374 2.36216e-19 
0.0742126 3.16002 9.01976e-19 
0.0669948 3.18525 -4.45278e-19 
0.0219227 3.12966 0 
0.593315 0.280613 0 
0.521909 0.301839 0 
1.14452 0.698156 1.33232e-19 
1.13867 0.819575 -1.18017e-19 
1.20134 0.584939 0 
1.22922 0.519633 0 
1.01605 0.0133697 -1.19564e-18 
1.01498 0.0142782 1.50089e-18 
1.02537 -0.00981526 0 
1.02343 -0.0118576 0 
1.00642 0.00262496 0 
1.01041 0.0037374 0 
1.00458 0.00186258 0 
1.00979 0.0062453 0 
1.00781 0.00596441 0 
1.00451 0.00471455 0 
0.100349 1.36576 0 
0.0953247 1.32941 0 
0.132663 1.40407 0 
0.150435 1.40839 0 
0.145725 2.59528 0 
0.185483 2.6652 -4.23739e-19 
0.101604 2.6508 0 
0.0853137 2.6537 1.98092e-19 
0.0385778 2.67667 -1.4891e-19 
0.0156176 1.32012 0 
0.021366 1.24425 0 
0.0180963 1.32935 0 
0.0336417 1.26749 0 
0.00343536 1.98431 2.63293e-21 
-0.0205621 2.60739 -1.78259e-20 
-0.00878509 2.66381 1.4261e-20 
-0.018742 2.68277 0 
-0.0233988 2.61326 -6.64035e-21 
-0.0235581 2.60813 1.19497e-20 
0.0122871 1.98279 8.20848e-22 
-0.00734911 2.39546 2.39162e-20 
-0.0134609 2.41746 -1.61737e-20 
1.00919 0.0386516 1.21085e-18 
1.0054 0.0169593 -1.51041e-18 
1.0037 0.0453274 -1.23423e-18 
0.976768 0.0347984 1.55263e-18 
1.06424 0.00841909 0 
1.04938 -0.0082644 0 
1.09441 0.0351845 0 
1.07437 0.0129721 0 
1.0722 0.000528805 0 
1.14038 0.0831469 0 
1.11186 0.0446296 0 
1.11558 0.0325172 0 
-0.0255609 2.43077 9.49532e-22 
-0.014151 2.01212 0 
-0.0168658 2.21537 0 
-0.0205451 2.60181 -1.04101e-20 
-0.0177534 2.61177 1.71978e-22 
0.00302343 1.5721 -3.48154e-20 
-0.00572176 1.50049 3.54657e-20 
-0.0149206 1.3894 0 
-0.0185299 1.39602 0 
-0.0235993 1.39074 0 
-0.00305995 1.31038 0 
0.00875966 1.23698 0 
0.38692 1.49807 2.73792e-19 
0.429925 1.49901 1.44739e-19 
0.597612 2.44486 -2.40339e-19 
0.398603 2.54203 7.07503e-19 
0.349873 2.05398 7.15815e-20 
1.02107 -0.00811412 0 
1.01551 -0.00974783 0 
1.01492 -0.0155033 0 
1.00741 -0.00108182 0 
1.00493 -0.000911343 0 
1.00778 -0.00469239 0 
1.00927 -0.00361577 0 
1.01422 -0.00437698 0 
1.0205 0.0163253 1.1714e-18 
1.01768 0.0155474 -1.4977e-18 
1.02077 0.0183445 -1.18027e-18 
1.01835 0.0162527 1.48075e-18 
0.784039 1.32455 0 
0.720645 1.37466 2.45794e-19 
0.895589 1.22375 9.67836e-20 
0.941374 1.16866 -1.28772e-19 
1.15469 2.6002 2.77784e-19 
0.770837 0.123068 5.99032e-19 
1.16347 0.108892 0 
1.21225 0.194352 -4.68582e-19 
1.19935 0.155245 -1.99326e-20 
1.0063 0.156741 0 
0.129908 2.95902 5.31941e-19 
0.106313 2.86524 -1.1579e-18 
0.0150815 2.37352 7.7467e-19 
0.0945356 -0.144449 -3.32551e-19 
0.336246 3.41466 -2.14826e-19 
0.191487 3.30914 0 
0.235154 3.34983 2.7978e-19 
0.240478 3.03141 -1.77674e-18 
0.333586 3.18948 0 
0.00688787 3.12079 4.62252e-20 
0.0174748 3.12948 -5.42782e-19 
0.0155009 3.12559 7.98887e-19 
0.0347502 3.13956 0 
0.032818 3.1504 0 
1.21071 2.59789 0 
0.544871 0.807601 -5.2844e-19 
1.06497 0.992796 -7.37441e-21 
0.999421 1.07762 0 
0.852457 0.973493 -1.1029e-19 
1.09024 0.893826 2.79718e-20 
0.317353 0.341035 -8.58792e-19 
0.661216 0.323126 -1.77038e-20 
0.56958 0.222623 4.08676e-19 
0.54875 0.338236 3.00751e-20 
0.440818 0.280611 -1.20875e-18 
0.622856 0.324733 0 
0.706462 0.4215 6.9621e-19 
0.710367 0.424653 0 
0.586612 0.339465 0 
0.520172 0.247992 0 
0.823806 0.622924 4.12155e-19 
1.23795 0.289454 -4.90334e-19 
1.23781 0.427985 0 
1.24625 0.368744 0 
0.691976 0.195385 6.20061e-19 
0.871424 0.551702 -3.77698e-19 
0.768668 0.52267 6.71617e-19 
0.961828 0.444466 -7.38467e-19 
1.01924 0.0149457 8.0305e-19 
1.01759 0.0143436 -8.08437e-19 
1.0159 0.0153923 0 
1.03648 -0.00560196 0 
1.02989 -0.00837722 -7.57267e-19 
1.02794 -0.0119634 7.49738e-19 
1.02486 0.0104832 0 
1.02338 0.014227 0 
1.01141 0.00415389 0 
1.0142 0.00914605 0 
1.01515 0.00416071 0 
1.01426 0.00288474 0 
0.0673022 1.3488 0 
0.0713522 1.29572 0 
0.148445 1.38591 1.12422e-20 
0.282826 1.47894 9.00053e-20 
0.178002 1.45 1.89745e-19 
0.211079 1.45489 -3.09155e-19 
0.174343 1.41046 0 
0.136917 1.59975 -7.19305e-20 
0.119241 1.57832 0 
0.346493 2.00393 -1.0408e-19 
0.342389 2.3396 6.1526e-19 
0.194256 1.46364 6.27021e-20 
0.269314 1.39606 2.35287e-20 
0.202851 1.38867 -1.90198e-20 
0.279034 1.33882 -1.03354e-19 
0.243893 1.5799 0 
0.267993 1.61702 1.12521e-19 
0.0309984 2.26113 -2.87633e-20 
0.0436937 2.66583 0 
0.0666976 2.39734 1.34697e-19 
0.0633492 2.41819 0 
0.0696411 2.66733 -2.19522e-19 
0.0491448 2.69591 0 
0.026316 1.43214 3.13301e-20 
0.0345637 1.4843 0 
0.0281992 1.39974 0 
0.023131 1.40411 -3.53519e-20 
0.000165501 2.65004 -1.72592e-20 
0.0295981 2.69522 1.67154e-19 
0.0100804 2.72025 1.17959e-21 
0.00307141 1.8354 -2.06692e-21 
-0.00250783 1.68858 -2.96439e-21 
0.0126122 1.29982 0 
0.0214892 1.22182 0 
0.0471352 1.59192 -2.66022e-20 
0.0309947 1.46593 -3.31514e-20 
0.036613 1.5304 4.12708e-20 
0.0406636 1.61598 0 
-0.0293226 2.27007 9.46608e-20 
-0.030374 2.54881 -3.9786e-20 
-0.0160913 2.44628 3.70997e-21 
-0.00340204 1.85148 2.50412e-21 
-0.0254043 2.4983 1.65394e-21 
-0.0205678 2.44183 1.82178e-21 
1.01859 0.021221 -8.04535e-19 
1.01414 0.0277127 8.03535e-19 
1.01336 0.0174596 0 
1.01137 0.0711343 1.12606e-18 
0.99177 0.059151 -1.26267e-18 
0.950442 0.0553692 1.41159e-18 
1.01401 0.112341 -1.50375e-19 
1.0429 -0.00559812 0 
1.05129 -0.0012306 7.22222e-19 
1.03918 -0.00977303 -7.23705e-19 
1.07173 0.0427787 -4.2944e-20 
1.06489 0.0241157 3.70315e-19 
1.06346 0.0569833 0 
1.0538 0.0502752 -1.33173e-19 
1.03258 0.0432784 0 
1.02584 0.0399028 0 
1.02784 0.0135803 0 
1.0238 0.0162237 0 
1.04028 0.0329166 2.74331e-19 
1.03906 0.0277942 -6.06706e-19 
1.05122 0.0345306 -2.90718e-19 
1.04837 0.0345963 -3.20258e-19 
1.07151 0.065223 6.24669e-19 
1.09701 0.0529236 0 
1.10591 0.0970198 0 
-0.0249984 2.27517 5.3021e-20 
-0.0240102 2.01769 7.01032e-22 
-0.0201133 2.02514 0 
-0.0266505 2.44439 -5.27816e-20 
-0.0215186 2.40038 -1.60592e-21 
-0.0329465 2.47204 5.17646e-21 
-0.0208263 2.62079 -1.08542e-20 
-0.0229389 2.56246 -1.33365e-23 
-0.0212748 2.51404 -2.7762e-21 
-0.0159092 2.61475 9.79078e-21 
-0.0209638 2.61671 -1.03676e-20 
-0.00549408 1.49327 -5.89882e-22 
0.00390124 1.6206 -3.26581e-20 
0.372176 1.44578 -1.15849e-19 
0.371818 1.38097 3.65631e-20 
0.6613 1.42531 -2.37757e-19 
0.529055 1.492 -1.42451e-19 
0.587322 1.45777 0 
0.593424 2.42184 2.07047e-19 
0.661757 2.41711 3.37633e-19 
0.41131 2.51152 8.77643e-20 
0.402671 2.536 -6.10039e-19 
0.510367 2.47727 6.14226e-19 
0.553305 2.45865 0 
0.488192 2.51622 -5.59592e-19 
0.248618 2.58878 1.14433e-18 
0.354878 2.56076 -7.7572e-20 
0.284134 2.65047 -1.58732e-18 
0.948001 2.37489 7.26862e-19 
0.838225 2.38003 0 
1.01107 0.000522106 2.62468e-20 
1.01535 -0.00537872 -2.12916e-20 
1.01767 -0.00348797 -3.88876e-19 
1.01503 -0.000848985 3.9096e-19 
1.01245 0.00124657 0 
0.646953 1.29015 0 
0.669446 1.18412 0 
0.783326 1.10295 0 
0.662497 1.14753 0 
1.18474 2.61378 5.97354e-20 
1.07274 2.36094 0 
0.834409 2.1664 3.82831e-21 
0.823858 2.43145 0 
0.921835 2.52512 -4.21985e-19 
0.957038 2.48126 2.80714e-19 
0.798717 0.182845 0 
0.743675 0.155446 1.62738e-19 
0.90938 0.151894 9.47118e-19 
0.824936 0.155913 -3.54382e-19 
0.78044 0.0912193 -1.09471e-18 
1.08224 0.240634 -8.9259e-19 
0.999653 0.302773 -1.73922e-20 
0.929549 0.306259 8.60565e-19 
1.00797 0.233279 7.21376e-19 
0.948789 0.197987 -1.25367e-18 
0.911875 0.202458 1.56787e-19 
0.950612 0.268332 -3.32619e-19 
0.927502 0.229538 0 
0.995808 0.194216 6.18215e-19 
1.04746 0.193753 0 
1.04494 0.221891 0 
1.10734 0.121079 2.89894e-19 
1.07165 0.18069 -1.49863e-20 
1.07582 0.240784 -1.57791e-19 
1.10187 0.206911 0 
1.0234 0.0466009 6.16924e-19 
1.03917 0.0602455 7.71618e-19 
1.03461 0.0462721 -6.12137e-19 
1.0432 0.0678316 -5.17305e-19 
1.02098 0.0758629 -7.93297e-19 
0.98624 0.160549 0 
0.991692 0.106298 0 
0.964809 0.0729358 -5.0176e-19 
0.905534 0.0977057 1.99271e-19 
1.03981 0.107702 7.16033e-19 
1.06969 0.124655 -8.36154e-19 
1.07626 0.157048 7.46675e-19 
1.03089 0.150116 0 
1.07538 0.112173 0 
1.05476 0.0933022 -3.42736e-19 
1.04334 0.0973139 -5.84872e-19 
0.578728 1.05692 1.39478e-19 
0.604963 1.38321 -4.0994e-20 
1.15461 2.72966 -2.26781e-19 
1.22042 3.07189 1.82102e-21 
1.24647 2.71263 -1.22995e-19 
1.27515 2.69591 -3.23299e-20 
1.2026 2.33618 -1.09943e-20 
1.20808 2.97576 -9.29354e-20 
1.22812 2.94124 2.33597e-19 
1.21062 3.22482 -1.4319e-19 
1.37037 2.95578 1.97876e-19 
1.35914 2.87387 0 
0.56146 0.8163 -5.02463e-20 
0.112544 1.2286 5.69273e-19 
0.554577 0.366879 5.606e-19 
0.392724 0.114264 6.10437e-19 
0.483381 0.320953 6.84637e-19 
0.543995 0.437809 -1.10479e-18 
0.546225 0.434497 9.04273e-19 
0.46894 0.324639 -3.43396e-19 
0.351521 0.253398 7.78357e-19 
0.714593 0.268047 -3.57928e-19 
0.674601 0.292108 0 
0.620113 0.208204 6.99375e-21 
0.741243 0.505977 3.66598e-19 
0.717643 0.476731 -1.33387e-18 
0.621549 0.447186 1.17504e-20 
0.620531 0.437435 0 
0.690919 0.71863 3.97224e-19 
0.852285 0.77801 3.96032e-19 
0.776098 0.860938 -4.63379e-19 
0.898492 0.815628 -1.55046e-19 
0.929742 0.860855 -3.7522e-20 
0.936829 0.860642 3.84254e-20 
0.865048 0.657773 -6.82322e-19 
0.945145 0.711686 1.43984e-19 
1.00467 0.727238 0 
0.99563 0.703901 -1.94627e-19 
1.02925 0.342982 2.12633e-19 
1.14891 0.305482 2.88481e-19 
1.07004 0.277889 3.64843e-19 
1.01809 0.375327 -4.31387e-19 
1.06672 0.437884 0 
1.12258 0.420578 0 
0.923835 0.378922 1.89924e-21 
0.841015 0.314731 0 
0.885108 0.310493 4.06705e-19 
0.910911 0.31469 -7.70869e-21 
0.955812 0.447705 2.05715e-18 
0.91645 0.503005 5.29851e-19 
0.921734 0.470028 -5.6451e-19 
0.838496 0.455869 6.05267e-19 
0.822214 0.448312 3.62704e-19 
0.792655 0.430886 -3.56819e-19 
1.02739 -0.000222757 6.47799e-19 
1.02 7.59444e-05 0 
1.01853 0.00100321 4.22403e-19 
1.02173 -0.00153818 -9.56853e-19 
1.02235 0.00449673 4.64848e-19 
1.02032 0.0115168 -9.73425e-19 
1.02122 0.010882 0 
1.02046 0.0110964 -2.02885e-19 
1.01594 0.00784327 5.08988e-19 
1.0166 0.0106261 -2.53975e-19 
1.0173 0.00997665 1.87036e-19 
0.027592 1.3223 0 
0.0339855 1.37396 0 
0.0442276 1.32401 0 
0.0484885 1.27304 0 
0.0736016 1.39801 -5.11142e-20 
0.0806141 1.36545 2.25389e-20 
0.118632 1.54238 -1.28689e-20 
0.102693 1.38862 -6.96643e-21 
0.0363264 1.47178 1.66433e-20 
0.0404313 1.46565 -1.2726e-20 
0.0646352 1.38339 -9.59364e-21 
0.0561315 1.38456 4.55579e-20 
0.0481915 1.35938 6.71996e-21 
0.0395843 1.38147 3.50884e-21 
0.107916 2.36598 -1.48698e-19 
0.0969034 2.41401 0 
0.171361 2.04044 1.07947e-19 
0.114374 1.70732 3.8897e-20 
0.234355 2.03561 -8.98205e-20 
0.201035 2.42681 0 
0.263051 2.37672 -6.05983e-19 
0.303187 2.37437 4.28293e-19 
0.230319 1.99607 -2.49205e-19 
0.156021 2.15522 1.69827e-19 
0.142179 2.26253 0 
0.0187688 1.87934 5.59596e-21 
3.6303e-05 2.3913 -3.42228e-20 
0.00637862 2.14896 0 
0.0115002 2.45424 -1.36348e-20 
0.0285531 2.29768 8.83982e-21 
0.0149525 1.41203 -6.61007e-21 
0.0135132 1.39528 1.1145e-19 
0.0134379 1.40114 -3.65081e-20 
0.0206647 1.40436 -3.1386e-20 
0.0249442 1.43583 0 
0.0096795 1.38281 0 
0.00213593 1.29588 -4.4726e-20 
0.0057124 1.37453 1.25603e-20 
0.00928183 1.37472 0 
0.00850591 1.28861 -3.38496e-20 
0.0182251 1.21338 6.85529e-20 
1.0408 0.012081 0 
1.04699 0.00831341 -6.77594e-20 
1.03868 0.0222012 -4.89162e-19 
1.04849 0.0210509 0 
1.05246 0.0209286 0 
1.03634 0.0122796 -6.84535e-21 
1.03097 0.0120979 7.86211e-19 
1.03164 0.0170844 9.53134e-19 
1.02543 0.0209676 0 
1.02215 0.0213278 0 
1.03518 0.0259485 4.87809e-19 
1.02545 0.0277397 0 
1.02352 0.0278361 0 
-0.0182689 2.02252 0 
0.00113221 1.65128 -4.34727e-21 
-0.00467992 1.75914 -3.01165e-20 
-0.000584166 1.38406 0 
-0.00672096 1.55181 -1.75606e-20 
-0.00837413 1.46127 1.11924e-20 
-0.00467725 1.39736 0 
0.389052 1.64505 0 
0.374489 1.3077 -7.17507e-20 
0.301493 1.34147 0 
0.426625 1.30582 6.97449e-21 
0.476704 1.4693 0 
0.457117 1.41394 2.49546e-20 
1.03648 2.67584 -1.53664e-20 
0.968455 2.40367 -9.1355e-19 
0.921501 2.19181 1.02491e-18 
0.852231 2.37194 2.42096e-19 
0.847875 2.48548 0 
0.917628 2.48169 0 
0.931349 2.36843 0 
0.910292 2.35756 -9.44487e-19 
0.687119 2.44954 -3.94645e-19 
0.800188 2.43907 -9.773e-20 
0.810495 2.41321 7.42639e-20 
0.695661 2.39025 0 
0.800844 2.38549 0 
0.759037 2.39892 -3.68766e-19 
0.767762 2.47527 0 
0.628698 1.0936 0 
0.480619 0.902558 -5.10575e-19 
0.565631 0.945758 -3.23298e-20 
0.519093 1.03561 0 
0.519544 0.979478 7.64824e-19 
0.796893 0.883888 -1.30294e-19 
0.806829 1.0204 0 
0.781824 0.986801 1.86317e-19 
0.665257 1.03393 0 
0.666767 0.935992 0 
1.16358 2.75263 -2.29691e-19 
1.14102 2.81597 -9.69687e-20 
0.929147 2.33067 1.00107e-19 
0.896972 2.30997 -8.32399e-20 
1.12913 2.72557 0 
1.08295 2.69504 1.00147e-19 
1.0891 2.47891 -3.13749e-19 
0.98359 2.23168 -3.0393e-20 
0.492372 1.33179 0 
0.507903 1.06156 -1.22938e-19 
0.575399 1.16734 0 
0.85444 0.247889 0 
0.762864 0.197275 0 
0.677414 0.155536 0 
0.845405 0.2499 -6.4016e-19 
0.735954 0.240592 3.73429e-19 
0.922718 0.0884825 -4.10864e-19 
0.928415 0.131567 0 
0.915006 0.141011 1.77468e-19 
0.851126 0.118334 7.09972e-19 
0.816094 0.0788905 -4.44661e-19 
1.15595 3.34986 -7.18705e-19 
1.2049 3.26932 0 
1.1536 3.37875 -1.48857e-18 
0.64198 3.54018 1.26313e-18 
0.863838 3.10878 7.23394e-20 
0.521389 0.805034 6.04685e-19 
0.424708 0.802031 0 
0.310689 0.397017 -1.49234e-19 
0.470278 0.653413 8.57625e-19 
0.557595 0.36988 -1.97182e-19 
0.51422 0.469093 2.31819e-19 
0.673225 0.512509 4.95022e-19 
0.71113 0.54947 0 
0.661504 0.578535 0 
0.625205 0.528344 0 
1.00642 0.613689 8.93434e-20 
0.921354 0.552562 -5.15838e-19 
0.946652 0.584432 3.88979e-19 
0.977667 0.524208 -3.99085e-19 
1.08509 0.493751 0 
1.0936 0.584333 -9.74213e-20 
0.858686 0.408891 -8.3147e-19 
0.858045 0.398119 -1.03176e-18 
0.794072 0.392916 6.48082e-19 
0.805021 0.370505 -6.58177e-19 
0.846234 0.333353 -5.19981e-19 
0.794503 0.335437 6.36332e-19 
1.02667 0.00607052 -4.93743e-19 
1.02637 0.00629233 1.00383e-18 
1.02944 0.000227759 6.27763e-19 
1.03367 0.00114018 -7.56014e-19 
1.03379 0.00928855 0 
1.03004 0.00998709 -1.23116e-18 
0.0642105 1.64396 1.94643e-20 
0.0499798 1.5898 0 
0.0898593 1.69368 1.18739e-19 
0.099126 1.67527 -1.04314e-19 
0.092787 1.54892 2.41108e-20 
0.0926765 1.54592 0 
0.011188 1.68459 0 
-0.00390832 1.49168 6.77568e-21 
-0.00199139 1.43752 -6.0949e-21 
-0.00731869 1.54855 5.41418e-21 
0.00171946 1.88354 1.00971e-20 
-0.010147 1.93668 -1.33876e-21 
0.496754 1.35838 -2.75582e-19 
0.490331 1.35888 3.02729e-19 
0.453456 1.30136 -3.12155e-20 
0.436653 1.28493 7.76417e-21 
0.639129 1.30766 0 
0.555376 1.39784 1.05033e-19 
0.570436 1.4055 -1.02243e-19 
0.467138 1.2902 3.04167e-20 
0.520991 1.24064 0 
0.572571 1.20329 0 
0.654075 2.40912 5.79731e-19 
0.669661 2.45051 1.26059e-18 
0.714107 2.4612 -8.68587e-19 
0.610363 2.43518 -2.01943e-19 
0.560198 2.52553 2.83791e-19 
0.509434 2.50027 -7.57199e-19 
0.978215 2.37515 -5.73558e-19 
1.01247 2.38736 0 
0.925728 2.16984 -6.59433e-19 
1.0539 2.67404 0 
1.05617 2.66063 0 
0.599919 2.25876 -1.25052e-19 
1.03707 3.15458 1.30026e-19 
0.908138 3.02497 -3.36175e-20 
0.265683 0.854228 0 
0.293419 0.699267 -3.17206e-19 
0.462759 0.658625 -3.18729e-19 
0.379702 2.00329 0 
0.462424 2.77925 -5.03565e-20 
0.416304 2.54183 0 
0.713323 0.668471 -8.39543e-19 
0.797365 0.684009 1.1268e-18 
0.817971 0.625675 -1.11339e-18 
0.691153 0.63159 -1.07763e-19 
0.746032 0.588755 -4.42211e-19 
1.00085 2.75399 -9.88872e-20 
1.04143 2.81481 -1.64153e-19 
0.632508 2.1239 6.92954e-19 
0.585324 1.69191 -4.93759e-19 
0.694211 1.89056 -4.05778e-19 
0.986985 2.43777 -1.12899e-19 
0.993753 2.43087 2.95478e-19 
0.650614 1.82475 2.81899e-20 
0.44189 1.31235 1.43968e-19 
))
(300 (2 10 3 0 0 919 1018)(
0 0 0 
0 0 0 
0 0 0 
0 0 0 
0 0 0 
0 0 0 
0 0 0 
0 0 0 
0 0 0 
0 0 0 
0 0 0 
0 0 0 
0 0 0 
0 0 0 
0 0 0 
0 0 0 
0 0 0 
0 0 0 
0 0 0 
0 0 0 
0 0 0 
0 0 0 
0 0 0 
0 0 0 
0 0 0 
0 0 0 
0 0 0 
0 0 0 
0 0 0 
0 0 0 
0 0 0 
0 0 0 
0 0 0 
0 0 0 
0 0 0 
0 0 0 
0 0 0 
0 0 0 
0 0 0 
0 0 0 
0 0 0 
0 0 0 
0 0 0 
0 0 0 
0 0 0 
0 0 0 
0 0 0 
0 0 0 
0 0 0 
0 0 0 
0 0 0 
0 0 0 
0 0 0 
0 0 0 
0 0 0 
0 0 0 
0 0 0 
0 0 0 
0 0 0 
0 0 0 
0 0 0 
0 0 0 
0 0 0 
0 0 0 
0 0 0 
0 0 0 
0 0 0 
0 0 0 
0 0 0 
0 0 0 
0 0 0 
0 0 0 
0 0 0 
0 0 0 
0 0 0 
0 0 0 
0 0 0 
0 0 0 
0 0 0 
0 0 0 
0 0 0 
0 0 0 
0 0 0 
0 0 0 
0 0 0 
0 0 0 
0 0 0 
0 0 0 
0 0 0 
0 0 0 
0 0 0 
0 0 0 
0 0 0 
0 0 0 
0 0 0 
0 0 0 
0 0 0 
0 0 0 
0 0 0 
0 0 0 
))
(300 (2 11 3 0 0 1019 1026)(
1 0 0 
1 0 0 
1 0 0 
1 0 0 
1 0 0 
1 0 0 
1 0 0 
1 0 0 
))
(300 (2 12 3 0 0 1027 1030)(
0 3 0 
0 3 0 
0 3 0 
0 3 0 
))
(300 (2 13 3 0 0 1031 1038)(
0.00874144 0.889293 0 
-0.0118757 2.06082 3.77188e-20 
-0.0161257 1.18033 0 
-0.0140549 2.59552 0 
-0.0256107 1.98675 0 
-0.00239431 1.37326 0 
-0.0173027 1.52895 0 
-0.0197982 2.39199 0 
))
(300 (2 14 3 0 0 1039 1072)(
0 0 0 
0 0 0 
0 0 0 
0 0 0 
0 0 0 
0 0 0 
0 0 0 
0 0 0 
0 0 0 
0 0 0 
0 0 0 
0 0 0 
0 0 0 
0 0 0 
0 0 0 
0 0 0 
0 0 0 
0 0 0 
0 0 0 
0 0 0 
0 0 0 
0 0 0 
0 0 0 
0 0 0 
0 0 0 
0 0 0 
0 0 0 
0 0 0 
0 0 0 
0 0 0 
0 0 0 
0 0 0 
0 0 0 
0 0 0 
))
(300 (2 15 3 0 0 1073 1072)(
))
