(0 "FOAM to Fluent data File")

(33 (918 3444 1074))
(300 (1 1 1 0 0 1 918)(
0.254412
0.940142
0.00957189
0.253463
-0.00105736
0.907233
-0.812718
0.435817
0.234453
-0.405959
-0.00934114
0.223819
0.767844
0.533357
-1.43983
0.00869838
0.390442
-0.685799
0.233237
0.000430701
0.511741
0.241205
0.244174
0.234721
0.293593
0.523838
0.64829
0.00236187
-0.00191307
-0.00350411
0.00397362
-0.00526328
0.00159815
0.790863
0.841961
0.864624
0.204059
0.0332813
-0.661703
-0.740992
-0.725695
-0.86398
0.423566
0.428071
-0.459822
0.439019
0.454774
0.221938
0.233733
0.234619
0.23599
0.23481
0.236246
0.152143
-0.434252
-0.458495
-0.369209
-0.317347
0.0326209
-0.0227948
-0.0422792
0.00476784
0.0046582
0.162021
0.220606
0.219519
0.229518
0.238985
0.879689
0.851588
0.877719
0.791484
0.807944
0.745791
0.718239
0.554526
0.576093
0.517851
0.506482
-1.88281
-2.85632
-0.83774
-0.577598
0.00039385
0.0131607
0.0182865
0.376749
0.385273
0.386959
0.39885
0.805825
-0.677032
-0.806263
0.233214
0.231927
0.240673
0.241303
0.237297
0.23639
0.00757457
0.0132975
-0.00928213
-0.00215797
-0.00348803
0.494033
0.489708
0.235231
0.232269
0.246867
0.268823
0.257784
0.00509211
0.304955
0.326928
0.327853
0.504118
0.503288
0.510306
0.621818
0.584276
0.685593
0.709012
0.0121869
0.00347189
0.00541173
0.00447263
0.00457901
0.199811
0.192742
0.216661
0.207372
0.209613
-0.0508816
-0.186112
0.117941
0.140801
-0.568486
-0.635991
-0.739574
-0.75718
-0.894582
0.24858
0.411307
0.414914
-0.475077
-0.391843
-0.539991
-0.318349
-0.390777
0.213568
0.219721
0.215281
0.22951
0.224033
0.226045
0.237962
0.235024
0.236597
0.216165
0.318842
0.0975901
0.074933
-0.556106
-0.477318
-0.547532
-0.253411
-0.199832
0.0247754
0.0169302
0.0167897
0.0279502
-0.152847
-0.0687306
-0.111349
0.0113272
0.010721
0.155186
0.14619
0.17071
0.176951
0.211995
0.212983
0.216655
0.214814
0.668974
0.691438
0.698851
0.672507
-3.86795
-6.69158
-0.243356
-0.0988434
0.00288874
0.00264036
0.00178528
0.00393414
0.00262355
0.00108449
0.0193602
0.0183595
0.0187651
0.0215412
0.360398
0.365414
0.726546
0.71425
0.711446
0.672555
0.221183
0.22322
0.22901
0.224861
0.0158579
0.0163696
0.0164262
0.455908
0.475782
0.473517
-0.030164
-0.118586
0.0523071
0.0788019
0.347523
0.332522
0.349655
0.392669
0.428984
0.716472
0.734762
0.733066
0.741453
0.785453
0.801827
0.767166
0.181996
0.188776
0.185224
0.220442
0.218017
0.218765
0.212726
0.215302
0.211971
-0.3402
-0.726381
0.2048
0.218328
0.184402
0.190417
0.339225
0.41155
0.392058
0.402675
0.405829
-0.254537
-0.320934
0.0302577
0.0171187
0.103751
0.13515
0.119023
0.640192
0.60044
0.650429
0.623985
0.585434
0.611699
-0.678412
-2.20876
-1.30919
0.267935
0.0725286
0.164472
0.0309072
0.0169699
0.0233771
0.684847
0.755814
0.390637
0.58644
0.568877
0.470873
0.502337
0.557335
0.478751
0.515898
0.554639
0.536131
0.201589
0.202568
0.179114
0.479967
0.537328
-0.144404
-0.192659
-0.249469
-0.00794683
0.000108841
0.00404926
0.722232
0.602333
0.683924
0.232131
0.232802
0.0122508
0.0212654
0.236712
0.236628
0.00631845
0.00622035
0.144438
-1.15268
-0.149118
0.225204
0.21577
0.232325
-0.439176
0.0602946
-0.0325723
0.106027
0.0682243
0.223259
0.171491
0.138075
0.00644951
0.0163805
0.00269061
-0.515775
0.229819
0.228161
0.231941
0.232954
0.23365
0.00713376
0.00862349
0.00616463
0.00337443
0.00467183
0.00150631
0.198722
0.213021
-0.462046
0.231867
0.234148
0.233876
0.227036
0.232492
0.230743
0.0127855
0.00751521
0.00723244
-0.0435509
0.0705232
0.403217
0.51372
0.354356
0.125431
-0.120973
0.298162
0.367662
0.26365
0.43246
0.39602
0.422847
-0.0893517
-0.235996
-0.0825754
-0.139601
0.222875
0.221522
0.214096
0.212052
0.227258
0.22543
0.229825
0.226901
0.229644
0.231074
-0.451414
-0.362495
-0.442934
-0.453512
0.00783195
0.292284
-0.0793687
0.0274349
0.00172185
-0.015097
-0.00110981
-0.0555975
-0.0674437
0.000670518
0.0548407
0.0840824
0.0353308
0.0612414
0.0232202
0.00352169
0.0281478
0.0121338
0.217985
0.214815
0.222434
0.229343
0.179002
0.181559
0.153725
0.16923
0.158674
0.1026
0.135247
0.11407
0.00675104
0.00775945
0.0055637
0.0195179
0.0206257
0.00813642
0.00778774
0.0126863
0.00819372
0.00731748
0.00618495
0.0117521
-0.479329
-0.585614
0.689237
0.640472
-0.0497113
0.218938
0.22536
0.222151
0.226726
0.23
0.230828
0.228699
0.225049
0.213638
0.215714
0.21177
0.211379
-0.406995
-0.539917
-0.358981
-0.421055
-0.160262
0.337348
0.0826699
0.0238738
0.0195541
0.229025
0.61459
0.426501
0.466347
0.493229
-0.652842
-0.249752
-0.581918
0.0340367
-0.148421
0.402665
0.455604
0.47812
0.423923
0.372181
-0.413151
0.225191
-0.333679
-0.293274
-0.104916
-0.204033
0.448816
0.380105
0.387748
0.412915
0.437534
0.388342
0.368791
0.365243
0.40196
0.406315
0.203186
-0.010986
-0.0573169
-0.092569
0.368406
0.242982
0.299404
0.21739
0.217458
0.22076
0.219275
0.202739
0.209903
0.205824
0.209632
0.213127
0.22303
0.222674
0.218398
0.22086
-0.296272
-0.254234
-0.431343
-0.443255
-0.461046
-0.495467
-0.416719
-0.517329
-0.646171
-0.0216645
0.0217929
-0.416754
-0.380134
-0.38571
-0.343274
-0.178942
-0.102724
-0.190785
-0.00812264
-0.17112
-0.135476
-0.0119199
-0.0216769
-0.0356519
-0.0506795
-0.121962
-0.0608293
0.0562323
0.00183604
0.0145599
0.0216393
0.0144794
0.000801294
0.007947
-0.150983
-0.160288
-0.123652
-0.199714
0.0168068
0.0197604
0.0225543
0.0260443
0.0328088
0.0341046
0.210744
0.211398
0.210417
0.225402
0.236608
0.251436
0.219783
0.197528
0.189899
0.190327
0.168659
0.175979
0.173828
0.185032
0.202458
0.210023
0.207749
0.210587
0.196119
0.1975
0.185629
0.189413
0.169902
0.152636
0.142785
0.0127653
0.0080682
0.00903797
0.00995926
0.00795982
0.00856214
0.0337959
0.0289658
0.0329579
0.0255728
0.0212099
0.0144503
0.0131823
-0.391173
-0.303995
-0.487157
-0.522932
-0.585536
0.594438
0.722407
0.545016
0.298259
0.320041
0.542068
0.666515
0.276666
0.461587
0.514829
0.199558
0.49878
0.223501
0.223246
0.22132
0.220151
0.221311
-0.310736
-0.209619
-0.200112
-0.146584
-0.0292118
0.0842443
-0.0180147
-0.153456
-0.00821954
0.00509258
0.33223
0.346479
0.290419
0.317277
0.316914
0.144617
0.218247
0.274157
0.228639
0.270193
0.292052
0.25742
0.284179
0.231511
0.191491
0.190529
0.139842
0.157459
0.134931
0.118726
0.212931
0.193392
0.202621
0.195238
0.214074
0.242054
0.236971
0.259495
0.273347
0.20197
0.164966
0.173177
0.199739
0.163477
0.175191
0.188695
-0.0832998
-0.173513
-0.0971486
-0.400752
-0.306923
-0.322079
-0.368653
-0.331159
-0.0424425
-0.753593
-0.716102
-1.35448
0.164376
0.646229
0.399561
0.369234
0.434562
0.409826
0.410508
0.446191
0.453943
0.356597
0.373387
0.375442
0.33212
0.3577
0.385362
0.383385
0.206737
0.0934455
0.07981
0.0503557
-0.0686543
-0.0386739
0.161513
0.083989
0.0146149
0.0212305
0.179093
0.0757554
0.137582
0.173075
0.107281
0.0655573
0.257804
0.326416
0.315931
0.290656
0.207359
0.220247
0.243586
0.278683
0.305914
0.338497
0.211345
0.215899
0.216828
0.215038
0.211982
0.214662
0.214529
0.21727
0.218249
0.220974
0.220108
-0.109876
-0.140638
-0.21051
-0.149307
-0.520209
-0.553166
-0.582212
-0.507102
-0.208384
-0.255633
-0.402349
-0.314695
-0.240203
-0.20463
-0.358505
-0.32
-0.322736
-0.45035
-0.0749012
0.0794686
0.183509
0.0739345
-0.13025
-0.100433
-0.063864
-0.105163
-0.00818744
-0.00862424
-0.0487912
-0.102701
0.00229649
-0.00276402
-0.00568042
0.000304996
-0.0107927
0.000989772
0.0130008
0.0109807
0.0101762
0.0100609
0.0126828
0.200221
0.19342
0.192936
0.189048
0.188645
0.198079
0.202756
0.20438
0.20887
0.210721
0.202916
0.207451
0.210091
0.020751
0.0181828
0.0214548
0.0112606
0.0142375
0.0144897
0.0115341
-0.188022
-0.211967
-0.177985
-0.292929
-0.418559
-0.373548
0.1499
0.12202
0.166834
0.372464
0.235014
0.146951
0.210846
0.322071
-0.0520412
0.165155
-0.0205319
0.580173
0.456253
0.594626
0.243054
-0.0742335
0.0681409
0.124781
-0.069146
0.00308836
0.0202143
-0.0869672
-0.0535521
-0.0245071
0.0717506
-0.0425067
-0.0671127
-0.316945
-0.143024
-0.00586659
-0.0278952
0.101078
0.162579
-0.0686368
-0.132952
-0.178479
0.320102
0.340968
0.358128
0.327173
0.352213
0.278068
0.26997
0.287451
0.29817
0.292037
-1.08917
-0.802738
-1.74273
-1.05731
-0.616014
0.19015
0.151025
0.430196
0.328693
0.411636
0.395384
0.35944
0.322603
0.328512
0.365731
0.0756663
0.181187
0.157773
0.16141
0.0688191
0.00579868
0.291824
0.286084
0.321125
0.345713
0.314868
0.347304
0.208299
0.207636
0.208755
0.20524
0.205065
0.206191
-0.336723
-0.296725
-0.411353
-0.44134
-0.497048
-0.454204
0.0270615
0.0142102
0.0130002
0.0145777
0.0269684
0.0282663
-0.162259
-0.209662
-0.273014
-0.252407
-0.309493
-0.371603
-0.390206
-0.292631
-0.215204
-0.217339
0.109215
0.368442
0.190279
0.369672
0.233086
0.279809
0.171742
0.165959
0.20045
0.0644279
0.132423
-0.129225
-0.617041
-0.529268
0.443426
0.463355
0.244958
0.0459865
-0.17393
0.0257012
0.240623
0.181728
0.22196
0.288366
0.281147
-0.323249
-0.243434
-0.0200041
0.211613
-0.078433
-0.0925901
-0.0951009
0.0672385
0.000280942
))
(300 (1 10 1 0 0 919 1018)(
0.254412
0.940142
0.00957189
0.253463
0.907233
-0.812718
0.435817
-0.405959
-0.00934114
0.223819
0.767844
0.533357
-1.43983
0.390442
-0.685799
0.233237
0.000430701
0.511741
0.234721
0.293593
0.523838
0.64829
0.00236187
0.790863
0.204059
-0.740992
-0.86398
0.428071
-0.459822
0.454774
0.221938
-0.458495
-0.317347
-0.0422792
0.0046582
0.162021
0.219519
0.238985
0.807944
0.718239
0.576093
0.506482
-2.85632
-0.577598
0.385273
0.39885
-0.806263
0.231927
0.23639
0.0132975
-0.00348803
0.489708
0.232269
0.257784
0.00509211
0.326928
0.327853
0.510306
0.584276
0.709012
0.192742
0.216661
0.209613
-0.635991
-0.894582
0.414914
-0.539991
-0.390777
0.215281
0.226045
-0.547532
-0.199832
-0.111349
0.010721
0.14619
0.176951
0.211995
0.214814
0.672507
-0.0988434
0.365414
0.221183
0.224861
0.0164262
0.473517
-0.118586
0.0788019
0.349655
0.428984
0.741453
0.185224
0.218765
0.211971
0.405829
-0.320934
0.119023
0.623985
0.164472
0.515898
-0.249469
))
(300 (1 11 1 0 0 919 926)(
0.254412
0.253463
0.234453
0.241205
0.234619
0.236246
0.240673
0.236597
))
(300 (1 12 1 0 0 919 922)(
0.940142
0.907233
0.864624
0.877719
))
(300 (1 13 1 0 0 919 926)(
0
0
0
0
0
0
0
0
))
(300 (1 14 1 0 0 919 952)(
-0.00105736
0.00869838
0.00159815
0.0332813
0.152143
0.0326209
0.0182865
0.805825
0.00457901
-0.186112
0.140801
0.24858
0.318842
0.074933
0.0169302
0.0279502
-6.69158
0.0193602
0.0215412
0.71425
0.672555
-0.726381
0.2048
0.190417
0.41155
0.0171187
-1.30919
0.0233771
0.755814
0.568877
0.179114
0.537328
0.00404926
0.683924
))
(300 (1 15 1 0 0 919 2754)(
0.254412
0.254412
0.940142
0.940142
0.00957189
0.00957189
0.253463
0.253463
-0.00105736
-0.00105736
0.907233
0.907233
-0.812718
-0.812718
0.435817
0.435817
0.234453
0.234453
-0.405959
-0.405959
-0.00934114
-0.00934114
0.223819
0.223819
0.767844
0.767844
0.533357
0.533357
-1.43983
-1.43983
0.00869838
0.00869838
0.390442
0.390442
-0.685799
-0.685799
0.233237
0.233237
0.000430701
0.000430701
0.511741
0.511741
0.241205
0.241205
0.244174
0.244174
0.234721
0.234721
0.293593
0.293593
0.523838
0.523838
0.64829
0.64829
0.00236187
0.00236187
-0.00191307
-0.00191307
-0.00350411
-0.00350411
0.00397362
0.00397362
-0.00526328
-0.00526328
0.00159815
0.00159815
0.790863
0.790863
0.841961
0.841961
0.864624
0.864624
0.204059
0.204059
0.0332813
0.0332813
-0.661703
-0.661703
-0.740992
-0.740992
-0.725695
-0.725695
-0.86398
-0.86398
0.423566
0.423566
0.428071
0.428071
-0.459822
-0.459822
0.439019
0.439019
0.454774
0.454774
0.221938
0.221938
0.233733
0.233733
0.234619
0.234619
0.23599
0.23599
0.23481
0.23481
0.236246
0.236246
0.152143
0.152143
-0.434252
-0.434252
-0.458495
-0.458495
-0.369209
-0.369209
-0.317347
-0.317347
0.0326209
0.0326209
-0.0227948
-0.0227948
-0.0422792
-0.0422792
0.00476784
0.00476784
0.0046582
0.0046582
0.162021
0.162021
0.220606
0.220606
0.219519
0.219519
0.229518
0.229518
0.238985
0.238985
0.879689
0.879689
0.851588
0.851588
0.877719
0.877719
0.791484
0.791484
0.807944
0.807944
0.745791
0.745791
0.718239
0.718239
0.554526
0.554526
0.576093
0.576093
0.517851
0.517851
0.506482
0.506482
-1.88281
-1.88281
-2.85632
-2.85632
-0.83774
-0.83774
-0.577598
-0.577598
0.00039385
0.00039385
0.0131607
0.0131607
0.0182865
0.0182865
0.376749
0.376749
0.385273
0.385273
0.386959
0.386959
0.39885
0.39885
0.805825
0.805825
-0.677032
-0.677032
-0.806263
-0.806263
0.233214
0.233214
0.231927
0.231927
0.240673
0.240673
0.241303
0.241303
0.237297
0.237297
0.23639
0.23639
0.00757457
0.00757457
0.0132975
0.0132975
-0.00928213
-0.00928213
-0.00215797
-0.00215797
-0.00348803
-0.00348803
0.494033
0.494033
0.489708
0.489708
0.235231
0.235231
0.232269
0.232269
0.246867
0.246867
0.268823
0.268823
0.257784
0.257784
0.00509211
0.00509211
0.304955
0.304955
0.326928
0.326928
0.327853
0.327853
0.504118
0.504118
0.503288
0.503288
0.510306
0.510306
0.621818
0.621818
0.584276
0.584276
0.685593
0.685593
0.709012
0.709012
0.0121869
0.0121869
0.00347189
0.00347189
0.00541173
0.00541173
0.00447263
0.00447263
0.00457901
0.00457901
0.199811
0.199811
0.192742
0.192742
0.216661
0.216661
0.207372
0.207372
0.209613
0.209613
-0.0508816
-0.0508816
-0.186112
-0.186112
0.117941
0.117941
0.140801
0.140801
-0.568486
-0.568486
-0.635991
-0.635991
-0.739574
-0.739574
-0.75718
-0.75718
-0.894582
-0.894582
0.24858
0.24858
0.411307
0.411307
0.414914
0.414914
-0.475077
-0.475077
-0.391843
-0.391843
-0.539991
-0.539991
-0.318349
-0.318349
-0.390777
-0.390777
0.213568
0.213568
0.219721
0.219721
0.215281
0.215281
0.22951
0.22951
0.224033
0.224033
0.226045
0.226045
0.237962
0.237962
0.235024
0.235024
0.236597
0.236597
0.216165
0.216165
0.318842
0.318842
0.0975901
0.0975901
0.074933
0.074933
-0.556106
-0.556106
-0.477318
-0.477318
-0.547532
-0.547532
-0.253411
-0.253411
-0.199832
-0.199832
0.0247754
0.0247754
0.0169302
0.0169302
0.0167897
0.0167897
0.0279502
0.0279502
-0.152847
-0.152847
-0.0687306
-0.0687306
-0.111349
-0.111349
0.0113272
0.0113272
0.010721
0.010721
0.155186
0.155186
0.14619
0.14619
0.17071
0.17071
0.176951
0.176951
0.211995
0.211995
0.212983
0.212983
0.216655
0.216655
0.214814
0.214814
0.668974
0.668974
0.691438
0.691438
0.698851
0.698851
0.672507
0.672507
-3.86795
-3.86795
-6.69158
-6.69158
-0.243356
-0.243356
-0.0988434
-0.0988434
0.00288874
0.00288874
0.00264036
0.00264036
0.00178528
0.00178528
0.00393414
0.00393414
0.00262355
0.00262355
0.00108449
0.00108449
0.0193602
0.0193602
0.0183595
0.0183595
0.0187651
0.0187651
0.0215412
0.0215412
0.360398
0.360398
0.365414
0.365414
0.726546
0.726546
0.71425
0.71425
0.711446
0.711446
0.672555
0.672555
0.221183
0.221183
0.22322
0.22322
0.22901
0.22901
0.224861
0.224861
0.0158579
0.0158579
0.0163696
0.0163696
0.0164262
0.0164262
0.455908
0.455908
0.475782
0.475782
0.473517
0.473517
-0.030164
-0.030164
-0.118586
-0.118586
0.0523071
0.0523071
0.0788019
0.0788019
0.347523
0.347523
0.332522
0.332522
0.349655
0.349655
0.392669
0.392669
0.428984
0.428984
0.716472
0.716472
0.734762
0.734762
0.733066
0.733066
0.741453
0.741453
0.785453
0.785453
0.801827
0.801827
0.767166
0.767166
0.181996
0.181996
0.188776
0.188776
0.185224
0.185224
0.220442
0.220442
0.218017
0.218017
0.218765
0.218765
0.212726
0.212726
0.215302
0.215302
0.211971
0.211971
-0.3402
-0.3402
-0.726381
-0.726381
0.2048
0.2048
0.218328
0.218328
0.184402
0.184402
0.190417
0.190417
0.339225
0.339225
0.41155
0.41155
0.392058
0.392058
0.402675
0.402675
0.405829
0.405829
-0.254537
-0.254537
-0.320934
-0.320934
0.0302577
0.0302577
0.0171187
0.0171187
0.103751
0.103751
0.13515
0.13515
0.119023
0.119023
0.640192
0.640192
0.60044
0.60044
0.650429
0.650429
0.623985
0.623985
0.585434
0.585434
0.611699
0.611699
-0.678412
-0.678412
-2.20876
-2.20876
-1.30919
-1.30919
0.267935
0.267935
0.0725286
0.0725286
0.164472
0.164472
0.0309072
0.0309072
0.0169699
0.0169699
0.0233771
0.0233771
0.684847
0.684847
0.755814
0.755814
0.390637
0.390637
0.58644
0.58644
0.568877
0.568877
0.470873
0.470873
0.502337
0.502337
0.557335
0.557335
0.478751
0.478751
0.515898
0.515898
0.554639
0.554639
0.536131
0.536131
0.201589
0.201589
0.202568
0.202568
0.179114
0.179114
0.479967
0.479967
0.537328
0.537328
-0.144404
-0.144404
-0.192659
-0.192659
-0.249469
-0.249469
-0.00794683
-0.00794683
0.000108841
0.000108841
0.00404926
0.00404926
0.722232
0.722232
0.602333
0.602333
0.683924
0.683924
0.232131
0.232131
0.232802
0.232802
0.0122508
0.0122508
0.0212654
0.0212654
0.236712
0.236712
0.236628
0.236628
0.00631845
0.00631845
0.00622035
0.00622035
0.144438
0.144438
-1.15268
-1.15268
-0.149118
-0.149118
0.225204
0.225204
0.21577
0.21577
0.232325
0.232325
-0.439176
-0.439176
0.0602946
0.0602946
-0.0325723
-0.0325723
0.106027
0.106027
0.0682243
0.0682243
0.223259
0.223259
0.171491
0.171491
0.138075
0.138075
0.00644951
0.00644951
0.0163805
0.0163805
0.00269061
0.00269061
-0.515775
-0.515775
0.229819
0.229819
0.228161
0.228161
0.231941
0.231941
0.232954
0.232954
0.23365
0.23365
0.00713376
0.00713376
0.00862349
0.00862349
0.00616463
0.00616463
0.00337443
0.00337443
0.00467183
0.00467183
0.00150631
0.00150631
0.198722
0.198722
0.213021
0.213021
-0.462046
-0.462046
0.231867
0.231867
0.234148
0.234148
0.233876
0.233876
0.227036
0.227036
0.232492
0.232492
0.230743
0.230743
0.0127855
0.0127855
0.00751521
0.00751521
0.00723244
0.00723244
-0.0435509
-0.0435509
0.0705232
0.0705232
0.403217
0.403217
0.51372
0.51372
0.354356
0.354356
0.125431
0.125431
-0.120973
-0.120973
0.298162
0.298162
0.367662
0.367662
0.26365
0.26365
0.43246
0.43246
0.39602
0.39602
0.422847
0.422847
-0.0893517
-0.0893517
-0.235996
-0.235996
-0.0825754
-0.0825754
-0.139601
-0.139601
0.222875
0.222875
0.221522
0.221522
0.214096
0.214096
0.212052
0.212052
0.227258
0.227258
0.22543
0.22543
0.229825
0.229825
0.226901
0.226901
0.229644
0.229644
0.231074
0.231074
-0.451414
-0.451414
-0.362495
-0.362495
-0.442934
-0.442934
-0.453512
-0.453512
0.00783195
0.00783195
0.292284
0.292284
-0.0793687
-0.0793687
0.0274349
0.0274349
0.00172185
0.00172185
-0.015097
-0.015097
-0.00110981
-0.00110981
-0.0555975
-0.0555975
-0.0674437
-0.0674437
0.000670518
0.000670518
0.0548407
0.0548407
0.0840824
0.0840824
0.0353308
0.0353308
0.0612414
0.0612414
0.0232202
0.0232202
0.00352169
0.00352169
0.0281478
0.0281478
0.0121338
0.0121338
0.217985
0.217985
0.214815
0.214815
0.222434
0.222434
0.229343
0.229343
0.179002
0.179002
0.181559
0.181559
0.153725
0.153725
0.16923
0.16923
0.158674
0.158674
0.1026
0.1026
0.135247
0.135247
0.11407
0.11407
0.00675104
0.00675104
0.00775945
0.00775945
0.0055637
0.0055637
0.0195179
0.0195179
0.0206257
0.0206257
0.00813642
0.00813642
0.00778774
0.00778774
0.0126863
0.0126863
0.00819372
0.00819372
0.00731748
0.00731748
0.00618495
0.00618495
0.0117521
0.0117521
-0.479329
-0.479329
-0.585614
-0.585614
0.689237
0.689237
0.640472
0.640472
-0.0497113
-0.0497113
0.218938
0.218938
0.22536
0.22536
0.222151
0.222151
0.226726
0.226726
0.23
0.23
0.230828
0.230828
0.228699
0.228699
0.225049
0.225049
0.213638
0.213638
0.215714
0.215714
0.21177
0.21177
0.211379
0.211379
-0.406995
-0.406995
-0.539917
-0.539917
-0.358981
-0.358981
-0.421055
-0.421055
-0.160262
-0.160262
0.337348
0.337348
0.0826699
0.0826699
0.0238738
0.0238738
0.0195541
0.0195541
0.229025
0.229025
0.61459
0.61459
0.426501
0.426501
0.466347
0.466347
0.493229
0.493229
-0.652842
-0.652842
-0.249752
-0.249752
-0.581918
-0.581918
0.0340367
0.0340367
-0.148421
-0.148421
0.402665
0.402665
0.455604
0.455604
0.47812
0.47812
0.423923
0.423923
0.372181
0.372181
-0.413151
-0.413151
0.225191
0.225191
-0.333679
-0.333679
-0.293274
-0.293274
-0.104916
-0.104916
-0.204033
-0.204033
0.448816
0.448816
0.380105
0.380105
0.387748
0.387748
0.412915
0.412915
0.437534
0.437534
0.388342
0.388342
0.368791
0.368791
0.365243
0.365243
0.40196
0.40196
0.406315
0.406315
0.203186
0.203186
-0.010986
-0.010986
-0.0573169
-0.0573169
-0.092569
-0.092569
0.368406
0.368406
0.242982
0.242982
0.299404
0.299404
0.21739
0.21739
0.217458
0.217458
0.22076
0.22076
0.219275
0.219275
0.202739
0.202739
0.209903
0.209903
0.205824
0.205824
0.209632
0.209632
0.213127
0.213127
0.22303
0.22303
0.222674
0.222674
0.218398
0.218398
0.22086
0.22086
-0.296272
-0.296272
-0.254234
-0.254234
-0.431343
-0.431343
-0.443255
-0.443255
-0.461046
-0.461046
-0.495467
-0.495467
-0.416719
-0.416719
-0.517329
-0.517329
-0.646171
-0.646171
-0.0216645
-0.0216645
0.0217929
0.0217929
-0.416754
-0.416754
-0.380134
-0.380134
-0.38571
-0.38571
-0.343274
-0.343274
-0.178942
-0.178942
-0.102724
-0.102724
-0.190785
-0.190785
-0.00812264
-0.00812264
-0.17112
-0.17112
-0.135476
-0.135476
-0.0119199
-0.0119199
-0.0216769
-0.0216769
-0.0356519
-0.0356519
-0.0506795
-0.0506795
-0.121962
-0.121962
-0.0608293
-0.0608293
0.0562323
0.0562323
0.00183604
0.00183604
0.0145599
0.0145599
0.0216393
0.0216393
0.0144794
0.0144794
0.000801294
0.000801294
0.007947
0.007947
-0.150983
-0.150983
-0.160288
-0.160288
-0.123652
-0.123652
-0.199714
-0.199714
0.0168068
0.0168068
0.0197604
0.0197604
0.0225543
0.0225543
0.0260443
0.0260443
0.0328088
0.0328088
0.0341046
0.0341046
0.210744
0.210744
0.211398
0.211398
0.210417
0.210417
0.225402
0.225402
0.236608
0.236608
0.251436
0.251436
0.219783
0.219783
0.197528
0.197528
0.189899
0.189899
0.190327
0.190327
0.168659
0.168659
0.175979
0.175979
0.173828
0.173828
0.185032
0.185032
0.202458
0.202458
0.210023
0.210023
0.207749
0.207749
0.210587
0.210587
0.196119
0.196119
0.1975
0.1975
0.185629
0.185629
0.189413
0.189413
0.169902
0.169902
0.152636
0.152636
0.142785
0.142785
0.0127653
0.0127653
0.0080682
0.0080682
0.00903797
0.00903797
0.00995926
0.00995926
0.00795982
0.00795982
0.00856214
0.00856214
0.0337959
0.0337959
0.0289658
0.0289658
0.0329579
0.0329579
0.0255728
0.0255728
0.0212099
0.0212099
0.0144503
0.0144503
0.0131823
0.0131823
-0.391173
-0.391173
-0.303995
-0.303995
-0.487157
-0.487157
-0.522932
-0.522932
-0.585536
-0.585536
0.594438
0.594438
0.722407
0.722407
0.545016
0.545016
0.298259
0.298259
0.320041
0.320041
0.542068
0.542068
0.666515
0.666515
0.276666
0.276666
0.461587
0.461587
0.514829
0.514829
0.199558
0.199558
0.49878
0.49878
0.223501
0.223501
0.223246
0.223246
0.22132
0.22132
0.220151
0.220151
0.221311
0.221311
-0.310736
-0.310736
-0.209619
-0.209619
-0.200112
-0.200112
-0.146584
-0.146584
-0.0292118
-0.0292118
0.0842443
0.0842443
-0.0180147
-0.0180147
-0.153456
-0.153456
-0.00821954
-0.00821954
0.00509258
0.00509258
0.33223
0.33223
0.346479
0.346479
0.290419
0.290419
0.317277
0.317277
0.316914
0.316914
0.144617
0.144617
0.218247
0.218247
0.274157
0.274157
0.228639
0.228639
0.270193
0.270193
0.292052
0.292052
0.25742
0.25742
0.284179
0.284179
0.231511
0.231511
0.191491
0.191491
0.190529
0.190529
0.139842
0.139842
0.157459
0.157459
0.134931
0.134931
0.118726
0.118726
0.212931
0.212931
0.193392
0.193392
0.202621
0.202621
0.195238
0.195238
0.214074
0.214074
0.242054
0.242054
0.236971
0.236971
0.259495
0.259495
0.273347
0.273347
0.20197
0.20197
0.164966
0.164966
0.173177
0.173177
0.199739
0.199739
0.163477
0.163477
0.175191
0.175191
0.188695
0.188695
-0.0832998
-0.0832998
-0.173513
-0.173513
-0.0971486
-0.0971486
-0.400752
-0.400752
-0.306923
-0.306923
-0.322079
-0.322079
-0.368653
-0.368653
-0.331159
-0.331159
-0.0424425
-0.0424425
-0.753593
-0.753593
-0.716102
-0.716102
-1.35448
-1.35448
0.164376
0.164376
0.646229
0.646229
0.399561
0.399561
0.369234
0.369234
0.434562
0.434562
0.409826
0.409826
0.410508
0.410508
0.446191
0.446191
0.453943
0.453943
0.356597
0.356597
0.373387
0.373387
0.375442
0.375442
0.33212
0.33212
0.3577
0.3577
0.385362
0.385362
0.383385
0.383385
0.206737
0.206737
0.0934455
0.0934455
0.07981
0.07981
0.0503557
0.0503557
-0.0686543
-0.0686543
-0.0386739
-0.0386739
0.161513
0.161513
0.083989
0.083989
0.0146149
0.0146149
0.0212305
0.0212305
0.179093
0.179093
0.0757554
0.0757554
0.137582
0.137582
0.173075
0.173075
0.107281
0.107281
0.0655573
0.0655573
0.257804
0.257804
0.326416
0.326416
0.315931
0.315931
0.290656
0.290656
0.207359
0.207359
0.220247
0.220247
0.243586
0.243586
0.278683
0.278683
0.305914
0.305914
0.338497
0.338497
0.211345
0.211345
0.215899
0.215899
0.216828
0.216828
0.215038
0.215038
0.211982
0.211982
0.214662
0.214662
0.214529
0.214529
0.21727
0.21727
0.218249
0.218249
0.220974
0.220974
0.220108
0.220108
-0.109876
-0.109876
-0.140638
-0.140638
-0.21051
-0.21051
-0.149307
-0.149307
-0.520209
-0.520209
-0.553166
-0.553166
-0.582212
-0.582212
-0.507102
-0.507102
-0.208384
-0.208384
-0.255633
-0.255633
-0.402349
-0.402349
-0.314695
-0.314695
-0.240203
-0.240203
-0.20463
-0.20463
-0.358505
-0.358505
-0.32
-0.32
-0.322736
-0.322736
-0.45035
-0.45035
-0.0749012
-0.0749012
0.0794686
0.0794686
0.183509
0.183509
0.0739345
0.0739345
-0.13025
-0.13025
-0.100433
-0.100433
-0.063864
-0.063864
-0.105163
-0.105163
-0.00818744
-0.00818744
-0.00862424
-0.00862424
-0.0487912
-0.0487912
-0.102701
-0.102701
0.00229649
0.00229649
-0.00276402
-0.00276402
-0.00568042
-0.00568042
0.000304996
0.000304996
-0.0107927
-0.0107927
0.000989772
0.000989772
0.0130008
0.0130008
0.0109807
0.0109807
0.0101762
0.0101762
0.0100609
0.0100609
0.0126828
0.0126828
0.200221
0.200221
0.19342
0.19342
0.192936
0.192936
0.189048
0.189048
0.188645
0.188645
0.198079
0.198079
0.202756
0.202756
0.20438
0.20438
0.20887
0.20887
0.210721
0.210721
0.202916
0.202916
0.207451
0.207451
0.210091
0.210091
0.020751
0.020751
0.0181828
0.0181828
0.0214548
0.0214548
0.0112606
0.0112606
0.0142375
0.0142375
0.0144897
0.0144897
0.0115341
0.0115341
-0.188022
-0.188022
-0.211967
-0.211967
-0.177985
-0.177985
-0.292929
-0.292929
-0.418559
-0.418559
-0.373548
-0.373548
0.1499
0.1499
0.12202
0.12202
0.166834
0.166834
0.372464
0.372464
0.235014
0.235014
0.146951
0.146951
0.210846
0.210846
0.322071
0.322071
-0.0520412
-0.0520412
0.165155
0.165155
-0.0205319
-0.0205319
0.580173
0.580173
0.456253
0.456253
0.594626
0.594626
0.243054
0.243054
-0.0742335
-0.0742335
0.0681409
0.0681409
0.124781
0.124781
-0.069146
-0.069146
0.00308836
0.00308836
0.0202143
0.0202143
-0.0869672
-0.0869672
-0.0535521
-0.0535521
-0.0245071
-0.0245071
0.0717506
0.0717506
-0.0425067
-0.0425067
-0.0671127
-0.0671127
-0.316945
-0.316945
-0.143024
-0.143024
-0.00586659
-0.00586659
-0.0278952
-0.0278952
0.101078
0.101078
0.162579
0.162579
-0.0686368
-0.0686368
-0.132952
-0.132952
-0.178479
-0.178479
0.320102
0.320102
0.340968
0.340968
0.358128
0.358128
0.327173
0.327173
0.352213
0.352213
0.278068
0.278068
0.26997
0.26997
0.287451
0.287451
0.29817
0.29817
0.292037
0.292037
-1.08917
-1.08917
-0.802738
-0.802738
-1.74273
-1.74273
-1.05731
-1.05731
-0.616014
-0.616014
0.19015
0.19015
0.151025
0.151025
0.430196
0.430196
0.328693
0.328693
0.411636
0.411636
0.395384
0.395384
0.35944
0.35944
0.322603
0.322603
0.328512
0.328512
0.365731
0.365731
0.0756663
0.0756663
0.181187
0.181187
0.157773
0.157773
0.16141
0.16141
0.0688191
0.0688191
0.00579868
0.00579868
0.291824
0.291824
0.286084
0.286084
0.321125
0.321125
0.345713
0.345713
0.314868
0.314868
0.347304
0.347304
0.208299
0.208299
0.207636
0.207636
0.208755
0.208755
0.20524
0.20524
0.205065
0.205065
0.206191
0.206191
-0.336723
-0.336723
-0.296725
-0.296725
-0.411353
-0.411353
-0.44134
-0.44134
-0.497048
-0.497048
-0.454204
-0.454204
0.0270615
0.0270615
0.0142102
0.0142102
0.0130002
0.0130002
0.0145777
0.0145777
0.0269684
0.0269684
0.0282663
0.0282663
-0.162259
-0.162259
-0.209662
-0.209662
-0.273014
-0.273014
-0.252407
-0.252407
-0.309493
-0.309493
-0.371603
-0.371603
-0.390206
-0.390206
-0.292631
-0.292631
-0.215204
-0.215204
-0.217339
-0.217339
0.109215
0.109215
0.368442
0.368442
0.190279
0.190279
0.369672
0.369672
0.233086
0.233086
0.279809
0.279809
0.171742
0.171742
0.165959
0.165959
0.20045
0.20045
0.0644279
0.0644279
0.132423
0.132423
-0.129225
-0.129225
-0.617041
-0.617041
-0.529268
-0.529268
0.443426
0.443426
0.463355
0.463355
0.244958
0.244958
0.0459865
0.0459865
-0.17393
-0.17393
0.0257012
0.0257012
0.240623
0.240623
0.181728
0.181728
0.22196
0.22196
0.288366
0.288366
0.281147
0.281147
-0.323249
-0.323249
-0.243434
-0.243434
-0.0200041
-0.0200041
0.211613
0.211613
-0.078433
-0.078433
-0.0925901
-0.0925901
-0.0951009
-0.0951009
0.0672385
0.0672385
0.000280942
0.000280942
))
(300 (2 1 3 0 0 1 918)(
0.985148 -0.000523589 0 
0.00500251 2.96626 0 
-0.0101558 1.60812 0 
0.979702 0.00214138 0 
-0.00384357 1.57324 4.57354e-21 
-0.00703306 2.94878 -1.92839e-18 
0.854137 1.20544 7.13819e-19 
0.449988 0.207109 -9.54374e-21 
0.999909 -0.000313296 0 
0.0238139 0.822011 0 
-0.0140494 1.23868 0 
0.787921 -0.00860273 0 
0.0111304 2.93031 0 
0.00183996 2.79468 0 
-0.018158 3.1691 1.06654e-18 
-0.00531643 1.48177 -1.02037e-20 
0.568376 0.0967444 6.02279e-19 
0.188003 1.16818 6.19414e-19 
0.963079 0.00505841 0 
-0.00327061 1.36845 0 
0.148973 0.259106 -5.06293e-19 
1.00196 -0.00501126 0 
1.00026 -0.00972373 0 
0.9758 -0.00647239 0 
0.703595 -0.0321835 0 
0.0181065 2.63049 0 
-0.0151216 2.91018 6.71478e-19 
-0.0218978 1.62999 0 
-0.0231055 1.74885 0 
-0.0215651 1.62552 0 
-0.00510872 1.83007 0 
-0.00203423 1.59817 -3.61833e-21 
-0.00468129 1.48664 0 
-0.020616 2.98759 -6.76797e-23 
-0.0167029 3.00531 1.49891e-18 
0.00210694 3.00021 0 
0.867511 -0.00851891 0 
0.39095 0.927154 -1.46331e-20 
0.842301 1.21805 -9.90093e-19 
0.991904 1.06056 9.36429e-19 
0.708131 1.31145 -1.65758e-19 
0.702018 1.2939 9.28205e-19 
0.47681 0.280895 9.31174e-21 
0.467466 0.186166 0 
1.17371 0.568018 0 
0.450009 0.304301 4.37818e-20 
0.410219 0.206366 -4.54312e-20 
0.919642 -0.00751211 0 
1.00035 8.50735e-05 0 
0.999915 0.000316546 0 
1.00342 -0.00777253 0 
1.00095 -0.00106668 0 
1.00018 -1.294e-05 0 
0.0400233 1.68687 -3.02451e-19 
0.0359546 0.920041 0 
0.0664444 0.85164 0 
-0.0174182 0.914506 0 
-0.0166907 0.850999 0 
0.0143566 1.57229 0 
-0.023639 1.3621 0 
-0.0318287 1.18168 0 
-0.0125065 1.43024 0 
-0.00781645 1.27617 0 
0.865235 -0.000614046 0 
0.878305 0.00968756 0 
0.799814 -0.003563 0 
0.871406 0.0149981 0 
0.772307 -0.00955705 0 
0.0147028 3.00039 7.07051e-19 
0.0115292 3.00792 0 
0.00613306 3.00284 0 
0.0135587 2.99734 7.90122e-24 
0.00798857 2.95845 -1.05085e-18 
0.0144942 2.98203 0 
0.0107919 2.90363 0 
0.025156 2.93008 1.43725e-24 
0.0040825 2.82521 0 
0.0321037 2.91531 0 
-0.00663805 2.74445 0 
0.310607 3.56842 0 
-0.132567 3.65076 0 
0.140451 3.2597 -9.92574e-19 
-0.0109055 2.99207 0 
-0.0155184 1.80746 0 
-0.002024 1.62801 1.00659e-20 
-0.00395237 1.49102 -1.69186e-20 
0.620616 0.15575 -2.0747e-19 
0.568808 0.0532439 -2.03584e-19 
0.596331 0.193087 -6.25483e-19 
0.542696 0.123165 -4.1532e-19 
0.243861 0.924656 0 
0.279989 1.32349 -6.34903e-19 
0.388348 1.2863 1.04447e-18 
0.987722 0.00847181 0 
0.943104 0.00604089 0 
1.0003 0.000544852 0 
1.00289 0.00927184 0 
1.00303 0.00837749 -1.20401e-18 
0.992 0.00975741 9.09075e-19 
-0.0166551 1.51619 0 
-0.00478288 1.35412 0 
-0.0308464 1.63434 0 
-0.02342 1.55389 0 
-0.00409653 1.40709 0 
0.222302 0.276518 1.56061e-19 
0.271267 0.255068 0 
0.993594 -0.00824395 0 
0.95443 -0.00656408 0 
0.843341 0.0211352 0 
0.809982 0.0338212 0 
0.751708 -0.022844 0 
1.0052 -0.00548219 0 
0.754528 0.0508881 0 
0.617877 -0.014206 8.13197e-19 
-0.0351313 2.8669 3.57597e-19 
0.0434377 2.90817 0 
0.0572305 2.88269 0 
-0.00520937 2.69617 0 
-0.0130314 2.9852 6.19263e-19 
-0.0183331 2.89548 0 
-0.0154162 2.98811 -1.95476e-18 
-0.0133952 2.92522 6.74616e-19 
-0.0198996 1.81288 0 
-0.0154648 1.80903 0 
-0.00250193 1.62555 -1.88647e-22 
-0.00187927 1.59642 0 
-0.00608618 1.48533 0 
0.932072 -0.00547429 0 
0.85213 -0.00831634 0 
0.861789 0.00910252 0 
0.947041 -0.00666462 0 
0.884513 -0.00735803 0 
0.504834 1.12222 8.13766e-21 
0.556831 1.17777 0 
0.350016 0.864628 6.71814e-21 
0.293299 0.727508 0 
0.952107 1.09497 -2.69495e-19 
1.06552 0.896331 5.49621e-19 
0.401628 1.39419 0 
0.556735 1.37058 0 
0.563274 1.32085 0 
0.0918564 0.134417 -1.36016e-19 
0.511322 0.263919 0 
0.49624 0.165908 1.1898e-19 
1.03422 0.94706 0 
1.09961 0.789119 0 
1.12601 0.732471 -4.73765e-19 
1.15307 0.626349 0 
1.20463 0.407424 5.90738e-20 
0.956768 -0.00830048 0 
0.961974 -0.00969969 0 
0.901501 -0.00799023 0 
0.984239 -0.00908685 0 
0.974707 -0.00947632 0 
0.936735 -0.00620458 0 
1.00012 0.00226717 0 
1.00091 0.00145228 0 
0.999892 0.000857456 0 
-0.0267023 1.936 1.84121e-19 
0.086036 1.64051 0 
0.0103687 1.90973 2.05096e-19 
0.0108662 1.66193 -1.3121e-19 
0.112426 1.17282 -5.13515e-19 
0.0737456 1.01949 0 
0.1294 0.999232 0 
-0.0571776 1.00045 0 
-0.0487128 0.957915 0 
0.0410219 1.73753 -7.27142e-22 
0.0101096 1.57359 0 
0.0110961 1.72623 -1.94794e-20 
-0.0070541 1.56518 4.50078e-20 
-0.0574771 1.14046 0 
-0.0449235 1.26946 0 
-0.0443848 1.08392 0 
-0.0101825 1.47584 0 
-0.00559631 1.29877 0 
0.948165 0.0148803 0 
0.887236 0.00121423 0 
0.928891 0.0093805 0 
0.853228 -0.000914805 0 
0.810012 0.00261231 0 
0.902292 0.00828114 0 
0.89083 0.00460156 0 
0.799407 -0.00270188 0 
0.00582741 3.06473 -6.26059e-21 
0.0163245 3.05803 0 
0.0146475 2.96916 0 
0.00849257 2.87639 0 
0.927684 3.98749 0 
1.24306 3.31584 1.00977e-18 
0.0715134 3.08443 0 
-0.0262974 2.91211 0 
-0.0190789 1.79868 0 
-0.019756 1.80275 0 
-0.0173824 1.79986 0 
-0.00940489 1.81812 4.4208e-21 
-0.0143635 1.81584 0 
-0.0122363 1.81403 0 
-0.00425724 1.50486 -6.06033e-22 
3.17058e-05 1.66517 1.64517e-20 
0.000568997 1.64464 1.72972e-20 
-0.00319544 1.48982 0 
0.643369 0.117588 3.06047e-19 
0.580075 0.0250217 -2.97944e-19 
0.243897 1.5164 0 
0.278034 0.683229 -2.23557e-19 
0.169132 1.64234 -7.61546e-19 
0.18663 1.1748 7.628e-19 
0.904328 0.00796887 0 
0.96827 0.0109848 0 
0.974999 0.0104814 0 
0.925308 0.00683205 0 
-0.0125522 1.49803 0 
-0.0141941 1.50521 0 
-0.00571597 1.32266 0 
0.407875 0.313337 4.04348e-19 
0.345385 0.294554 -4.92775e-19 
0.354374 0.228931 0 
1.12614 0.0832341 -9.72365e-22 
1.11158 0.0378878 0 
1.04052 0.0362574 0 
0.948969 0.00631349 0 
0.663884 0.0903679 0 
0.694539 0.0641671 -1.30922e-18 
0.594997 0.0100588 4.99816e-19 
0.00989362 2.98211 4.45116e-19 
-0.0325436 2.86759 4.69633e-20 
0.00383 3.05022 -1.34953e-20 
0.0199522 3.0435 4.84803e-19 
-0.0150046 2.99655 2.24005e-20 
-0.0130013 2.94943 -9.05958e-23 
-0.0173003 3.01199 -4.23416e-19 
0.0148313 3.02396 3.06361e-19 
0.00732059 3.03682 -4.79751e-19 
0.925926 0.00564795 0 
0.930057 -0.000434256 0 
0.843349 -0.00493498 0 
0.95712 0.012636 0 
0.943396 0.013229 0 
0.88267 0.00816159 0 
0.915374 0.0125599 0 
0.925984 0.0145512 0 
0.834855 0.00772078 0 
0.713449 1.40776 3.05939e-19 
0.749312 1.5196 0 
0.220862 0.370167 2.89383e-20 
0.171955 0.573242 2.33868e-19 
0.25977 0.684986 -1.31995e-19 
0.2235 0.571307 2.45108e-19 
0.283926 0.675984 7.73878e-19 
0.110274 0.171065 2.20379e-19 
0.569627 0.221523 4.46692e-19 
0.539746 0.245369 1.1095e-19 
0.520961 0.149273 2.24845e-19 
1.19305 0.463853 2.73801e-19 
1.20877 0.257402 2.86842e-19 
0.0036821 1.84119 4.90687e-20 
-0.00299982 1.6006 0 
0.992079 0.0269653 0 
0.960405 0.0175518 0 
0.911069 -0.0010533 0 
0.0111205 3.07486 0 
0.0201244 2.94415 8.38303e-19 
0.0165399 2.95656 0 
0.00600281 2.85072 -8.3169e-19 
0.00605208 3.09161 1.99427e-19 
0.00721816 3.08212 0 
0.78308 1.82536 -2.33183e-19 
1.24985 2.51089 6.38625e-19 
0.765899 1.96742 -1.47514e-18 
0.0213272 2.98531 -3.31388e-19 
0.0372983 3.00845 0 
-0.03203 2.88313 0 
0.00301191 1.69088 -1.8398e-21 
-0.00081951 1.68595 -3.36566e-20 
-0.00164288 1.53433 -6.04853e-21 
0.257955 1.3169 7.09925e-19 
0.240413 0.447718 -4.88071e-19 
0.0110133 1.91763 5.00238e-19 
0.111171 1.82974 -6.4293e-19 
0.14298 1.43528 1.05675e-19 
0.00398271 3.11893 -1.17848e-18 
0.0122103 3.11921 1.29186e-18 
-0.00860004 2.98117 5.40094e-19 
-0.00365934 2.97797 -4.79258e-19 
-0.0214587 2.88183 -5.50076e-19 
0.00866364 3.10002 -1.46508e-18 
0.00223251 3.10472 1.46082e-18 
0.222054 0.593697 0 
0.154229 0.574701 -4.45337e-19 
0.128878 0.191874 1.96829e-19 
0.319152 0.805255 6.62147e-19 
0.170384 0.214032 -1.01515e-18 
1.20719 0.170331 -4.64899e-20 
1.20867 0.309322 0 
1.19481 0.118471 1.10635e-19 
0.044575 1.75218 -3.29275e-23 
0.0394195 1.77454 0 
0.0290253 1.57955 0 
0.309949 1.19718 -2.59149e-19 
0.347462 1.01475 -5.39813e-19 
0.193848 0.311883 9.28863e-19 
1.00583 -0.0110874 0 
1.00764 -0.0077014 2.20349e-19 
-0.0209701 1.80127 0 
-0.0308576 1.8092 0 
1.00217 0.00347699 1.68629e-21 
1.00387 0.00949701 4.52381e-19 
-0.0094487 1.82246 -5.88689e-21 
-0.00735573 1.82154 0 
0.0399165 3.18497 1.35418e-19 
0.40053 3.50501 0 
1.10873 0.644255 5.15909e-20 
1.01227 0.0125161 -2.21876e-21 
1.0214 -0.0105252 0 
1.00169 7.42239e-05 -3.936e-23 
0.0511795 1.0977 0 
0.0943511 2.689 0 
-0.128305 1.59281 0 
-0.0889239 2.07832 6.84675e-20 
-0.0644491 1.93198 4.90887e-20 
1.0048 0.00954561 2.34834e-21 
1.04581 0.0157361 0 
1.07038 0.0286422 0 
-0.0217219 1.80535 0 
-0.0101396 1.83996 0 
-0.0255927 1.78899 0 
0.321964 1.42093 -4.37298e-19 
1.01115 -0.00958341 0 
1.00946 -0.0155385 0 
1.0023 0.000436594 2.78064e-19 
1.00553 -0.00492652 -3.31745e-19 
1.00121 -0.00106867 0 
-0.0241987 1.80106 0 
-0.0226639 1.79791 0 
-0.0221587 1.80063 0 
-0.0272483 1.78882 0 
-0.0271648 1.78876 0 
-0.0288078 1.79033 0 
1.02801 -0.0154704 0 
1.02066 0.0189322 -9.85042e-22 
0.789297 1.26697 5.03861e-19 
1.00301 0.000234591 -2.81538e-19 
1.00318 0.00572784 3.36469e-19 
1.00128 0.00215403 0 
1.01276 0.0105793 2.74172e-19 
1.00796 0.00823444 -3.39366e-19 
1.00873 0.0142406 0 
-0.0102237 1.83969 0 
-0.00978655 1.83158 9.31974e-21 
-0.00742206 1.83047 -6.54716e-21 
1.18506 0.250662 -1.14352e-20 
1.12434 0.0867652 0 
0.0548581 3.07821 -5.53907e-19 
0.0688917 2.85063 -4.40421e-20 
0.148425 3.19844 8.5441e-19 
0.142102 3.22727 -1.68225e-20 
0.140606 3.24495 0 
0.0218331 3.13897 1.22792e-19 
0.0814037 3.16256 5.4121e-19 
0.0738676 3.19038 -2.36552e-19 
0.0261769 3.12825 0 
0.677731 0.32732 0 
0.624677 0.377986 0 
1.08326 0.672662 -2.08285e-19 
1.0792 0.811159 3.3338e-19 
1.14394 0.561657 0 
1.17526 0.509404 0 
1.01559 0.0131513 -5.07103e-19 
1.01376 0.0139318 6.33788e-19 
1.02499 -0.00960948 0 
1.02208 -0.0134066 0 
1.00657 0.0029506 0 
1.01035 0.00382198 0 
1.00477 0.00175384 0 
1.00953 0.00578115 0 
1.00809 0.00569664 0 
1.00506 0.00503388 0 
0.0355241 1.09553 0 
-0.0414492 0.9957 0 
0.168734 1.13067 0 
0.151399 1.17557 0 
0.0926766 2.69382 0 
0.162868 2.70598 -2.15757e-19 
-0.0280279 2.74221 0 
-0.0927048 2.67664 3.60233e-21 
-0.137518 2.41639 -2.09195e-21 
-0.103974 1.61182 0 
-0.0783217 1.64483 0 
-0.159567 1.54031 0 
-0.141425 1.44825 0 
-0.272858 1.96981 -2.02038e-21 
-0.0837098 1.97364 3.92233e-20 
-0.0836821 2.07081 4.60391e-20 
-0.0603893 2.02418 0 
-0.0614429 1.93071 -1.00528e-19 
-0.046155 1.90898 -3.55501e-20 
-0.245851 1.93493 -1.78379e-21 
-0.13629 1.93435 -5.15524e-20 
-0.138771 2.01009 -6.04698e-20 
1.01331 0.0194226 5.04273e-19 
1.01239 0.00378583 -6.22752e-19 
1.0066 0.0205961 -5.2327e-19 
0.992587 0.0138968 6.59459e-19 
1.0458 0.0179233 0 
1.03423 0.00310206 0 
1.06694 0.0383777 0 
1.05315 0.0233762 0 
1.05399 0.0142979 0 
1.1077 0.0788641 0 
1.08162 0.0478199 0 
1.08714 0.0381507 0 
-0.0130618 1.82463 -1.22002e-21 
-0.0214622 1.81486 0 
-0.0161795 1.81685 0 
-0.0134693 1.8504 1.25929e-20 
-0.0127085 1.85199 -4.77473e-22 
-0.0282619 1.80983 9.39042e-21 
-0.0283059 1.80475 -9.4922e-21 
-0.0300051 1.79795 0 
-0.0288516 1.8 0 
-0.0289395 1.79975 0 
-0.0277901 1.78426 0 
-0.020123 1.76435 0 
0.398779 1.46065 8.11439e-19 
0.39601 1.46713 3.15084e-19 
0.623202 2.39838 -1.61462e-19 
0.409698 2.52873 4.7073e-19 
0.390444 2.05474 -1.20869e-20 
1.02116 -0.00796955 0 
1.01521 -0.00969833 0 
1.01552 -0.0154749 0 
1.00735 -0.000822564 0 
1.0046 -0.00147478 0 
1.00743 -0.00468115 0 
1.00947 -0.00398508 0 
1.01391 -0.00430839 0 
1.02264 0.0180812 4.95089e-19 
1.01681 0.0181817 -6.22391e-19 
1.02259 0.021376 -4.93642e-19 
1.01805 0.0199841 6.18343e-19 
0.763264 1.31151 0 
0.692002 1.36935 5.93639e-19 
0.860201 1.2036 3.3927e-19 
0.902488 1.16357 -4.51041e-19 
1.14587 2.61114 -4.79321e-19 
0.834601 0.112107 3.1621e-19 
1.12431 0.0974512 0 
1.17028 0.173809 1.42816e-20 
1.15975 0.156146 7.15281e-22 
0.975668 0.123165 0 
0.15211 2.96881 1.50318e-19 
0.127844 2.87483 -7.05612e-19 
0.0409996 2.35102 5.11555e-19 
0.107106 0.113819 -2.14949e-19 
0.344576 3.43278 -4.29522e-19 
0.199569 3.32385 0 
0.240652 3.36955 5.59374e-19 
0.257066 3.04291 -7.99903e-19 
0.352398 3.20233 0 
0.00838831 3.12041 2.82671e-20 
0.0189712 3.12956 -3.56959e-19 
0.0170272 3.12539 5.25411e-19 
0.0387034 3.1398 0 
0.0371436 3.1521 0 
1.20962 2.6142 0 
0.503105 0.847585 -2.49855e-19 
1.01454 0.992174 -1.83306e-19 
0.955152 1.04756 0 
0.795771 0.951562 4.07872e-20 
1.03445 0.865062 3.09447e-20 
0.404967 0.478595 -5.75997e-19 
0.709533 0.335458 -2.35456e-20 
0.694496 0.284723 2.3902e-19 
0.628561 0.415954 1.9065e-20 
0.569292 0.406991 -7.8366e-19 
0.691065 0.352894 0 
0.722651 0.41797 4.0002e-19 
0.719815 0.413074 0 
0.666907 0.384791 0 
0.649923 0.324815 0 
0.744991 0.592292 1.56372e-19 
1.18436 0.268218 -6.76592e-21 
1.18129 0.403036 0 
1.19079 0.357484 0 
0.760555 0.217967 3.59905e-19 
0.800753 0.510587 -2.01912e-19 
0.725836 0.492744 3.32162e-19 
0.911071 0.4062 -3.20665e-19 
1.01999 0.014584 3.3471e-19 
1.01736 0.0141336 -3.4248e-19 
1.01385 0.0162445 0 
1.02916 -0.0150791 0 
1.02707 -0.013107 -3.10834e-19 
1.02241 -0.018993 3.07679e-19 
1.03002 0.00654397 0 
1.02599 0.0166693 0 
1.01126 0.00460419 0 
1.0146 0.00866807 0 
1.01557 0.00416097 0 
1.01348 0.0019707 0 
-0.141544 1.11122 0 
-0.151728 1.12256 0 
0.244668 1.08817 4.98551e-19 
0.30053 1.41052 2.57428e-19 
0.226998 1.28388 5.74135e-19 
0.222355 1.31715 -9.11357e-19 
0.354176 1.24162 0 
0.339393 1.76991 5.11517e-19 
0.223831 1.74421 0 
0.4177 2.04712 1.75612e-20 
0.38465 2.40453 2.24957e-19 
0.4924 1.44096 -4.45509e-19 
0.378379 1.38443 1.98428e-19 
0.403221 1.24224 -1.61695e-19 
0.408503 1.35145 3.13364e-19 
0.391044 1.68493 0 
0.412926 1.65659 -2.00477e-19 
-0.350337 2.30807 1.19924e-19 
-0.167634 2.53623 0 
-0.184028 2.51743 -2.83133e-19 
-0.264893 2.46296 0 
-0.120037 2.65748 -5.15719e-21 
-0.12543 2.58999 0 
-0.25462 1.72752 5.13786e-20 
-0.338097 1.81222 0 
-0.280044 1.59436 0 
-0.246839 1.61462 -5.79569e-20 
-0.132758 2.18021 -6.73843e-20 
-0.126848 2.37879 -5.57578e-21 
-0.0830965 2.24181 2.59984e-23 
-0.143986 1.85749 1.81381e-20 
-0.182566 1.84979 2.82749e-21 
-0.0623885 1.68224 0 
-0.0390597 1.70017 0 
-0.417096 1.91403 -1.93292e-19 
-0.349747 1.62659 -2.07898e-19 
-0.353483 1.79654 2.53711e-19 
-0.394076 1.84269 0 
-0.026908 1.83626 -4.56673e-20 
-0.0275552 1.85033 1.96571e-20 
-0.0337938 1.85542 -6.36693e-21 
-0.116723 1.83472 -2.19692e-20 
-0.0657448 1.88375 -1.09598e-20 
-0.0770481 1.89833 6.46511e-20 
1.02184 0.0178943 -3.28006e-19 
1.02124 0.0126896 3.31577e-19 
1.01658 0.00984873 0 
1.00108 0.0453805 4.76976e-19 
0.993314 0.0328071 -5.49661e-19 
0.967125 0.0223031 6.34835e-19 
0.999599 0.0794413 -6.25397e-20 
1.02933 -0.0127414 0 
1.03461 0.00409966 2.7962e-19 
1.02694 -0.0123029 -2.81157e-19 
1.04803 0.04094 -1.57876e-20 
1.0502 0.0293797 1.39723e-19 
1.04564 0.0486325 0 
1.03735 0.0419335 -5.17291e-20 
1.03206 0.0276365 0 
1.02766 0.0191957 0 
1.03523 0.00905286 0 
1.03132 0.0127161 0 
1.03957 0.0258541 1.06724e-19 
1.04213 0.0190101 -2.3949e-19 
1.04055 0.0309928 -1.09527e-19 
1.03857 0.0302131 -1.25435e-19 
1.04333 0.0558245 2.30722e-19 
1.07061 0.0509932 0 
1.06966 0.0947583 0 
-0.0248283 1.83602 -1.52326e-20 
-0.0226855 1.82004 -1.26375e-21 
-0.0238257 1.82181 0 
-0.0162355 1.8352 1.53373e-20 
-0.0150355 1.82746 2.44932e-21 
-0.0143858 1.83262 -2.47449e-21 
-0.0417509 1.90029 2.91752e-20 
-0.0394653 1.86798 -2.40249e-21 
-0.0527123 1.87453 1.20612e-20 
-0.0228461 1.87178 -1.55931e-20 
-0.0274533 1.87657 1.89951e-20 
-0.0328059 1.80662 2.74523e-22 
-0.0332799 1.81387 1.87883e-20 
0.428511 1.40931 -3.9128e-19 
0.409373 1.41363 -3.45839e-19 
0.650536 1.40528 -5.72657e-19 
0.514689 1.46847 -3.13004e-19 
0.554403 1.44275 0 
0.600245 2.37819 1.35277e-19 
0.663766 2.3619 2.30345e-19 
0.438352 2.47565 9.59604e-20 
0.444011 2.55271 -1.62495e-19 
0.549587 2.50899 3.24233e-19 
0.533865 2.42961 0 
0.530175 2.44945 -3.90842e-19 
0.265692 2.61003 6.47205e-19 
0.374959 2.54046 -6.25057e-20 
0.282284 2.64725 -1.00902e-18 
0.914155 2.37728 2.1366e-19 
0.813692 2.35585 0 
1.0108 3.37831e-05 1.11686e-20 
1.01569 -0.00512344 -9.11816e-21 
1.01644 -0.0039401 -1.6147e-19 
1.01517 -0.000442852 1.66056e-19 
1.01266 0.0010097 0 
0.63163 1.25399 0 
0.63578 1.1595 0 
0.732732 1.09054 0 
0.626215 1.12567 0 
1.17607 2.6279 5.83711e-20 
1.06038 2.3597 0 
0.862149 2.24083 -1.41987e-21 
0.823042 2.49678 0 
0.921567 2.5808 3.90587e-21 
0.9642 2.52822 -2.60775e-21 
0.840063 0.141865 0 
0.812829 0.146003 9.0297e-20 
0.923847 0.127978 4.68481e-19 
0.86337 0.119839 -1.86608e-19 
0.856516 0.070954 -5.63431e-19 
1.02666 0.208488 -3.01214e-19 
0.954396 0.27888 -1.55804e-20 
0.886679 0.275669 4.29718e-19 
0.962396 0.199105 3.25307e-19 
0.932817 0.158854 -5.93728e-19 
0.909588 0.174273 7.64385e-20 
0.929618 0.236099 -1.52557e-19 
0.908271 0.192044 0 
0.968193 0.159897 2.8553e-19 
1.00258 0.159551 0 
1.00223 0.186671 0 
1.06489 0.105224 1.00414e-19 
1.02506 0.149176 -1.36489e-20 
1.02022 0.212128 -5.4731e-20 
1.0545 0.182931 0 
1.01845 0.0256777 2.5261e-19 
1.03312 0.0443179 3.02766e-19 
1.02893 0.0309551 -2.50858e-19 
1.02739 0.0481833 -2.03323e-19 
1.00879 0.0506461 -3.35644e-19 
0.976351 0.124127 0 
0.982736 0.0758848 0 
0.971062 0.0462966 -2.28484e-19 
0.935367 0.0573973 9.54137e-20 
1.01041 0.0799281 2.87456e-19 
1.02901 0.106532 -3.02222e-19 
1.0329 0.127985 2.73654e-19 
0.99472 0.123562 0 
1.03935 0.0950267 0 
1.02615 0.0792707 -1.25454e-19 
1.02417 0.0799003 -2.31105e-19 
0.573749 1.07361 -7.09784e-20 
0.613885 1.42616 1.70213e-19 
1.15051 2.75979 7.23864e-20 
1.21758 3.09686 -6.57964e-20 
1.24091 2.73019 5.04785e-19 
1.27326 2.71461 -3.14499e-19 
1.19873 2.34632 -8.30127e-21 
1.20344 2.99899 1.71758e-19 
1.22213 2.96283 -1.77432e-19 
1.20967 3.25055 -2.60118e-19 
1.37311 2.9795 3.60224e-19 
1.36588 2.89651 0 
0.503486 0.853174 -1.52177e-20 
0.163627 1.29414 3.82058e-19 
0.523221 0.546044 3.796e-19 
0.355427 0.316738 4.14277e-19 
0.570323 0.436833 4.3796e-19 
0.556228 0.502702 -6.99051e-19 
0.550515 0.52515 5.73186e-19 
0.522775 0.47473 -2.28104e-19 
0.487 0.415988 5.24719e-19 
0.765111 0.26948 -2.01869e-19 
0.734973 0.294177 0 
0.725286 0.250409 1.04981e-20 
0.720943 0.509508 2.06984e-19 
0.70136 0.472756 -7.60455e-19 
0.625857 0.501475 2.00403e-20 
0.644918 0.470963 0 
0.627252 0.737698 1.6852e-19 
0.77662 0.757271 8.24384e-20 
0.710974 0.844694 -1.04443e-19 
0.824107 0.790489 -2.98099e-20 
0.863802 0.832594 9.04413e-21 
0.872237 0.835058 -9.26117e-21 
0.786919 0.624699 -2.65089e-19 
0.868027 0.68632 2.77242e-20 
0.932388 0.697753 0 
0.920285 0.671021 -3.31186e-20 
0.980905 0.31417 7.54422e-20 
1.08483 0.276454 3.23572e-20 
1.01228 0.248311 1.23042e-19 
0.96623 0.346221 -1.68018e-19 
1.00867 0.40343 0 
1.0511 0.39703 0 
0.884668 0.343968 3.98447e-21 
0.819152 0.285241 0 
0.83489 0.278913 2.1703e-19 
0.878817 0.284033 -7.65702e-21 
0.903643 0.406493 8.78674e-19 
0.856267 0.459637 2.25161e-19 
0.867702 0.427559 -2.75534e-19 
0.808539 0.414989 2.94603e-19 
0.795639 0.409512 1.97326e-19 
0.777365 0.401181 -1.94019e-19 
1.02651 -0.00867173 2.67658e-19 
1.01993 -0.00355401 0 
1.01816 -0.00196957 1.76381e-19 
1.02348 -0.00418763 -3.98879e-19 
1.02344 0.000951122 1.9202e-19 
1.02113 0.0107368 -4.02029e-19 
1.02272 0.010594 0 
1.02207 0.0110251 -8.49664e-20 
1.01675 0.00647513 2.12356e-19 
1.01662 0.0098928 -1.07334e-19 
1.01762 0.00897091 7.83972e-20 
-0.208826 1.402 0 
-0.30993 1.54024 0 
-0.204536 1.24735 0 
-0.161301 1.27426 0 
-0.219443 1.41914 -1.08797e-18 
-0.0108957 1.22426 3.71364e-19 
0.0657359 1.72706 3.04525e-19 
0.0690016 1.37225 -2.31933e-19 
-0.366029 1.61419 3.29707e-19 
-0.368053 1.59734 -2.53848e-19 
-0.262899 1.35757 1.21527e-19 
-0.267608 1.37747 4.80152e-19 
-0.274808 1.39676 5.4775e-20 
-0.325553 1.50351 3.79112e-20 
-0.144802 2.55758 3.06614e-19 
-0.0135879 2.62591 0 
0.102783 2.325 -5.0854e-20 
0.0313773 1.88202 -1.93181e-19 
0.390236 2.12922 3.78947e-20 
0.268246 2.51299 0 
0.275664 2.45428 -2.17642e-19 
0.404796 2.41947 1.43117e-19 
0.323791 2.16155 1.27968e-19 
0.212962 2.33599 5.36312e-21 
0.115844 2.53219 0 
-0.364173 2.08115 1.75851e-19 
-0.274398 2.12918 -2.14905e-20 
-0.322462 2.05283 0 
-0.288136 2.28222 -1.07925e-21 
-0.364892 2.2663 -8.05973e-20 
-0.164818 1.70908 -3.45138e-23 
-0.112726 1.72594 1.10198e-20 
-0.110617 1.75636 -4.61666e-21 
-0.171339 1.75826 -2.51029e-21 
-0.222805 1.74299 0 
-0.0903873 1.75844 0 
-0.0297012 1.76382 1.41322e-20 
-0.0497256 1.77995 -4.26214e-21 
-0.0638418 1.76793 0 
-0.03806 1.73302 9.45276e-21 
-0.0220376 1.73787 -2.0195e-20 
1.03481 0.00739558 0 
1.04192 0.0108223 -2.66453e-20 
1.04468 0.0185496 -1.90755e-19 
1.04341 0.0195644 0 
1.04349 0.0206255 0 
1.0453 0.00742522 -6.00277e-21 
1.04077 0.00563951 3.1966e-19 
1.04156 0.0117837 3.82742e-19 
1.03317 0.0146392 0 
1.03028 0.0117737 0 
1.04059 0.0181377 1.9361e-19 
1.03075 0.0126544 0 
1.03069 0.0117025 0 
-0.0569006 1.83733 0 
-0.0397216 1.81249 2.8201e-21 
-0.043405 1.83074 1.0224e-20 
-0.0392183 1.78523 0 
-0.046463 1.80839 9.8693e-21 
-0.0379574 1.80215 -6.31102e-21 
-0.0387755 1.79566 0 
0.352369 1.71781 0 
0.363225 1.35075 5.54346e-19 
0.327039 1.38459 0 
0.421942 1.31459 -7.37608e-19 
0.48792 1.42185 0 
0.444027 1.41402 3.59366e-19 
1.02656 2.71009 -4.24035e-21 
0.942424 2.41572 -2.6938e-19 
0.867616 2.14887 3.74514e-19 
0.83737 2.35446 1.40099e-19 
0.843673 2.53025 0 
0.904264 2.52412 0 
0.880632 2.37165 0 
0.913682 2.32078 -4.92998e-19 
0.675077 2.50659 -5.06988e-20 
0.801819 2.5055 -1.98901e-20 
0.8062 2.47657 1.52832e-20 
0.680653 2.34598 0 
0.779607 2.35103 0 
0.747791 2.35332 -2.37573e-19 
0.753317 2.5073 0 
0.580495 1.08424 0 
0.466008 0.924528 -3.65766e-20 
0.514382 0.955444 -3.59253e-21 
0.503178 1.05071 0 
0.499359 1.00603 5.88087e-20 
0.733943 0.871395 3.14575e-21 
0.759161 1.00448 0 
0.729603 0.962249 -4.27555e-20 
0.594855 1.02593 0 
0.613947 0.937747 0 
1.157 2.77452 2.9937e-20 
1.13386 2.8412 1.01056e-19 
0.937825 2.36845 -2.41862e-19 
0.906111 2.34062 2.63113e-20 
1.12136 2.74521 0 
1.07313 2.71594 -3.13243e-20 
1.07444 2.48679 -9.45431e-20 
0.968135 2.21835 -2.98854e-20 
0.504965 1.36517 0 
0.505531 1.0616 6.25678e-20 
0.558946 1.13751 0 
0.856928 0.211199 0 
0.818925 0.158241 0 
0.777736 0.161754 0 
0.840809 0.222338 -3.40701e-19 
0.788818 0.22586 2.1066e-19 
0.938892 0.0528008 -1.96485e-19 
0.9453 0.0999155 0 
0.924635 0.105681 8.80602e-20 
0.889454 0.0806004 3.59936e-19 
0.88361 0.0501853 -2.22066e-19 
1.16175 3.37666 -9.6731e-19 
1.20661 3.29628 0 
1.16334 3.40332 -1.91427e-18 
0.650671 3.56465 1.64116e-18 
0.875604 3.13127 3.7246e-19 
0.489974 0.873598 2.35588e-19 
0.414189 0.861207 0 
0.352272 0.562966 -8.68841e-20 
0.420953 0.694841 4.04898e-19 
0.522772 0.54157 -1.19831e-19 
0.505879 0.566089 1.34754e-19 
0.639782 0.552277 2.89321e-19 
0.66483 0.548529 0 
0.606578 0.637255 0 
0.570093 0.572768 0 
0.921986 0.576659 -3.74529e-20 
0.854071 0.512392 -2.18148e-19 
0.874771 0.545529 1.18117e-19 
0.918235 0.48362 -1.60547e-19 
1.00786 0.468458 0 
1.02841 0.545526 -1.50697e-20 
0.833863 0.372581 -4.34662e-19 
0.833721 0.35831 -5.12503e-19 
0.792591 0.372334 3.41907e-19 
0.774647 0.34826 -3.81102e-19 
0.822843 0.30511 -2.86243e-19 
0.781981 0.303417 3.51394e-19 
1.02934 0.000965596 -2.04461e-19 
1.03134 -0.000834607 4.17193e-19 
1.02815 -0.00923083 2.55371e-19 
1.0325 -0.0107582 -3.06574e-19 
1.03745 0.000111993 0 
1.03631 0.00261803 -5.02757e-19 
-0.390553 1.97641 -4.82744e-20 
-0.378519 1.82343 0 
-0.245666 1.92185 -8.86478e-19 
-0.129193 1.88186 8.3016e-19 
-0.0656533 1.69709 -5.66749e-19 
-0.267538 1.73249 0 
-0.103911 1.83143 0 
-0.0854463 1.78492 -4.48015e-21 
-0.0629734 1.78743 4.05148e-21 
-0.0566213 1.80568 3.7382e-21 
-0.0698347 1.83936 -1.17201e-20 
-0.0797326 1.83714 8.73112e-21 
0.496228 1.38694 3.71547e-19 
0.464056 1.40041 -3.98686e-19 
0.440956 1.29963 3.71617e-19 
0.397217 1.32286 -2.32316e-20 
0.623098 1.29123 0 
0.551754 1.38515 5.01627e-19 
0.575501 1.35462 -4.86016e-19 
0.458329 1.27079 -3.65267e-19 
0.499024 1.22166 0 
0.556516 1.17549 0 
0.624283 2.45801 7.41648e-20 
0.663506 2.47152 6.20873e-19 
0.700591 2.48379 -4.23971e-19 
0.611661 2.45723 -1.31494e-19 
0.55822 2.56383 1.42365e-19 
0.554969 2.53499 -3.93688e-19 
0.954754 2.36745 -2.04303e-19 
0.998049 2.3895 0 
0.890439 2.13101 -2.77218e-19 
1.04277 2.69837 0 
1.04292 2.68728 0 
0.618302 2.30695 2.3077e-19 
1.03899 3.17968 4.64572e-19 
0.910501 3.05092 -4.1771e-19 
0.296452 0.978047 0 
0.346498 0.847124 -1.56702e-19 
0.484307 0.789266 -7.76177e-20 
0.410731 2.05834 0 
0.475821 2.8002 -2.593e-19 
0.436074 2.56625 0 
0.636048 0.685008 -3.50759e-19 
0.709961 0.66363 4.59176e-19 
0.735213 0.608083 -4.50856e-19 
0.622715 0.648845 -5.13252e-20 
0.685497 0.60199 -2.10665e-19 
0.998847 2.78785 -3.53135e-19 
1.03277 2.84364 2.53567e-19 
0.646808 2.1995 7.94732e-20 
0.596084 1.74822 -8.77081e-20 
0.693281 1.93293 6.24205e-20 
0.984641 2.47117 -7.42966e-20 
0.989121 2.47338 -1.2393e-19 
0.666188 1.88392 -2.52658e-21 
0.441583 1.35209 -5.5723e-20 
))
(300 (2 10 3 0 0 919 1018)(
0 0 0 
0 0 0 
0 0 0 
0 0 0 
0 0 0 
0 0 0 
0 0 0 
0 0 0 
0 0 0 
0 0 0 
0 0 0 
0 0 0 
0 0 0 
0 0 0 
0 0 0 
0 0 0 
0 0 0 
0 0 0 
0 0 0 
0 0 0 
0 0 0 
0 0 0 
0 0 0 
0 0 0 
0 0 0 
0 0 0 
0 0 0 
0 0 0 
0 0 0 
0 0 0 
0 0 0 
0 0 0 
0 0 0 
0 0 0 
0 0 0 
0 0 0 
0 0 0 
0 0 0 
0 0 0 
0 0 0 
0 0 0 
0 0 0 
0 0 0 
0 0 0 
0 0 0 
0 0 0 
0 0 0 
0 0 0 
0 0 0 
0 0 0 
0 0 0 
0 0 0 
0 0 0 
0 0 0 
0 0 0 
0 0 0 
0 0 0 
0 0 0 
0 0 0 
0 0 0 
0 0 0 
0 0 0 
0 0 0 
0 0 0 
0 0 0 
0 0 0 
0 0 0 
0 0 0 
0 0 0 
0 0 0 
0 0 0 
0 0 0 
0 0 0 
0 0 0 
0 0 0 
0 0 0 
0 0 0 
0 0 0 
0 0 0 
0 0 0 
0 0 0 
0 0 0 
0 0 0 
0 0 0 
0 0 0 
0 0 0 
0 0 0 
0 0 0 
0 0 0 
0 0 0 
0 0 0 
0 0 0 
0 0 0 
0 0 0 
0 0 0 
0 0 0 
0 0 0 
0 0 0 
0 0 0 
0 0 0 
))
(300 (2 11 3 0 0 1019 1026)(
1 0 0 
1 0 0 
1 0 0 
1 0 0 
1 0 0 
1 0 0 
1 0 0 
1 0 0 
))
(300 (2 12 3 0 0 1027 1030)(
0 3 0 
0 3 0 
0 3 0 
0 3 0 
))
(300 (2 13 3 0 0 1031 1038)(
-0.0101558 1.60812 0 
-0.00384357 1.57324 4.57354e-21 
-0.0231055 1.74885 0 
-0.00510872 1.83007 0 
-0.0155184 1.80746 0 
-0.0154648 1.80903 0 
-0.0173824 1.79986 0 
-0.0122363 1.81403 0 
))
(300 (2 14 3 0 0 1039 1072)(
0 0 0 
0 0 0 
0 0 0 
0 0 0 
0 0 0 
0 0 0 
0 0 0 
0 0 0 
0 0 0 
0 0 0 
0 0 0 
0 0 0 
0 0 0 
0 0 0 
0 0 0 
0 0 0 
0 0 0 
0 0 0 
0 0 0 
0 0 0 
0 0 0 
0 0 0 
0 0 0 
0 0 0 
0 0 0 
0 0 0 
0 0 0 
0 0 0 
0 0 0 
0 0 0 
0 0 0 
0 0 0 
0 0 0 
0 0 0 
))
(300 (2 15 3 0 0 1073 1072)(
))
