(0 "FOAM to Fluent data File")

(33 (918 3444 1074))
(300 (1 1 1 0 0 1 918)(
0.601698
1.254
0.00482975
0.601001
0.0021194
1.22101
-0.454088
0.770351
0.581824
-0.0462218
0.0178419
0.57637
1.0818
0.847979
-1.08364
0.107538
0.721259
-0.33637
0.580823
-0.0242747
0.804093
0.588426
0.591461
0.582051
0.643212
0.827786
0.962829
-0.0245871
-0.0162093
-0.0176247
0.0415526
0.0461665
0.0616379
1.10465
1.15574
1.17843
0.550245
0.375719
-0.314916
-0.386117
-0.381688
-0.483762
0.76174
0.763883
-0.12456
0.771474
0.78109
0.569073
0.581186
0.582074
0.583183
0.582126
0.583526
0.45784
-0.0528982
-0.0850616
-0.0254772
-0.0153085
0.126419
0.0170741
0.0132665
0.0204305
0.0212473
0.501645
0.572395
0.569527
0.581299
0.589318
1.19355
1.16546
1.1916
1.10533
1.12178
1.05977
1.03231
0.868318
0.890215
0.833651
0.819783
-1.52182
-2.48484
-0.487325
-0.232812
-0.0276812
0.095706
0.10222
0.71228
0.711612
0.722465
0.734849
1.12535
-0.331403
-0.453691
0.580959
0.579754
0.588144
0.588838
0.584849
0.583945
-0.0168136
-0.0083554
-0.0464742
-0.0292692
-0.032274
0.793283
0.791972
0.582596
0.579618
0.596605
0.617053
0.608957
0.334908
0.647512
0.66095
0.650007
0.815297
0.811589
0.819595
0.93651
0.899974
0.999773
1.02308
-0.0405085
-0.052582
0.105456
0.0868129
0.100243
0.546204
0.538971
0.564939
0.553595
0.555996
0.291206
0.156
0.461648
0.487068
-0.226387
-0.28896
-0.390924
-0.408372
-0.515314
0.649642
0.751157
0.75148
-0.144517
-0.0657751
-0.201501
0.00738433
-0.0532272
0.559498
0.566399
0.561468
0.576815
0.571333
0.573273
0.585409
0.582488
0.584049
0.521992
0.646024
0.384441
0.352
-0.19723
-0.103917
-0.199485
-0.00318077
0.00276534
0.13416
0.157204
0.114759
0.105978
0.00649668
0.0133075
0.00895096
0.0237535
0.0218087
0.494736
0.484259
0.513809
0.520899
0.562922
0.563989
0.567064
0.565716
0.983105
1.00559
1.01299
0.986626
-3.48676
-6.29108
0.0966281
0.235865
-0.0973538
-0.0807389
-0.0451722
0.0253843
-0.0164074
-0.00109553
0.0859177
0.0805098
0.0913737
0.0919043
0.696798
0.696073
1.04234
1.04015
1.02613
0.975126
0.569018
0.571141
0.576712
0.57255
0.0169102
-0.0043522
0.0102736
0.78034
0.787529
0.786982
0.298413
0.213343
0.38354
0.410876
0.68231
0.66585
0.679617
0.712762
0.749049
1.03056
1.04875
1.047
1.05527
1.09924
1.11559
1.08101
0.526392
0.535976
0.531174
0.568172
0.565844
0.566799
0.562204
0.563753
0.561498
0.00374464
-0.380183
0.543392
0.559814
0.536145
0.544417
0.727146
0.800154
0.734261
0.743526
0.743141
0.0731743
0.0163197
0.309342
0.275078
0.437505
0.472012
0.452117
0.954386
0.914432
0.964579
0.938008
0.89912
0.925678
-0.33197
-1.8464
-0.95704
0.591887
0.40276
0.491902
0.0907955
0.0844939
0.0875447
1.03381
1.11321
0.701862
0.866954
0.8769
0.784678
0.815143
0.873904
0.798618
0.834168
0.868894
0.847711
0.606346
0.556648
0.563687
0.868253
0.923281
0.187351
0.133203
0.089174
0.178296
0.230564
0.207054
1.07891
0.979746
1.05122
0.579363
0.580052
-0.0572646
-0.0519045
0.584171
0.58421
0.0356988
0.064937
0.473406
-0.793638
0.176677
0.572642
0.562953
0.579834
-0.0285956
0.416643
0.0122942
0.118638
0.0836556
0.573651
0.511713
0.47305
-0.0949287
0.0891182
-0.0106194
-0.158774
0.577038
0.575348
0.579297
0.580292
0.580948
-0.106456
-0.0604001
-0.111215
-0.0387678
-0.042311
-0.0362944
0.544657
0.561689
-0.111058
0.57941
0.581549
0.581357
0.57451
0.580196
0.578411
0.0701639
0.0625731
0.0927365
0.283651
0.403339
0.720436
0.815881
0.68615
0.459227
0.220072
0.620268
0.685706
0.58816
0.74652
0.744387
0.763453
0.239609
0.0921215
0.247718
0.190283
0.570508
0.569157
0.561185
0.558303
0.574697
0.572797
0.577336
0.574283
0.57727
0.578695
0.0106893
-0.010529
-0.0278182
-0.0881888
0.373182
0.63298
0.310206
0.341099
0.211433
0.0253734
0.0229099
0.0103837
0.0066225
0.0659132
0.0659668
0.115562
0.122635
0.102182
0.0815101
0.0628648
0.0599547
0.051794
0.56755
0.566235
0.572148
0.580757
0.520899
0.524734
0.491209
0.510895
0.497035
0.437857
0.472443
0.447868
0.0109165
-0.0392568
-0.0103031
0.0794121
0.0841928
-0.0103015
-0.05534
-0.0444244
-0.0467711
-0.0478665
0.00349928
0.00435512
-0.118163
-0.231576
1.02961
0.96933
0.169172
0.566253
0.572655
0.569454
0.574253
0.57734
0.57819
0.575953
0.572529
0.56229
0.564071
0.560426
0.561051
-0.0502869
-0.188496
-0.0125942
-0.0799651
0.18521
0.675926
0.416476
0.35688
0.350781
0.572399
0.970077
0.765903
0.761992
0.785016
-0.298018
0.0987038
-0.230822
0.387443
0.209566
0.720343
0.769366
0.790049
0.738378
0.690377
-0.0667393
0.593266
-0.000577981
0.0446335
0.23724
0.129356
0.763359
0.727823
0.733418
0.750914
0.769963
0.73336
0.713432
0.708326
0.746948
0.751292
0.548145
0.31674
0.27211
0.233346
0.711484
0.589051
0.646678
0.559311
0.565429
0.568232
0.5668
0.549304
0.55663
0.552338
0.558135
0.561318
0.570427
0.570771
0.566187
0.56836
0.00776412
0.00594163
0.023468
-0.0836107
-0.0718731
-0.131539
-0.0142176
0.123703
0.0874514
0.280475
0.386948
0.0999108
-0.0149591
0.0151286
0.0455518
0.224937
0.24987
0.130744
0.227205
0.206821
0.193171
0.296156
0.30523
0.0387563
0.0310524
0.0271685
0.0260728
0.0873227
0.160786
0.170198
0.0674571
0.0604209
0.0223701
0.0274815
0.0361223
0.033542
0.0356111
0.0748398
0.00798174
0.0653564
0.0710371
0.0700935
0.069916
0.0644844
0.561029
0.562945
0.562732
0.570138
0.586741
0.601838
0.562279
0.542674
0.533687
0.536667
0.51043
0.520343
0.516748
0.529244
0.549588
0.558058
0.556321
0.558784
0.54216
0.543573
0.531087
0.534675
0.511211
0.492756
0.481124
-0.0083685
-0.0258608
-0.00827019
-0.00540311
0.00375328
0.0188725
0.0806458
0.0927781
0.0771292
0.0796024
0.0695605
0.00104969
0.00672147
-0.0274407
0.0505864
-0.134854
-0.167425
-0.236648
0.93428
1.05298
0.859703
0.636298
0.64714
0.885952
0.972328
0.599109
0.781058
0.805422
0.621994
0.883947
0.571071
0.570637
0.568231
0.56772
0.568952
0.0383833
0.13887
0.148434
0.202607
0.317517
0.430889
0.355622
0.229279
0.362686
0.367939
0.671134
0.686818
0.634074
0.657686
0.655049
0.483205
0.561109
0.616657
0.568929
0.615033
0.637385
0.598105
0.62855
0.574174
0.530764
0.529308
0.476419
0.497105
0.475507
0.457583
0.560543
0.538382
0.548871
0.539653
0.558934
0.585077
0.580471
0.608136
0.61927
0.544331
0.504132
0.513879
0.542522
0.502811
0.51594
0.531582
0.269067
0.169071
0.252523
-0.0397807
0.0410006
0.0257179
-0.0212621
0.0244631
0.310578
-0.388169
-0.361252
-0.99411
0.533124
1.00148
0.716935
0.688786
0.765693
0.744436
0.747048
0.769766
0.776886
0.701043
0.719124
0.722905
0.67898
0.702793
0.724976
0.722921
0.567272
0.441709
0.432831
0.393215
0.268315
0.30181
0.504377
0.426758
0.353272
0.356896
0.519272
0.408191
0.474459
0.512896
0.444527
0.399593
0.603209
0.669947
0.660106
0.63553
0.550982
0.564243
0.589398
0.625519
0.652689
0.684539
0.557923
0.563683
0.564964
0.562462
0.559626
0.562556
0.562647
0.565166
0.566016
0.568921
0.567914
0.0144256
0.0258993
0.0169011
0.00944815
0.0354202
0.0293261
0.0726503
0.0588851
0.0491955
0.0565724
0.0285196
0.0236801
0.0298038
0.0394057
0.150513
0.164208
0.147187
0.107576
0.292997
0.425374
0.494154
0.371856
0.266184
0.289829
0.314494
0.04582
0.0765781
0.0610905
0.103368
0.0914282
0.0375046
0.0254622
0.0281306
0.0397248
0.0502333
0.0276423
0.0242366
0.0342832
0.0314701
0.0256441
0.0103127
0.544731
0.538333
0.539553
0.533763
0.532687
0.5462
0.550501
0.552193
0.557473
0.559383
0.550041
0.555391
0.558912
0.0629386
0.0147018
0.0245191
0.0370677
0.0257974
0.0238947
0.0259841
0.163342
0.0889055
0.0944304
0.0521564
-0.0726806
-0.0163496
0.529306
0.52786
0.528805
0.755976
0.607351
0.527368
0.624067
0.729517
0.311969
0.51126
0.344159
0.924605
0.817362
0.96253
0.580906
0.281766
0.436216
0.486296
0.295615
0.36822
0.372885
0.262804
0.294383
0.325882
0.426022
0.30534
0.279918
0.0382707
0.226753
0.342434
0.323458
0.451325
0.514451
0.301559
0.222055
0.17635
0.663063
0.682538
0.70219
0.672063
0.696763
0.620042
0.611144
0.629169
0.63691
0.631586
-0.722445
-0.430484
-1.37466
-0.690156
-0.241067
0.562267
0.526513
0.803404
0.692002
0.756668
0.742148
0.702877
0.669009
0.68036
0.712928
0.412789
0.523008
0.497482
0.503349
0.40563
0.338923
0.638374
0.632445
0.667978
0.692299
0.660109
0.693292
0.555568
0.555248
0.554898
0.551373
0.549806
0.551942
0.111406
0.082306
0.113809
0.0965023
0.0758012
0.06373
0.0635818
0.0528004
0.0477675
0.0439643
0.0713771
0.0699044
0.205968
0.147359
0.0697319
0.100357
0.0414947
-0.025235
-0.0434882
0.0555953
0.148329
0.138882
0.443018
0.693912
0.515631
0.684152
0.523309
0.578933
0.518993
0.509528
0.538562
0.421272
0.500479
0.261597
-0.240542
-0.149763
0.818434
0.837146
0.61895
0.4326
0.203827
0.392928
0.594057
0.530297
0.568836
0.637707
0.629791
0.0491164
0.116624
0.375477
0.603759
0.273481
0.26466
0.259748
0.4338
0.35851
))
(300 (1 10 1 0 0 919 1018)(
0.601698
1.254
0.00482975
0.601001
1.22101
-0.454088
0.770351
-0.0462218
0.0178419
0.57637
1.0818
0.847979
-1.08364
0.721259
-0.33637
0.580823
-0.0242747
0.804093
0.582051
0.643212
0.827786
0.962829
-0.0245871
1.10465
0.550245
-0.386117
-0.483762
0.763883
-0.12456
0.78109
0.569073
-0.0850616
-0.0153085
0.0132665
0.0212473
0.501645
0.569527
0.589318
1.12178
1.03231
0.890215
0.819783
-2.48484
-0.232812
0.711612
0.734849
-0.453691
0.579754
0.583945
-0.0083554
-0.032274
0.791972
0.579618
0.608957
0.334908
0.66095
0.650007
0.819595
0.899974
1.02308
0.538971
0.564939
0.555996
-0.28896
-0.515314
0.75148
-0.201501
-0.0532272
0.561468
0.573273
-0.199485
0.00276534
0.00895096
0.0218087
0.484259
0.520899
0.562922
0.565716
0.986626
0.235865
0.696073
0.569018
0.57255
0.0102736
0.786982
0.213343
0.410876
0.679617
0.749049
1.05527
0.531174
0.566799
0.561498
0.743141
0.0163197
0.452117
0.938008
0.491902
0.834168
0.089174
))
(300 (1 11 1 0 0 919 926)(
0.601698
0.601001
0.581824
0.588426
0.582074
0.583526
0.588144
0.584049
))
(300 (1 12 1 0 0 919 922)(
1.254
1.22101
1.17843
1.1916
))
(300 (1 13 1 0 0 919 926)(
0
0
0
0
0
0
0
0
))
(300 (1 14 1 0 0 919 952)(
0.0021194
0.107538
0.0616379
0.375719
0.45784
0.126419
0.10222
1.12535
0.100243
0.156
0.487068
0.649642
0.646024
0.352
0.157204
0.105978
-6.29108
0.0859177
0.0919043
1.04015
0.975126
-0.380183
0.543392
0.544417
0.800154
0.275078
-0.95704
0.0875447
1.11321
0.8769
0.563687
0.923281
0.207054
1.05122
))
(300 (1 15 1 0 0 919 2754)(
0.601698
0.601698
1.254
1.254
0.00482975
0.00482975
0.601001
0.601001
0.0021194
0.0021194
1.22101
1.22101
-0.454088
-0.454088
0.770351
0.770351
0.581824
0.581824
-0.0462218
-0.0462218
0.0178419
0.0178419
0.57637
0.57637
1.0818
1.0818
0.847979
0.847979
-1.08364
-1.08364
0.107538
0.107538
0.721259
0.721259
-0.33637
-0.33637
0.580823
0.580823
-0.0242747
-0.0242747
0.804093
0.804093
0.588426
0.588426
0.591461
0.591461
0.582051
0.582051
0.643212
0.643212
0.827786
0.827786
0.962829
0.962829
-0.0245871
-0.0245871
-0.0162093
-0.0162093
-0.0176247
-0.0176247
0.0415526
0.0415526
0.0461665
0.0461665
0.0616379
0.0616379
1.10465
1.10465
1.15574
1.15574
1.17843
1.17843
0.550245
0.550245
0.375719
0.375719
-0.314916
-0.314916
-0.386117
-0.386117
-0.381688
-0.381688
-0.483762
-0.483762
0.76174
0.76174
0.763883
0.763883
-0.12456
-0.12456
0.771474
0.771474
0.78109
0.78109
0.569073
0.569073
0.581186
0.581186
0.582074
0.582074
0.583183
0.583183
0.582126
0.582126
0.583526
0.583526
0.45784
0.45784
-0.0528982
-0.0528982
-0.0850616
-0.0850616
-0.0254772
-0.0254772
-0.0153085
-0.0153085
0.126419
0.126419
0.0170741
0.0170741
0.0132665
0.0132665
0.0204305
0.0204305
0.0212473
0.0212473
0.501645
0.501645
0.572395
0.572395
0.569527
0.569527
0.581299
0.581299
0.589318
0.589318
1.19355
1.19355
1.16546
1.16546
1.1916
1.1916
1.10533
1.10533
1.12178
1.12178
1.05977
1.05977
1.03231
1.03231
0.868318
0.868318
0.890215
0.890215
0.833651
0.833651
0.819783
0.819783
-1.52182
-1.52182
-2.48484
-2.48484
-0.487325
-0.487325
-0.232812
-0.232812
-0.0276812
-0.0276812
0.095706
0.095706
0.10222
0.10222
0.71228
0.71228
0.711612
0.711612
0.722465
0.722465
0.734849
0.734849
1.12535
1.12535
-0.331403
-0.331403
-0.453691
-0.453691
0.580959
0.580959
0.579754
0.579754
0.588144
0.588144
0.588838
0.588838
0.584849
0.584849
0.583945
0.583945
-0.0168136
-0.0168136
-0.0083554
-0.0083554
-0.0464742
-0.0464742
-0.0292692
-0.0292692
-0.032274
-0.032274
0.793283
0.793283
0.791972
0.791972
0.582596
0.582596
0.579618
0.579618
0.596605
0.596605
0.617053
0.617053
0.608957
0.608957
0.334908
0.334908
0.647512
0.647512
0.66095
0.66095
0.650007
0.650007
0.815297
0.815297
0.811589
0.811589
0.819595
0.819595
0.93651
0.93651
0.899974
0.899974
0.999773
0.999773
1.02308
1.02308
-0.0405085
-0.0405085
-0.052582
-0.052582
0.105456
0.105456
0.0868129
0.0868129
0.100243
0.100243
0.546204
0.546204
0.538971
0.538971
0.564939
0.564939
0.553595
0.553595
0.555996
0.555996
0.291206
0.291206
0.156
0.156
0.461648
0.461648
0.487068
0.487068
-0.226387
-0.226387
-0.28896
-0.28896
-0.390924
-0.390924
-0.408372
-0.408372
-0.515314
-0.515314
0.649642
0.649642
0.751157
0.751157
0.75148
0.75148
-0.144517
-0.144517
-0.0657751
-0.0657751
-0.201501
-0.201501
0.00738433
0.00738433
-0.0532272
-0.0532272
0.559498
0.559498
0.566399
0.566399
0.561468
0.561468
0.576815
0.576815
0.571333
0.571333
0.573273
0.573273
0.585409
0.585409
0.582488
0.582488
0.584049
0.584049
0.521992
0.521992
0.646024
0.646024
0.384441
0.384441
0.352
0.352
-0.19723
-0.19723
-0.103917
-0.103917
-0.199485
-0.199485
-0.00318077
-0.00318077
0.00276534
0.00276534
0.13416
0.13416
0.157204
0.157204
0.114759
0.114759
0.105978
0.105978
0.00649668
0.00649668
0.0133075
0.0133075
0.00895096
0.00895096
0.0237535
0.0237535
0.0218087
0.0218087
0.494736
0.494736
0.484259
0.484259
0.513809
0.513809
0.520899
0.520899
0.562922
0.562922
0.563989
0.563989
0.567064
0.567064
0.565716
0.565716
0.983105
0.983105
1.00559
1.00559
1.01299
1.01299
0.986626
0.986626
-3.48676
-3.48676
-6.29108
-6.29108
0.0966281
0.0966281
0.235865
0.235865
-0.0973538
-0.0973538
-0.0807389
-0.0807389
-0.0451722
-0.0451722
0.0253843
0.0253843
-0.0164074
-0.0164074
-0.00109553
-0.00109553
0.0859177
0.0859177
0.0805098
0.0805098
0.0913737
0.0913737
0.0919043
0.0919043
0.696798
0.696798
0.696073
0.696073
1.04234
1.04234
1.04015
1.04015
1.02613
1.02613
0.975126
0.975126
0.569018
0.569018
0.571141
0.571141
0.576712
0.576712
0.57255
0.57255
0.0169102
0.0169102
-0.0043522
-0.0043522
0.0102736
0.0102736
0.78034
0.78034
0.787529
0.787529
0.786982
0.786982
0.298413
0.298413
0.213343
0.213343
0.38354
0.38354
0.410876
0.410876
0.68231
0.68231
0.66585
0.66585
0.679617
0.679617
0.712762
0.712762
0.749049
0.749049
1.03056
1.03056
1.04875
1.04875
1.047
1.047
1.05527
1.05527
1.09924
1.09924
1.11559
1.11559
1.08101
1.08101
0.526392
0.526392
0.535976
0.535976
0.531174
0.531174
0.568172
0.568172
0.565844
0.565844
0.566799
0.566799
0.562204
0.562204
0.563753
0.563753
0.561498
0.561498
0.00374464
0.00374464
-0.380183
-0.380183
0.543392
0.543392
0.559814
0.559814
0.536145
0.536145
0.544417
0.544417
0.727146
0.727146
0.800154
0.800154
0.734261
0.734261
0.743526
0.743526
0.743141
0.743141
0.0731743
0.0731743
0.0163197
0.0163197
0.309342
0.309342
0.275078
0.275078
0.437505
0.437505
0.472012
0.472012
0.452117
0.452117
0.954386
0.954386
0.914432
0.914432
0.964579
0.964579
0.938008
0.938008
0.89912
0.89912
0.925678
0.925678
-0.33197
-0.33197
-1.8464
-1.8464
-0.95704
-0.95704
0.591887
0.591887
0.40276
0.40276
0.491902
0.491902
0.0907955
0.0907955
0.0844939
0.0844939
0.0875447
0.0875447
1.03381
1.03381
1.11321
1.11321
0.701862
0.701862
0.866954
0.866954
0.8769
0.8769
0.784678
0.784678
0.815143
0.815143
0.873904
0.873904
0.798618
0.798618
0.834168
0.834168
0.868894
0.868894
0.847711
0.847711
0.606346
0.606346
0.556648
0.556648
0.563687
0.563687
0.868253
0.868253
0.923281
0.923281
0.187351
0.187351
0.133203
0.133203
0.089174
0.089174
0.178296
0.178296
0.230564
0.230564
0.207054
0.207054
1.07891
1.07891
0.979746
0.979746
1.05122
1.05122
0.579363
0.579363
0.580052
0.580052
-0.0572646
-0.0572646
-0.0519045
-0.0519045
0.584171
0.584171
0.58421
0.58421
0.0356988
0.0356988
0.064937
0.064937
0.473406
0.473406
-0.793638
-0.793638
0.176677
0.176677
0.572642
0.572642
0.562953
0.562953
0.579834
0.579834
-0.0285956
-0.0285956
0.416643
0.416643
0.0122942
0.0122942
0.118638
0.118638
0.0836556
0.0836556
0.573651
0.573651
0.511713
0.511713
0.47305
0.47305
-0.0949287
-0.0949287
0.0891182
0.0891182
-0.0106194
-0.0106194
-0.158774
-0.158774
0.577038
0.577038
0.575348
0.575348
0.579297
0.579297
0.580292
0.580292
0.580948
0.580948
-0.106456
-0.106456
-0.0604001
-0.0604001
-0.111215
-0.111215
-0.0387678
-0.0387678
-0.042311
-0.042311
-0.0362944
-0.0362944
0.544657
0.544657
0.561689
0.561689
-0.111058
-0.111058
0.57941
0.57941
0.581549
0.581549
0.581357
0.581357
0.57451
0.57451
0.580196
0.580196
0.578411
0.578411
0.0701639
0.0701639
0.0625731
0.0625731
0.0927365
0.0927365
0.283651
0.283651
0.403339
0.403339
0.720436
0.720436
0.815881
0.815881
0.68615
0.68615
0.459227
0.459227
0.220072
0.220072
0.620268
0.620268
0.685706
0.685706
0.58816
0.58816
0.74652
0.74652
0.744387
0.744387
0.763453
0.763453
0.239609
0.239609
0.0921215
0.0921215
0.247718
0.247718
0.190283
0.190283
0.570508
0.570508
0.569157
0.569157
0.561185
0.561185
0.558303
0.558303
0.574697
0.574697
0.572797
0.572797
0.577336
0.577336
0.574283
0.574283
0.57727
0.57727
0.578695
0.578695
0.0106893
0.0106893
-0.010529
-0.010529
-0.0278182
-0.0278182
-0.0881888
-0.0881888
0.373182
0.373182
0.63298
0.63298
0.310206
0.310206
0.341099
0.341099
0.211433
0.211433
0.0253734
0.0253734
0.0229099
0.0229099
0.0103837
0.0103837
0.0066225
0.0066225
0.0659132
0.0659132
0.0659668
0.0659668
0.115562
0.115562
0.122635
0.122635
0.102182
0.102182
0.0815101
0.0815101
0.0628648
0.0628648
0.0599547
0.0599547
0.051794
0.051794
0.56755
0.56755
0.566235
0.566235
0.572148
0.572148
0.580757
0.580757
0.520899
0.520899
0.524734
0.524734
0.491209
0.491209
0.510895
0.510895
0.497035
0.497035
0.437857
0.437857
0.472443
0.472443
0.447868
0.447868
0.0109165
0.0109165
-0.0392568
-0.0392568
-0.0103031
-0.0103031
0.0794121
0.0794121
0.0841928
0.0841928
-0.0103015
-0.0103015
-0.05534
-0.05534
-0.0444244
-0.0444244
-0.0467711
-0.0467711
-0.0478665
-0.0478665
0.00349928
0.00349928
0.00435512
0.00435512
-0.118163
-0.118163
-0.231576
-0.231576
1.02961
1.02961
0.96933
0.96933
0.169172
0.169172
0.566253
0.566253
0.572655
0.572655
0.569454
0.569454
0.574253
0.574253
0.57734
0.57734
0.57819
0.57819
0.575953
0.575953
0.572529
0.572529
0.56229
0.56229
0.564071
0.564071
0.560426
0.560426
0.561051
0.561051
-0.0502869
-0.0502869
-0.188496
-0.188496
-0.0125942
-0.0125942
-0.0799651
-0.0799651
0.18521
0.18521
0.675926
0.675926
0.416476
0.416476
0.35688
0.35688
0.350781
0.350781
0.572399
0.572399
0.970077
0.970077
0.765903
0.765903
0.761992
0.761992
0.785016
0.785016
-0.298018
-0.298018
0.0987038
0.0987038
-0.230822
-0.230822
0.387443
0.387443
0.209566
0.209566
0.720343
0.720343
0.769366
0.769366
0.790049
0.790049
0.738378
0.738378
0.690377
0.690377
-0.0667393
-0.0667393
0.593266
0.593266
-0.000577981
-0.000577981
0.0446335
0.0446335
0.23724
0.23724
0.129356
0.129356
0.763359
0.763359
0.727823
0.727823
0.733418
0.733418
0.750914
0.750914
0.769963
0.769963
0.73336
0.73336
0.713432
0.713432
0.708326
0.708326
0.746948
0.746948
0.751292
0.751292
0.548145
0.548145
0.31674
0.31674
0.27211
0.27211
0.233346
0.233346
0.711484
0.711484
0.589051
0.589051
0.646678
0.646678
0.559311
0.559311
0.565429
0.565429
0.568232
0.568232
0.5668
0.5668
0.549304
0.549304
0.55663
0.55663
0.552338
0.552338
0.558135
0.558135
0.561318
0.561318
0.570427
0.570427
0.570771
0.570771
0.566187
0.566187
0.56836
0.56836
0.00776412
0.00776412
0.00594163
0.00594163
0.023468
0.023468
-0.0836107
-0.0836107
-0.0718731
-0.0718731
-0.131539
-0.131539
-0.0142176
-0.0142176
0.123703
0.123703
0.0874514
0.0874514
0.280475
0.280475
0.386948
0.386948
0.0999108
0.0999108
-0.0149591
-0.0149591
0.0151286
0.0151286
0.0455518
0.0455518
0.224937
0.224937
0.24987
0.24987
0.130744
0.130744
0.227205
0.227205
0.206821
0.206821
0.193171
0.193171
0.296156
0.296156
0.30523
0.30523
0.0387563
0.0387563
0.0310524
0.0310524
0.0271685
0.0271685
0.0260728
0.0260728
0.0873227
0.0873227
0.160786
0.160786
0.170198
0.170198
0.0674571
0.0674571
0.0604209
0.0604209
0.0223701
0.0223701
0.0274815
0.0274815
0.0361223
0.0361223
0.033542
0.033542
0.0356111
0.0356111
0.0748398
0.0748398
0.00798174
0.00798174
0.0653564
0.0653564
0.0710371
0.0710371
0.0700935
0.0700935
0.069916
0.069916
0.0644844
0.0644844
0.561029
0.561029
0.562945
0.562945
0.562732
0.562732
0.570138
0.570138
0.586741
0.586741
0.601838
0.601838
0.562279
0.562279
0.542674
0.542674
0.533687
0.533687
0.536667
0.536667
0.51043
0.51043
0.520343
0.520343
0.516748
0.516748
0.529244
0.529244
0.549588
0.549588
0.558058
0.558058
0.556321
0.556321
0.558784
0.558784
0.54216
0.54216
0.543573
0.543573
0.531087
0.531087
0.534675
0.534675
0.511211
0.511211
0.492756
0.492756
0.481124
0.481124
-0.0083685
-0.0083685
-0.0258608
-0.0258608
-0.00827019
-0.00827019
-0.00540311
-0.00540311
0.00375328
0.00375328
0.0188725
0.0188725
0.0806458
0.0806458
0.0927781
0.0927781
0.0771292
0.0771292
0.0796024
0.0796024
0.0695605
0.0695605
0.00104969
0.00104969
0.00672147
0.00672147
-0.0274407
-0.0274407
0.0505864
0.0505864
-0.134854
-0.134854
-0.167425
-0.167425
-0.236648
-0.236648
0.93428
0.93428
1.05298
1.05298
0.859703
0.859703
0.636298
0.636298
0.64714
0.64714
0.885952
0.885952
0.972328
0.972328
0.599109
0.599109
0.781058
0.781058
0.805422
0.805422
0.621994
0.621994
0.883947
0.883947
0.571071
0.571071
0.570637
0.570637
0.568231
0.568231
0.56772
0.56772
0.568952
0.568952
0.0383833
0.0383833
0.13887
0.13887
0.148434
0.148434
0.202607
0.202607
0.317517
0.317517
0.430889
0.430889
0.355622
0.355622
0.229279
0.229279
0.362686
0.362686
0.367939
0.367939
0.671134
0.671134
0.686818
0.686818
0.634074
0.634074
0.657686
0.657686
0.655049
0.655049
0.483205
0.483205
0.561109
0.561109
0.616657
0.616657
0.568929
0.568929
0.615033
0.615033
0.637385
0.637385
0.598105
0.598105
0.62855
0.62855
0.574174
0.574174
0.530764
0.530764
0.529308
0.529308
0.476419
0.476419
0.497105
0.497105
0.475507
0.475507
0.457583
0.457583
0.560543
0.560543
0.538382
0.538382
0.548871
0.548871
0.539653
0.539653
0.558934
0.558934
0.585077
0.585077
0.580471
0.580471
0.608136
0.608136
0.61927
0.61927
0.544331
0.544331
0.504132
0.504132
0.513879
0.513879
0.542522
0.542522
0.502811
0.502811
0.51594
0.51594
0.531582
0.531582
0.269067
0.269067
0.169071
0.169071
0.252523
0.252523
-0.0397807
-0.0397807
0.0410006
0.0410006
0.0257179
0.0257179
-0.0212621
-0.0212621
0.0244631
0.0244631
0.310578
0.310578
-0.388169
-0.388169
-0.361252
-0.361252
-0.99411
-0.99411
0.533124
0.533124
1.00148
1.00148
0.716935
0.716935
0.688786
0.688786
0.765693
0.765693
0.744436
0.744436
0.747048
0.747048
0.769766
0.769766
0.776886
0.776886
0.701043
0.701043
0.719124
0.719124
0.722905
0.722905
0.67898
0.67898
0.702793
0.702793
0.724976
0.724976
0.722921
0.722921
0.567272
0.567272
0.441709
0.441709
0.432831
0.432831
0.393215
0.393215
0.268315
0.268315
0.30181
0.30181
0.504377
0.504377
0.426758
0.426758
0.353272
0.353272
0.356896
0.356896
0.519272
0.519272
0.408191
0.408191
0.474459
0.474459
0.512896
0.512896
0.444527
0.444527
0.399593
0.399593
0.603209
0.603209
0.669947
0.669947
0.660106
0.660106
0.63553
0.63553
0.550982
0.550982
0.564243
0.564243
0.589398
0.589398
0.625519
0.625519
0.652689
0.652689
0.684539
0.684539
0.557923
0.557923
0.563683
0.563683
0.564964
0.564964
0.562462
0.562462
0.559626
0.559626
0.562556
0.562556
0.562647
0.562647
0.565166
0.565166
0.566016
0.566016
0.568921
0.568921
0.567914
0.567914
0.0144256
0.0144256
0.0258993
0.0258993
0.0169011
0.0169011
0.00944815
0.00944815
0.0354202
0.0354202
0.0293261
0.0293261
0.0726503
0.0726503
0.0588851
0.0588851
0.0491955
0.0491955
0.0565724
0.0565724
0.0285196
0.0285196
0.0236801
0.0236801
0.0298038
0.0298038
0.0394057
0.0394057
0.150513
0.150513
0.164208
0.164208
0.147187
0.147187
0.107576
0.107576
0.292997
0.292997
0.425374
0.425374
0.494154
0.494154
0.371856
0.371856
0.266184
0.266184
0.289829
0.289829
0.314494
0.314494
0.04582
0.04582
0.0765781
0.0765781
0.0610905
0.0610905
0.103368
0.103368
0.0914282
0.0914282
0.0375046
0.0375046
0.0254622
0.0254622
0.0281306
0.0281306
0.0397248
0.0397248
0.0502333
0.0502333
0.0276423
0.0276423
0.0242366
0.0242366
0.0342832
0.0342832
0.0314701
0.0314701
0.0256441
0.0256441
0.0103127
0.0103127
0.544731
0.544731
0.538333
0.538333
0.539553
0.539553
0.533763
0.533763
0.532687
0.532687
0.5462
0.5462
0.550501
0.550501
0.552193
0.552193
0.557473
0.557473
0.559383
0.559383
0.550041
0.550041
0.555391
0.555391
0.558912
0.558912
0.0629386
0.0629386
0.0147018
0.0147018
0.0245191
0.0245191
0.0370677
0.0370677
0.0257974
0.0257974
0.0238947
0.0238947
0.0259841
0.0259841
0.163342
0.163342
0.0889055
0.0889055
0.0944304
0.0944304
0.0521564
0.0521564
-0.0726806
-0.0726806
-0.0163496
-0.0163496
0.529306
0.529306
0.52786
0.52786
0.528805
0.528805
0.755976
0.755976
0.607351
0.607351
0.527368
0.527368
0.624067
0.624067
0.729517
0.729517
0.311969
0.311969
0.51126
0.51126
0.344159
0.344159
0.924605
0.924605
0.817362
0.817362
0.96253
0.96253
0.580906
0.580906
0.281766
0.281766
0.436216
0.436216
0.486296
0.486296
0.295615
0.295615
0.36822
0.36822
0.372885
0.372885
0.262804
0.262804
0.294383
0.294383
0.325882
0.325882
0.426022
0.426022
0.30534
0.30534
0.279918
0.279918
0.0382707
0.0382707
0.226753
0.226753
0.342434
0.342434
0.323458
0.323458
0.451325
0.451325
0.514451
0.514451
0.301559
0.301559
0.222055
0.222055
0.17635
0.17635
0.663063
0.663063
0.682538
0.682538
0.70219
0.70219
0.672063
0.672063
0.696763
0.696763
0.620042
0.620042
0.611144
0.611144
0.629169
0.629169
0.63691
0.63691
0.631586
0.631586
-0.722445
-0.722445
-0.430484
-0.430484
-1.37466
-1.37466
-0.690156
-0.690156
-0.241067
-0.241067
0.562267
0.562267
0.526513
0.526513
0.803404
0.803404
0.692002
0.692002
0.756668
0.756668
0.742148
0.742148
0.702877
0.702877
0.669009
0.669009
0.68036
0.68036
0.712928
0.712928
0.412789
0.412789
0.523008
0.523008
0.497482
0.497482
0.503349
0.503349
0.40563
0.40563
0.338923
0.338923
0.638374
0.638374
0.632445
0.632445
0.667978
0.667978
0.692299
0.692299
0.660109
0.660109
0.693292
0.693292
0.555568
0.555568
0.555248
0.555248
0.554898
0.554898
0.551373
0.551373
0.549806
0.549806
0.551942
0.551942
0.111406
0.111406
0.082306
0.082306
0.113809
0.113809
0.0965023
0.0965023
0.0758012
0.0758012
0.06373
0.06373
0.0635818
0.0635818
0.0528004
0.0528004
0.0477675
0.0477675
0.0439643
0.0439643
0.0713771
0.0713771
0.0699044
0.0699044
0.205968
0.205968
0.147359
0.147359
0.0697319
0.0697319
0.100357
0.100357
0.0414947
0.0414947
-0.025235
-0.025235
-0.0434882
-0.0434882
0.0555953
0.0555953
0.148329
0.148329
0.138882
0.138882
0.443018
0.443018
0.693912
0.693912
0.515631
0.515631
0.684152
0.684152
0.523309
0.523309
0.578933
0.578933
0.518993
0.518993
0.509528
0.509528
0.538562
0.538562
0.421272
0.421272
0.500479
0.500479
0.261597
0.261597
-0.240542
-0.240542
-0.149763
-0.149763
0.818434
0.818434
0.837146
0.837146
0.61895
0.61895
0.4326
0.4326
0.203827
0.203827
0.392928
0.392928
0.594057
0.594057
0.530297
0.530297
0.568836
0.568836
0.637707
0.637707
0.629791
0.629791
0.0491164
0.0491164
0.116624
0.116624
0.375477
0.375477
0.603759
0.603759
0.273481
0.273481
0.26466
0.26466
0.259748
0.259748
0.4338
0.4338
0.35851
0.35851
))
(300 (2 1 3 0 0 1 918)(
0.985166 -0.000497885 0 
0.00500955 2.96625 0 
-0.0411988 0.859092 0 
0.979701 0.0021512 0 
-0.0735815 1.47345 -3.37721e-20 
-0.00704196 2.94879 -2.6175e-18 
0.832197 1.17601 3.99317e-19 
0.326612 0.148986 -1.70993e-20 
0.999907 -0.000290191 0 
0.0486209 0.841287 0 
0.000275429 0.654393 0 
0.734523 -0.0114782 0 
0.0111257 2.93032 0 
0.00263248 2.79473 0 
-0.017582 3.15708 7.39685e-19 
-0.0382762 1.82526 -9.55317e-20 
0.400912 0.0475379 1.12564e-18 
0.190321 1.18751 2.71689e-19 
0.962789 0.00502851 0 
-0.0113043 0.636019 0 
0.0776881 0.192845 -8.05032e-19 
1.00197 -0.00498284 0 
1.00022 -0.00979741 0 
0.975717 -0.00644228 0 
0.586412 -0.038487 0 
0.0161508 2.63799 0 
-0.0148786 2.91003 9.73283e-19 
-0.0472637 0.809515 0 
-0.150356 1.04848 0 
-0.0417968 0.820856 0 
-0.239374 2.54654 0 
-0.135501 1.66056 2.66694e-20 
-0.120229 1.47022 0 
-0.0206093 2.9876 -9.45328e-23 
-0.0166914 3.0053 2.03435e-18 
0.00210535 3.00019 0 
0.870506 -0.00950417 0 
0.403494 0.936876 2.07202e-19 
0.81329 1.19206 -4.12009e-19 
0.96213 1.03114 4.73672e-19 
0.683145 1.28507 -9.36366e-20 
0.67969 1.27056 5.39086e-19 
0.367875 0.235522 1.66817e-20 
0.342291 0.118726 0 
1.13851 0.554404 0 
0.332563 0.234486 7.62604e-20 
0.293305 0.158369 -7.91386e-20 
0.919697 -0.00745425 0 
1.00027 0.000136298 0 
0.999909 0.000328001 0 
1.00364 -0.00777824 0 
1.00096 -0.00092798 0 
1.00017 2.82115e-05 0 
0.0797682 1.79719 -8.77403e-19 
0.0322024 1.00313 0 
0.0869104 0.904739 0 
0.0214217 0.956667 0 
0.0337551 0.774492 0 
0.0229489 1.99907 0 
-0.00664531 0.810191 0 
0.0210233 0.659199 0 
-0.00595728 0.81245 0 
-0.00577393 0.661655 0 
0.836494 -0.0152963 0 
0.850614 0.0275709 0 
0.768267 -0.00172286 0 
0.824009 0.0362096 0 
0.702673 -0.0164473 0 
0.0146938 3.0004 9.72389e-19 
0.0115133 3.008 0 
0.0061209 3.00279 0 
0.0135528 2.99736 1.1067e-23 
0.00797467 2.95846 -1.44521e-18 
0.0144826 2.982 0 
0.0108224 2.90362 0 
0.0249309 2.93034 2.25726e-24 
0.00441562 2.82495 0 
0.0312393 2.91596 0 
-0.00570716 2.74553 0 
0.308576 3.55403 0 
-0.131848 3.63565 0 
0.139696 3.24745 -6.88363e-19 
-0.0125056 2.98254 0 
-0.262067 2.36172 0 
-0.0614198 2.0019 9.42007e-20 
-0.00819885 1.89978 -8.84442e-20 
0.488059 0.14775 -3.89468e-19 
0.398906 0.0269527 -3.76138e-19 
0.473201 0.170971 -1.17299e-18 
0.385471 0.0679815 -7.73672e-19 
0.217562 0.938376 0 
0.272304 1.32666 -3.36915e-19 
0.377525 1.27185 5.66988e-19 
0.987496 0.00856145 0 
0.941933 0.00586966 0 
1.0003 0.000577234 0 
1.00287 0.00930342 0 
1.00302 0.0084664 -2.9705e-18 
0.991916 0.00969344 2.24327e-18 
0.00321501 0.780514 0 
-0.00883519 0.634071 0 
-0.0110726 0.842759 0 
-0.0165191 0.781873 0 
0.0172714 0.627113 0 
0.122231 0.199811 2.48925e-19 
0.178271 0.177859 0 
0.993534 -0.0083854 0 
0.954398 -0.00652864 0 
0.776386 0.0450408 0 
0.714542 0.0549786 0 
0.660536 -0.030485 0 
0.951368 -0.0101202 0 
0.632859 0.0681639 0 
0.461934 -0.019047 1.63641e-18 
-0.0363798 2.86434 7.46866e-19 
0.0420548 2.90952 0 
0.0547837 2.8847 0 
-0.00430986 2.69892 0 
-0.0132971 2.98507 9.26089e-19 
-0.0180423 2.89509 0 
-0.0154509 2.98807 -2.86228e-18 
-0.0133217 2.92518 9.78558e-19 
-0.147407 1.15048 0 
-0.190725 1.32802 0 
-0.102619 1.95003 -2.96425e-21 
-0.116753 1.83794 0 
-0.0869124 1.67316 0 
0.937717 -0.00765105 0 
0.856031 -0.00940114 0 
0.863582 0.00665337 0 
0.949026 -0.00799493 0 
0.883516 -0.00816991 0 
0.515635 1.13076 -2.60309e-19 
0.565202 1.18255 0 
0.367455 0.880897 3.74735e-20 
0.309758 0.740495 0 
0.921416 1.06932 -1.26726e-19 
1.03296 0.871675 2.49967e-19 
0.372984 1.37671 0 
0.537167 1.3472 0 
0.544987 1.30091 0 
0.111388 0.182834 -3.19214e-19 
0.401697 0.220306 0 
0.368611 0.111014 2.18069e-19 
1.0029 0.926041 0 
1.06733 0.773574 0 
1.09265 0.714765 -1.76953e-19 
1.1187 0.614975 0 
1.1634 0.398656 5.48628e-20 
0.957404 -0.00888147 0 
0.962308 -0.0101298 0 
0.90138 -0.00795464 0 
0.984161 -0.00918034 0 
0.97461 -0.00940393 0 
0.937019 -0.00639015 0 
1.00019 0.00233863 0 
1.00091 0.00139347 0 
0.999913 0.000851142 0 
0.0332833 2.05652 4.821e-19 
0.120428 1.73833 0 
0.0132803 2.17164 7.6505e-19 
0.0544993 1.8566 -6.56025e-19 
0.105188 1.1913 -2.21609e-19 
0.0467038 1.07837 0 
0.142175 1.05104 0 
0.0118399 0.911202 0 
0.0203105 0.728597 0 
-0.00444233 2.20345 -1.76453e-21 
0.0337617 1.99255 0 
-0.00555055 2.17931 -9.61342e-20 
0.0272878 2.00006 1.81401e-19 
0.0160592 0.86808 0 
0.00854174 0.83046 0 
0.0241526 0.692505 0 
-0.00503936 0.806369 0 
-0.02244 0.648127 0 
0.934352 0.00877926 0 
0.843581 -0.0147414 0 
0.924766 -0.000438633 0 
0.839042 -0.0124865 0 
0.812771 0.00235443 0 
0.902662 0.0191351 0 
0.879953 0.0235168 0 
0.789662 0.000767557 0 
0.00574616 3.06483 -9.15512e-21 
0.016517 3.05777 0 
0.0146254 2.96908 0 
0.00862307 2.87632 0 
0.925473 3.97062 0 
1.24014 3.30262 9.24965e-19 
0.0701838 3.07481 0 
-0.0283836 2.90577 0 
-0.087022 1.49918 0 
-0.183212 2.19081 0 
-0.239351 1.90042 0 
-0.210156 2.52062 2.68726e-20 
-0.223068 2.47307 0 
-0.247487 2.4839 0 
0.0194759 1.9791 1.7629e-21 
-0.0167743 2.08739 7.27593e-20 
-0.0328714 2.04306 9.00011e-20 
0.00402101 1.94916 0 
0.514365 0.121533 5.83894e-19 
0.414724 0.00528877 -5.73583e-19 
0.261161 1.5675 0 
0.266359 0.714576 -3.255e-19 
0.177734 1.65214 -1.09905e-18 
0.227428 1.18361 1.10192e-18 
0.902321 0.00658029 0 
0.967538 0.010973 0 
0.974625 0.0107519 0 
0.923485 0.00652378 0 
-0.0115116 0.807296 0 
-0.00238679 0.795499 0 
-0.00528744 0.634685 0 
0.283271 0.230472 7.01134e-19 
0.232672 0.212026 -8.29293e-19 
0.245125 0.170879 0 
1.07412 0.0819828 3.30829e-20 
1.05498 0.0369142 0 
0.995484 0.0370502 0 
0.893601 -0.00865469 0 
0.538635 0.095747 0 
0.570601 0.0740667 -2.6193e-18 
0.432716 -0.00346405 9.83457e-19 
0.00914366 2.98137 7.91997e-19 
-0.0326189 2.86612 4.69005e-20 
0.00366425 3.05027 -1.93233e-20 
0.0201055 3.04336 6.86037e-19 
-0.0149798 2.99655 3.20758e-20 
-0.0129673 2.94943 -1.28921e-22 
-0.0172883 3.01196 -5.91058e-19 
0.0148819 3.02381 4.28233e-19 
0.00739236 3.03691 -6.80317e-19 
0.932204 -0.00228777 0 
0.938263 -0.00396781 0 
0.843668 -0.00859919 0 
0.956808 0.0116371 0 
0.943229 0.0128109 0 
0.881926 0.00621859 0 
0.918586 0.015812 0 
0.926849 0.0144646 0 
0.838989 0.00444239 0 
0.719297 1.40999 7.94901e-21 
0.753036 1.51939 0 
0.192155 0.333173 7.81213e-20 
0.215063 0.653331 6.29477e-19 
0.25864 0.717116 -3.63271e-19 
0.267032 0.539373 7.22872e-19 
0.327111 0.777363 1.66976e-18 
0.129106 0.218258 3.85399e-19 
0.448241 0.193519 8.21235e-19 
0.424946 0.21019 2.12812e-19 
0.379731 0.0934815 4.08058e-19 
1.15288 0.457103 -6.79066e-21 
1.16347 0.251642 -1.46023e-20 
0.00318947 2.20925 3.07386e-19 
0.053946 1.92284 0 
0.960967 0.0266795 0 
0.937453 0.012257 0 
0.859639 -0.0186206 0 
0.0113505 3.07456 0 
0.0199339 2.94421 1.26837e-18 
0.0164405 2.95645 0 
0.00622587 2.85055 -1.25824e-18 
0.00626973 3.09176 3.09026e-19 
0.00701883 3.08211 0 
0.786145 1.82237 -1.51781e-19 
1.2478 2.50129 3.81973e-19 
0.76835 1.96238 -1.21427e-18 
0.020228 2.98245 -6.90551e-19 
0.0357308 3.00237 0 
-0.0338004 2.879 0 
-0.0104772 2.15482 -7.72025e-21 
-0.0126231 2.12154 -1.50546e-19 
0.0205977 1.99811 -2.74792e-21 
0.274572 1.37391 1.06072e-18 
0.220662 0.499089 -7.27306e-19 
0.0633329 1.9824 8.19656e-19 
0.137187 1.87166 -9.65527e-19 
0.178134 1.47677 8.99523e-20 
0.00515991 3.11871 -1.73475e-18 
0.0111593 3.1193 1.89534e-18 
-0.00906414 2.98073 8.59757e-19 
-0.00423474 2.97746 -8.17686e-19 
-0.0214339 2.88091 -8.75652e-19 
0.00847746 3.0996 -2.30227e-18 
0.00175058 3.10511 2.31617e-18 
0.271007 0.678972 0 
0.231815 0.667407 -1.29924e-18 
0.0985948 0.221939 5.74939e-19 
0.344065 0.901716 1.14743e-18 
0.183789 0.260999 -1.77015e-18 
1.15585 0.17102 9.05815e-20 
1.16482 0.306133 0 
1.14254 0.119297 -3.95961e-20 
-0.00608154 2.21083 -2.42331e-21 
-0.00381612 2.21684 0 
0.0422052 1.96588 0 
0.337772 1.28066 -3.82751e-19 
0.363396 1.1105 -8.24458e-19 
0.196871 0.35558 1.46952e-18 
1.00587 -0.0108734 0 
1.00766 -0.00765762 5.48529e-19 
-0.0335158 1.1924 0 
-0.0246389 1.03856 0 
1.00222 0.00348783 1.7929e-21 
1.00364 0.00941522 1.11901e-18 
-0.190161 2.51781 -3.55597e-20 
-0.153674 2.51214 0 
0.0359888 3.17932 4.69775e-19 
0.395786 3.49268 0 
1.1372 0.652112 -9.05331e-20 
1.01294 0.0130692 -2.13568e-21 
1.02119 -0.0104661 0 
1.00168 9.88354e-05 6.0637e-23 
0.0968903 1.35143 0 
0.147952 2.58332 0 
0.022117 1.30722 0 
-0.00343397 2.62696 8.96649e-20 
-0.0246635 2.57529 7.18489e-20 
1.00348 0.0270875 2.40731e-21 
1.06153 0.00327192 0 
1.09374 0.0207499 0 
-0.125665 2.05923 0 
-0.0330945 2.56032 0 
0.0291422 1.19653 0 
0.285534 1.46476 -1.21483e-19 
1.01124 -0.00966032 0 
1.0094 -0.0149484 0 
1.00233 0.000684864 7.00228e-19 
1.00547 -0.00485517 -8.23879e-19 
1.00118 -0.00100915 0 
0.0295991 1.73539 0 
0.0106241 1.2735 0 
-0.058576 1.55427 0 
0.0181677 1.16364 0 
0.0371659 1.05867 0 
0.0082516 1.00944 0 
1.03417 -0.00659236 0 
1.02085 0.0157322 -9.63763e-22 
0.796571 1.26162 2.09311e-19 
1.0023 0.000250933 -7.00216e-19 
1.00406 0.00522618 8.17003e-19 
1.00118 0.00206058 0 
1.01284 0.0102642 6.95268e-19 
1.00804 0.00827198 -8.41341e-19 
1.00861 0.0146751 0 
-0.0829527 2.57089 0 
-0.13776 2.54589 7.82767e-20 
-0.0807751 2.5413 -6.58718e-20 
1.2141 0.256552 7.17684e-19 
1.15117 0.0773966 0 
0.0450017 3.07774 -1.01316e-18 
0.065735 2.85353 -7.35706e-20 
0.142438 3.19385 1.53432e-18 
0.137075 3.22259 -2.3866e-19 
0.135935 3.23541 0 
0.0196615 3.13779 2.64207e-19 
0.0767443 3.1606 1.0006e-18 
0.0693448 3.18687 -4.97286e-19 
0.0230333 3.12918 0 
0.655746 0.304095 0 
0.576477 0.351355 0 
1.10736 0.684429 2.33416e-19 
1.10335 0.814381 -2.48907e-19 
1.16604 0.571552 0 
1.1954 0.512592 0 
1.01619 0.0132705 -1.29687e-18 
1.015 0.01425 1.62777e-18 
1.02513 -0.0100555 0 
1.02317 -0.0119545 0 
1.00647 0.00260356 0 
1.01039 0.0036461 0 
1.0046 0.00184882 0 
1.0099 0.00610607 0 
1.00783 0.00602946 0 
1.00448 0.00458052 0 
0.0868903 1.34797 0 
0.07867 1.32161 0 
0.117569 1.38366 0 
0.126696 1.39897 0 
0.145591 2.60736 0 
0.186675 2.67193 -4.67783e-19 
0.099155 2.66486 0 
0.0880101 2.66668 2.42612e-19 
0.0399488 2.68423 -2.38006e-19 
0.0271242 1.30738 0 
-0.00275679 1.23557 0 
0.0252636 1.32403 0 
0.0429456 1.27233 0 
-0.00904853 1.99003 -5.133e-20 
-0.0285418 2.6042 5.71685e-20 
-0.0157225 2.66787 9.10545e-20 
-0.0223115 2.67699 0 
-0.0337638 2.60859 -1.6491e-19 
-0.0334694 2.60118 -1.01523e-19 
0.000580701 1.9911 3.9439e-20 
-0.0217394 2.4134 -7.66558e-20 
-0.0223326 2.42961 -1.03287e-19 
1.01217 0.0350546 1.31487e-18 
1.00828 0.0168557 -1.62991e-18 
1.00482 0.0413801 -1.32201e-18 
0.983173 0.0220306 1.67916e-18 
1.06254 0.00691551 0 
1.04787 -0.00909669 0 
1.09078 0.0314762 0 
1.07201 0.0107544 0 
1.06952 -0.00110889 0 
1.13381 0.0723752 0 
1.10614 0.0384399 0 
1.1083 0.026032 0 
-0.184863 2.51344 -1.23965e-21 
-0.094293 2.30356 0 
-0.187605 2.43634 0 
-0.0570302 2.57928 4.2756e-20 
-0.0404354 2.5898 -1.9771e-21 
0.0692584 1.79133 -3.88075e-20 
0.0547059 1.65836 3.9255e-20 
0.0685454 1.40284 0 
0.061201 1.39969 0 
0.0737968 1.38273 0 
0.0369176 1.21851 0 
0.0114804 1.07451 0 
0.376455 1.47955 1.86324e-19 
0.414319 1.48614 1.16437e-19 
0.596114 2.45251 -2.47448e-19 
0.403962 2.54688 7.32154e-19 
0.355301 2.07316 8.56049e-20 
1.02089 -0.00826869 0 
1.01542 -0.00982688 0 
1.01486 -0.0155757 0 
1.00746 -0.00123031 0 
1.0049 -0.000974057 0 
1.00776 -0.00477532 0 
1.00922 -0.00378743 0 
1.01413 -0.00456163 0 
1.02152 0.015922 1.26997e-18 
1.01817 0.0158 -1.62921e-18 
1.02202 0.0178636 -1.27898e-18 
1.01977 0.0165358 1.60388e-18 
0.764199 1.30965 0 
0.69842 1.36402 1.86678e-19 
0.872496 1.2076 4.38587e-20 
0.915131 1.16201 -5.83545e-20 
1.15652 2.60801 3.76515e-19 
0.812724 0.0963581 6.44316e-19 
1.15191 0.0955713 0 
1.19429 0.181989 -5.76003e-19 
1.17867 0.146294 -2.42993e-20 
1.0059 0.138476 0 
0.138438 2.96236 5.98605e-19 
0.115226 2.86828 -1.27848e-18 
0.0265556 2.37043 8.64583e-19 
0.0928624 0.0019949 -3.89163e-19 
0.340631 3.4216 -1.8228e-19 
0.195035 3.31413 0 
0.237792 3.35643 2.37389e-19 
0.247008 3.03548 -1.94603e-18 
0.341484 3.19447 0 
0.00738993 3.12063 5.09227e-20 
0.0180277 3.12945 -5.94946e-19 
0.0160163 3.12551 8.75677e-19 
0.0360032 3.13956 0 
0.0341744 3.1509 0 
1.21509 2.60794 0 
0.530107 0.841841 -5.64863e-19 
1.03384 0.989504 3.98567e-20 
0.971651 1.06256 0 
0.817696 0.961709 -1.37172e-19 
1.05698 0.877356 2.94915e-20 
0.3691 0.409969 -1.00219e-18 
0.700739 0.327744 -2.29124e-20 
0.67677 0.247044 4.61257e-19 
0.591724 0.387299 3.40442e-20 
0.509585 0.363901 -1.37078e-18 
0.671111 0.341506 0 
0.702561 0.426672 7.82674e-19 
0.709502 0.425754 0 
0.629162 0.370143 0 
0.605428 0.297161 0 
0.789344 0.616759 4.69057e-19 
1.21072 0.278597 -6.08594e-19 
1.20548 0.417149 0 
1.21701 0.362395 0 
0.756362 0.19255 6.88205e-19 
0.835445 0.536394 -4.28294e-19 
0.740404 0.512595 7.58358e-19 
0.937601 0.421638 -8.4324e-19 
1.01986 0.0145754 8.73946e-19 
1.01792 0.0141324 -8.78369e-19 
1.01597 0.0155679 0 
1.03567 -0.00621783 0 
1.02947 -0.00872691 -8.24995e-19 
1.02741 -0.0122807 8.16952e-19 
1.0251 0.00957712 0 
1.02378 0.0130745 0 
1.0114 0.00401805 0 
1.01431 0.0089235 0 
1.01507 0.00390178 0 
1.01418 0.00273406 0 
0.0605333 1.3324 0 
0.062701 1.29384 0 
0.148078 1.3496 -4.50992e-20 
0.263842 1.46251 5.93431e-20 
0.15399 1.4328 1.20256e-19 
0.184515 1.44184 -1.98756e-19 
0.16043 1.37584 0 
0.133052 1.58799 -1.23797e-19 
0.114367 1.55807 0 
0.354105 2.02728 -1.24426e-19 
0.349286 2.3604 6.76523e-19 
0.183877 1.44034 1.07944e-19 
0.26053 1.37247 8.18114e-22 
0.197058 1.35666 -6.62651e-22 
0.27147 1.31279 -1.50147e-19 
0.240888 1.5733 0 
0.261288 1.6152 1.49212e-19 
0.029492 2.27738 -5.35532e-20 
0.0376083 2.67631 0 
0.0621972 2.41437 1.89837e-19 
0.0550323 2.43581 0 
0.0694045 2.67984 -2.68435e-19 
0.0500831 2.70543 0 
0.0200621 1.41197 -3.23476e-20 
0.0268233 1.46222 0 
0.0304883 1.37877 0 
0.0172679 1.38491 3.69243e-20 
-0.00514402 2.65683 -2.11877e-20 
0.0257233 2.70192 2.76253e-19 
0.00856084 2.72516 1.93194e-21 
-0.00740341 1.84165 5.14676e-20 
-0.0180992 1.67152 2.30833e-20 
0.0270457 1.29634 0 
0.0288667 1.17258 0 
0.043281 1.56682 5.37526e-20 
0.0273316 1.44419 4.86584e-20 
0.03148 1.50937 -6.08892e-20 
0.0359174 1.58982 0 
-0.0584293 2.31663 -6.54623e-20 
-0.0741514 2.54657 2.76034e-20 
-0.0226342 2.46268 -2.02719e-20 
-0.0220099 1.85102 -6.23555e-20 
-0.0420841 2.49297 -2.50011e-20 
-0.0270494 2.44111 1.13422e-19 
1.02014 0.0204661 -8.69086e-19 
1.01653 0.0256448 8.71468e-19 
1.01524 0.0162102 0 
1.01443 0.064806 1.21813e-18 
0.993958 0.0556112 -1.36764e-18 
0.955876 0.0433075 1.52816e-18 
1.01673 0.101302 -1.6362e-19 
1.04185 -0.00629584 0 
1.04989 -0.00225726 7.89879e-19 
1.03811 -0.0102976 -7.90861e-19 
1.06995 0.0395961 -4.71859e-20 
1.06342 0.0216299 4.06507e-19 
1.06319 0.050993 0 
1.05289 0.045317 -1.45672e-19 
1.03278 0.0391269 0 
1.02631 0.0353854 0 
1.02773 0.0127144 0 
1.02446 0.015488 0 
1.03899 0.0299987 2.9976e-19 
1.03928 0.0252934 -6.6064e-19 
1.05034 0.0322088 -3.18811e-19 
1.04686 0.0326233 -3.50263e-19 
1.06747 0.0581711 6.8804e-19 
1.09262 0.0454987 0 
1.09992 0.0879249 0 
-0.0704141 2.32923 9.33717e-21 
-0.046769 2.23865 1.81312e-21 
-0.013215 2.19439 0 
-0.0878022 2.48913 -9.22102e-21 
-0.131271 2.48941 -6.19537e-22 
-0.116995 2.4958 -1.36496e-20 
-0.034605 2.61317 8.81174e-20 
-0.0557993 2.5482 -7.26857e-21 
-0.0349632 2.51256 2.7702e-20 
-0.0354751 2.60092 -4.61424e-20 
-0.0359835 2.60547 5.71763e-20 
0.113006 1.6018 3.62192e-21 
0.0493087 1.78655 1.00847e-20 
0.366221 1.41932 -6.93253e-20 
0.364155 1.36171 8.27431e-20 
0.645652 1.40943 -1.80567e-19 
0.512763 1.47382 -1.12567e-19 
0.564554 1.44724 0 
0.5916 2.42793 2.21259e-19 
0.658457 2.41934 3.50255e-19 
0.410733 2.52281 8.211e-20 
0.405472 2.55226 -6.80042e-19 
0.514646 2.49866 6.48507e-19 
0.550934 2.46617 0 
0.488615 2.52099 -5.87361e-19 
0.248603 2.59755 1.24588e-18 
0.353556 2.5718 -8.41236e-20 
0.284741 2.65884 -1.69526e-18 
0.940916 2.3798 7.76766e-19 
0.833591 2.38513 0 
1.01092 0.00038168 2.84424e-20 
1.01524 -0.00557334 -2.3117e-20 
1.01766 -0.00366971 -4.22439e-19 
1.01495 -0.00106961 4.24482e-19 
1.0123 0.000976341 0 
0.634338 1.27919 0 
0.65324 1.17387 0 
0.754397 1.08113 0 
0.644311 1.14098 0 
1.18556 2.6226 5.95765e-20 
1.07475 2.36675 0 
0.838579 2.18649 4.41879e-21 
0.827217 2.45139 0 
0.92255 2.54058 -4.72594e-19 
0.958353 2.49599 3.14691e-19 
0.821988 0.147871 0 
0.792766 0.128415 1.7662e-19 
0.924993 0.129867 1.02342e-18 
0.842819 0.12471 -3.84814e-19 
0.822232 0.0670791 -1.17502e-18 
1.07217 0.221719 -1.01725e-18 
0.992439 0.278934 -1.54445e-20 
0.917048 0.274207 9.56834e-19 
1.00433 0.20685 8.01775e-19 
0.951394 0.17095 -1.36482e-18 
0.918494 0.172965 1.70547e-19 
0.949305 0.234765 -3.67515e-19 
0.928317 0.196433 0 
0.996775 0.170761 6.73898e-19 
1.04604 0.172515 0 
1.0441 0.19915 0 
1.09942 0.106191 3.23597e-19 
1.07251 0.161627 -1.363e-20 
1.06601 0.224642 -1.76102e-19 
1.09595 0.191045 0 
1.02284 0.0436435 6.74863e-19 
1.04148 0.0548029 8.42408e-19 
1.03288 0.0413507 -6.69386e-19 
1.04178 0.0598798 -5.64452e-19 
1.01643 0.0668797 -8.5745e-19 
0.991138 0.144974 0 
1.00037 0.097404 0 
0.971732 0.0629478 -5.4373e-19 
0.924075 0.0829571 2.138e-19 
1.03877 0.0958538 7.81579e-19 
1.06873 0.108555 -9.31645e-19 
1.07361 0.14131 8.31359e-19 
1.03279 0.13308 0 
1.07383 0.0977955 0 
1.05776 0.0812771 -3.78204e-19 
1.04563 0.0887402 -6.40739e-19 
0.580121 1.07955 1.64025e-19 
0.611573 1.41304 -6.67388e-20 
1.15614 2.74107 -2.60253e-19 
1.22285 3.08224 8.07779e-21 
1.2485 2.72226 -2.03454e-19 
1.27861 2.70629 1.24419e-21 
1.20665 2.34567 -1.00666e-20 
1.21003 2.9859 -1.20496e-19 
1.22946 2.95083 2.77771e-19 
1.21387 3.23598 -1.3274e-19 
1.37511 2.96744 1.83595e-19 
1.3657 2.88563 0 
0.536872 0.849285 -5.33893e-20 
0.138912 1.26035 5.97854e-19 
0.529364 0.466965 6.475e-19 
0.364098 0.217932 7.15544e-19 
0.53042 0.394796 7.73395e-19 
0.541038 0.483733 -1.27299e-18 
0.5442 0.490473 1.04006e-18 
0.497558 0.415096 -3.90276e-19 
0.424754 0.352037 8.86567e-19 
0.759843 0.250015 -3.94095e-19 
0.721436 0.286707 0 
0.714402 0.217156 9.8672e-21 
0.723424 0.513948 4.12191e-19 
0.694735 0.48204 -1.50214e-18 
0.613517 0.482236 1.65149e-20 
0.624854 0.462497 0 
0.666037 0.736378 4.32231e-19 
0.815621 0.771094 4.51713e-19 
0.743051 0.853973 -5.27237e-19 
0.857308 0.80304 -1.83234e-19 
0.891011 0.846509 -4.825e-20 
0.899419 0.848132 4.93942e-20 
0.829252 0.642523 -7.78775e-19 
0.906641 0.698698 1.70208e-19 
0.963923 0.713003 0 
0.954394 0.688915 -2.36632e-19 
1.01743 0.319466 2.45916e-19 
1.12682 0.290263 3.51002e-19 
1.05746 0.259701 4.15802e-19 
1.00069 0.354076 -4.91742e-19 
1.03949 0.420851 0 
1.09189 0.406686 0 
0.904769 0.349538 4.98599e-21 
0.840158 0.282948 0 
0.86651 0.275962 4.48772e-19 
0.900993 0.28061 -5.95253e-21 
0.929343 0.424782 2.35222e-18 
0.885079 0.4858 6.07631e-19 
0.890818 0.450173 -6.40707e-19 
0.81671 0.434666 6.86128e-19 
0.79923 0.430754 4.09718e-19 
0.769998 0.418737 -4.02808e-19 
1.02708 -0.00058534 7.04123e-19 
1.01999 -0.000306627 0 
1.0185 0.000628371 4.58827e-19 
1.02164 -0.0019464 -1.03966e-18 
1.02229 0.00398177 5.04897e-19 
1.02046 0.0109081 -1.05736e-18 
1.02141 0.0103132 0 
1.02075 0.0106095 -2.2019e-19 
1.016 0.00750865 5.52336e-19 
1.01678 0.0102603 -2.75555e-19 
1.01748 0.00959205 2.03003e-19 
0.0314086 1.31093 0 
0.0401482 1.34799 0 
0.0459813 1.31206 0 
0.050891 1.27516 0 
0.0695545 1.36667 6.86156e-20 
0.0766718 1.33977 -1.38683e-20 
0.112344 1.49662 -4.33905e-20 
0.0883954 1.33827 2.34009e-20 
0.0323972 1.44584 -7.49351e-20 
0.0363208 1.43625 5.81407e-20 
0.0633837 1.3501 -6.96156e-21 
0.0573238 1.35177 -3.36464e-20 
0.0527219 1.33212 -5.16573e-21 
0.0414008 1.35182 -8.25079e-21 
0.104761 2.3866 -2.10001e-19 
0.0944664 2.43149 0 
0.171446 2.06294 1.30186e-19 
0.106109 1.7103 6.43124e-20 
0.231873 2.0537 -1.05633e-19 
0.209 2.45027 0 
0.267987 2.40161 -6.57366e-19 
0.306626 2.39964 4.66395e-19 
0.233311 2.01194 -2.9489e-19 
0.153738 2.17878 1.902e-19 
0.145456 2.2982 0 
0.0104517 1.88228 -8.45927e-20 
-0.0141586 2.40996 -1.52907e-19 
-0.00295662 2.1649 0 
0.00951088 2.46923 -1.49764e-20 
0.0206111 2.31709 5.36787e-20 
0.0145375 1.39396 5.65182e-21 
0.0168149 1.38243 -7.90792e-20 
0.0254581 1.39725 1.56594e-20 
0.0102961 1.39507 3.33001e-20 
0.0198953 1.41568 0 
0.0292882 1.37781 0 
0.0723405 1.23305 2.37286e-20 
0.0871193 1.37693 -1.03785e-20 
0.0502006 1.37266 0 
0.0426085 1.26959 1.47739e-20 
0.021893 1.10323 -2.88374e-20 
1.04004 0.0109034 0 
1.046 0.00710654 -7.4097e-20 
1.03845 0.0200193 -5.32574e-19 
1.04755 0.0190903 0 
1.05143 0.0192401 0 
1.03647 0.0107266 -6.53571e-21 
1.03112 0.0105604 8.55029e-19 
1.03199 0.0155241 1.03674e-18 
1.02595 0.0195199 0 
1.02332 0.019971 0 
1.03513 0.0234976 5.31748e-19 
1.02638 0.024929 0 
1.02483 0.0249003 0 
-0.0410759 2.02525 0 
0.0343266 1.77864 5.80933e-21 
0.0134393 1.84643 6.91164e-21 
0.079105 1.39209 0 
0.0475118 1.6284 2.26438e-20 
0.0808184 1.51801 -5.42143e-21 
0.0907797 1.44864 0 
0.396611 1.68097 0 
0.365597 1.2903 -1.51832e-19 
0.307253 1.34026 0 
0.422047 1.29086 1.14094e-19 
0.465693 1.44721 0 
0.44664 1.39166 -2.46282e-20 
1.03421 2.68772 -1.66673e-20 
0.963045 2.40992 -9.76326e-19 
0.912068 2.18686 1.13143e-18 
0.846784 2.37685 2.55248e-19 
0.846312 2.5001 0 
0.916576 2.49494 0 
0.924267 2.37341 0 
0.901865 2.36037 -9.92629e-19 
0.692352 2.47054 -4.35485e-19 
0.80219 2.46129 -1.06302e-19 
0.813351 2.43357 8.11552e-20 
0.693424 2.39406 0 
0.797127 2.38952 0 
0.756029 2.40228 -3.81154e-19 
0.769668 2.49139 0 
0.612112 1.09734 0 
0.481896 0.928973 -5.50384e-19 
0.550083 0.964536 -3.49666e-20 
0.520569 1.057 0 
0.520005 1.00631 8.26509e-19 
0.766973 0.880379 -1.51505e-19 
0.778411 1.01198 0 
0.751599 0.970064 2.26126e-19 
0.639796 1.03482 0 
0.644376 0.944466 0 
1.16429 2.76189 -2.64326e-19 
1.1418 2.82568 -1.21712e-19 
0.931571 2.34619 1.4213e-19 
0.899392 2.32513 -9.66398e-20 
1.12923 2.73464 0 
1.08279 2.7047 1.16323e-19 
1.08899 2.4867 -3.45614e-19 
0.984181 2.23363 -3.04476e-20 
0.500455 1.36013 0 
0.512821 1.07773 -1.44715e-19 
0.562868 1.16233 0 
0.860794 0.212217 0 
0.800187 0.166744 0 
0.752695 0.14226 0 
0.855336 0.219732 -7.06386e-19 
0.7768 0.212386 4.13517e-19 
0.936911 0.0696104 -4.41637e-19 
0.950302 0.114116 0 
0.928464 0.121797 1.90037e-19 
0.870404 0.0973086 7.6143e-19 
0.848999 0.0575938 -4.76388e-19 
1.16131 3.36161 -6.99716e-19 
1.20883 3.28088 0 
1.15988 3.38965 -1.44952e-18 
0.647663 3.55052 1.23014e-18 
0.872329 3.11809 4.78672e-20 
0.510938 0.85441 6.36064e-19 
0.428813 0.84741 0 
0.339353 0.501099 -1.60694e-19 
0.444897 0.68549 9.16011e-19 
0.5322 0.4734 -2.23249e-19 
0.506861 0.525033 2.52462e-19 
0.655941 0.53752 5.54384e-19 
0.68336 0.554109 0 
0.635673 0.620482 0 
0.593704 0.557531 0 
0.966338 0.597309 1.24067e-19 
0.887033 0.535197 -5.9124e-19 
0.910643 0.567899 4.58382e-19 
0.946145 0.503101 -4.59369e-19 
1.04926 0.479322 0 
1.05882 0.567302 -1.19161e-19 
0.839949 0.386032 -9.35713e-19 
0.843965 0.371025 -1.1595e-18 
0.791677 0.385143 7.29832e-19 
0.788732 0.352889 -7.45265e-19 
0.839375 0.307552 -5.82944e-19 
0.793522 0.306675 7.16297e-19 
1.02678 0.00537396 -5.38076e-19 
1.0265 0.00561054 1.09623e-18 
1.02911 -0.00062835 6.83207e-19 
1.0333 0.000511888 -8.2264e-19 
1.03285 0.00804008 0 
1.03003 0.00868356 -1.33827e-18 
0.0571289 1.64327 3.60292e-20 
0.0401493 1.56762 0 
0.0845812 1.69598 2.26879e-19 
0.0943997 1.67612 -2.02878e-19 
0.0848122 1.51265 8.14233e-20 
0.0795716 1.49501 0 
-0.00166593 1.70297 0 
0.000305133 1.52667 -1.66477e-20 
0.0341396 1.46452 1.50006e-20 
0.0293832 1.61017 1.34099e-20 
0.00158722 1.89987 -3.36367e-20 
-0.0303296 1.93536 2.0253e-20 
0.499132 1.37488 -3.48222e-19 
0.49456 1.38024 3.81134e-19 
0.445433 1.28803 -8.65334e-20 
0.438955 1.29482 1.179e-20 
0.626152 1.29173 0 
0.542741 1.37891 4.49062e-20 
0.560637 1.38741 -4.37296e-20 
0.454028 1.27551 8.33375e-20 
0.511412 1.22966 0 
0.565135 1.1982 0 
0.659388 2.43033 6.39786e-19 
0.670718 2.46671 1.3472e-18 
0.7172 2.47975 -9.27291e-19 
0.617081 2.45804 -2.15765e-19 
0.563874 2.54859 3.0457e-19 
0.512597 2.52179 -8.05454e-19 
0.975223 2.37768 -6.33649e-19 
1.01211 2.39247 0 
0.921154 2.16572 -7.29909e-19 
1.05273 2.68408 0 
1.05491 2.67072 0 
0.61244 2.2785 -1.39659e-19 
1.04161 3.16463 1.09896e-19 
0.912779 3.03505 -1.39194e-20 
0.28272 0.919489 0 
0.323516 0.781461 -3.33993e-19 
0.479939 0.735079 -3.40572e-19 
0.391524 2.02636 0 
0.468213 2.78712 -3.33233e-20 
0.424433 2.55124 0 
0.678626 0.683076 -9.17692e-19 
0.760755 0.681728 1.25943e-18 
0.780499 0.624136 -1.24814e-18 
0.660199 0.645297 -1.18593e-19 
0.716656 0.599005 -4.93138e-19 
1.00355 2.7683 -8.35599e-20 
1.04063 2.82448 -2.05489e-19 
0.64063 2.15462 7.06257e-19 
0.596106 1.72073 -5.0148e-19 
0.69923 1.9103 -4.54288e-19 
0.989148 2.45113 -1.19246e-19 
0.994133 2.44481 3.41688e-19 
0.660583 1.85059 3.10967e-20 
0.450567 1.33814 1.66932e-19 
))
(300 (2 10 3 0 0 919 1018)(
0 0 0 
0 0 0 
0 0 0 
0 0 0 
0 0 0 
0 0 0 
0 0 0 
0 0 0 
0 0 0 
0 0 0 
0 0 0 
0 0 0 
0 0 0 
0 0 0 
0 0 0 
0 0 0 
0 0 0 
0 0 0 
0 0 0 
0 0 0 
0 0 0 
0 0 0 
0 0 0 
0 0 0 
0 0 0 
0 0 0 
0 0 0 
0 0 0 
0 0 0 
0 0 0 
0 0 0 
0 0 0 
0 0 0 
0 0 0 
0 0 0 
0 0 0 
0 0 0 
0 0 0 
0 0 0 
0 0 0 
0 0 0 
0 0 0 
0 0 0 
0 0 0 
0 0 0 
0 0 0 
0 0 0 
0 0 0 
0 0 0 
0 0 0 
0 0 0 
0 0 0 
0 0 0 
0 0 0 
0 0 0 
0 0 0 
0 0 0 
0 0 0 
0 0 0 
0 0 0 
0 0 0 
0 0 0 
0 0 0 
0 0 0 
0 0 0 
0 0 0 
0 0 0 
0 0 0 
0 0 0 
0 0 0 
0 0 0 
0 0 0 
0 0 0 
0 0 0 
0 0 0 
0 0 0 
0 0 0 
0 0 0 
0 0 0 
0 0 0 
0 0 0 
0 0 0 
0 0 0 
0 0 0 
0 0 0 
0 0 0 
0 0 0 
0 0 0 
0 0 0 
0 0 0 
0 0 0 
0 0 0 
0 0 0 
0 0 0 
0 0 0 
0 0 0 
0 0 0 
0 0 0 
0 0 0 
0 0 0 
))
(300 (2 11 3 0 0 1019 1026)(
1 0 0 
1 0 0 
1 0 0 
1 0 0 
1 0 0 
1 0 0 
1 0 0 
1 0 0 
))
(300 (2 12 3 0 0 1027 1030)(
0 3 0 
0 3 0 
0 3 0 
0 3 0 
))
(300 (2 13 3 0 0 1031 1038)(
-0.0411988 0.859092 0 
-0.0735815 1.47345 -3.37721e-20 
-0.150356 1.04848 0 
-0.239374 2.54654 0 
-0.262067 2.36172 0 
-0.190725 1.32802 0 
-0.239351 1.90042 0 
-0.247487 2.4839 0 
))
(300 (2 14 3 0 0 1039 1072)(
0 0 0 
0 0 0 
0 0 0 
0 0 0 
0 0 0 
0 0 0 
0 0 0 
0 0 0 
0 0 0 
0 0 0 
0 0 0 
0 0 0 
0 0 0 
0 0 0 
0 0 0 
0 0 0 
0 0 0 
0 0 0 
0 0 0 
0 0 0 
0 0 0 
0 0 0 
0 0 0 
0 0 0 
0 0 0 
0 0 0 
0 0 0 
0 0 0 
0 0 0 
0 0 0 
0 0 0 
0 0 0 
0 0 0 
0 0 0 
))
(300 (2 15 3 0 0 1073 1072)(
))
