(0 "FOAM to Fluent data File")

(33 (918 3444 1074))
(300 (1 1 1 0 0 1 918)(
0.556673
1.18736
0.00116277
0.556096
-0.0125427
1.15437
-0.507824
0.680064
0.536861
-0.108909
-0.0431551
0.536201
1.01499
0.78019
-1.1252
-0.0094104
0.652038
-0.383975
0.535953
-0.0536625
0.70523
0.543411
0.546437
0.537017
0.601397
0.756032
0.895807
0.0215724
0.00908313
0.0047911
-0.0123283
-0.0397743
-0.0334133
1.03803
1.08909
1.11178
0.504728
0.33187
-0.373408
-0.444435
-0.435336
-0.546116
0.675416
0.673456
-0.20422
0.683141
0.686487
0.523921
0.536228
0.537136
0.538171
0.537148
0.538531
0.404481
-0.111796
-0.143896
-0.0891863
-0.0804049
0.0561976
-0.0436626
-0.0462903
-0.041504
-0.041305
0.4541
0.530525
0.527456
0.541484
0.552096
1.12691
1.09885
1.12498
1.03858
1.05511
0.993009
0.965601
0.801579
0.823181
0.76437
0.752282
-1.55814
-2.51178
-0.534233
-0.283213
-0.0104449
-0.00655363
-0.000246648
0.648413
0.649054
0.651755
0.655524
1.08015
-0.381146
-0.481037
0.536092
0.534898
0.543233
0.543933
0.539951
0.539042
-0.0435633
-0.0393727
-0.0466384
-0.0494714
-0.049189
0.694255
0.694354
0.537548
0.534555
0.559167
0.580021
0.571613
0.278995
0.609232
0.62407
0.586105
0.749018
0.74222
0.751509
0.86942
0.83227
0.933039
0.956354
0.0168069
0.000278751
-0.0140231
-0.0191829
-0.0174119
0.500576
0.493146
0.520353
0.508149
0.510645
0.248235
0.114368
0.417132
0.442219
-0.291117
-0.355361
-0.43094
-0.459903
-0.567593
0.610993
0.668544
0.665518
-0.216839
-0.144277
-0.276245
-0.0705832
-0.132874
0.51421
0.521205
0.516214
0.53174
0.526213
0.528174
0.540492
0.537564
0.539123
0.466898
0.590693
0.330668
0.295585
-0.246798
-0.161077
-0.247598
-0.067943
-0.0630957
0.0699321
0.0952549
0.0432946
0.0316971
-0.0570033
-0.0488773
-0.0526145
-0.0403814
-0.0390164
0.446889
0.435743
0.466761
0.474288
0.518876
0.52025
0.524357
0.522486
0.916505
0.938859
0.946318
0.920144
-3.50378
-6.28973
0.0423686
0.17926
-0.00642048
-0.00867182
0.00241754
-0.00571645
0.000864562
-0.00184609
-0.00415538
-0.00558753
-0.000836265
0.00088648
0.641906
0.642737
1.00147
1.00718
0.978298
0.930649
0.524279
0.526359
0.531871
0.527747
-0.0388856
-0.0394399
-0.0393803
0.688874
0.69291
0.691523
0.240845
0.151746
0.329675
0.358557
0.635396
0.623717
0.633801
0.6466
0.68178
0.963762
0.981892
0.980223
0.988513
1.0326
1.04905
1.01429
0.480091
0.490037
0.485007
0.523466
0.521235
0.52214
0.51793
0.519265
0.517201
-0.0364677
-0.417275
0.490422
0.507937
0.491842
0.495282
0.690981
0.769255
0.655958
0.66121
0.659742
-0.00209132
-0.0604356
0.251273
0.217672
0.386706
0.422979
0.402014
0.887612
0.848113
0.898125
0.871642
0.832958
0.859007
-0.368889
-1.87118
-0.988761
0.529027
0.343418
0.43044
0.0135646
-0.0034642
0.0011445
1.00037
1.07377
0.646533
0.820601
0.823917
0.719279
0.750149
0.805243
0.729956
0.765362
0.800982
0.782909
0.567374
0.503727
0.519452
0.838401
0.894079
0.122382
0.0620498
0.0180539
0.113807
0.170708
0.145024
1.03449
0.948148
1.01857
0.534314
0.535029
-0.00359621
-0.0177152
0.539253
0.539306
-0.0115017
-0.000359469
0.41386
-0.83353
0.104148
0.527815
0.517786
0.534877
-0.0915948
0.356179
-0.0438809
0.0507467
-0.00489703
0.532079
0.465154
0.424479
0.00325896
-0.0175824
-0.0440197
-0.216456
0.531984
0.530289
0.534344
0.535292
0.535969
-0.0162158
-0.0119831
-0.0089535
-0.0422019
-0.0376718
-0.0471804
0.498901
0.517739
-0.170111
0.534487
0.536618
0.536438
0.529683
0.535321
0.533567
-0.0079086
-0.01384
-0.0162742
0.222234
0.351965
0.65413
0.742168
0.625463
0.401075
0.165562
0.557135
0.620687
0.526091
0.679939
0.664653
0.679949
0.169581
0.0192965
0.178017
0.119207
0.525673
0.524376
0.51604
0.513018
0.52974
0.52785
0.532412
0.529423
0.532375
0.533761
-0.049388
-0.0742959
-0.0864895
-0.155666
0.310816
0.572647
0.253732
0.284217
0.143643
-0.0387635
-0.0397195
-0.0430643
-0.0489765
0.00408735
-0.0197109
0.0457391
0.0464804
0.0187179
-0.00762235
-0.00361263
-0.0144852
-0.0109297
0.525164
0.523908
0.529606
0.538625
0.474761
0.478538
0.443534
0.464191
0.449496
0.388452
0.423643
0.398847
-0.00315204
0.0064102
-0.000357764
-0.0148182
-0.0116772
-0.0297404
-0.0265488
-0.0227644
-0.018357
-0.025161
-0.0393223
-0.0408455
-0.173779
-0.28849
0.988294
0.910971
0.134151
0.521143
0.52759
0.524356
0.529253
0.532382
0.53319
0.530908
0.527462
0.518094
0.519642
0.516438
0.517295
-0.102239
-0.242675
-0.0706957
-0.143307
0.143159
0.627088
0.363898
0.300455
0.295402
0.522928
0.919549
0.704694
0.679452
0.690234
-0.343151
0.0475656
-0.278924
0.337714
0.163729
0.653929
0.70306
0.724776
0.672549
0.625492
-0.104661
0.554438
-0.0689533
-0.0180761
0.182311
0.0614394
0.675343
0.649976
0.65372
0.670688
0.68683
0.656294
0.641329
0.636314
0.666588
0.668841
0.489079
0.253107
0.204548
0.166042
0.642236
0.524503
0.577897
0.494431
0.520853
0.523469
0.5221
0.503717
0.51128
0.506819
0.513316
0.516787
0.525453
0.525904
0.521206
0.523338
-0.0542414
-0.058015
-0.0301376
-0.138993
-0.131995
-0.194647
-0.0644056
0.0740293
0.0346999
0.235411
0.340623
0.0515426
-0.0595884
-0.0324067
0.00919297
0.178875
0.205514
0.0753599
0.163649
0.153108
0.135903
0.237633
0.2418
-0.0239369
-0.0277652
-0.0305349
-0.0329269
0.0217929
0.0919732
0.101813
-0.00110849
-0.00711269
-0.0365525
-0.0360707
-0.0203904
-0.025002
-0.0213411
0.011951
-0.0494887
-0.0168341
-0.00248251
0.00199793
-0.000525457
-0.00613758
0.517476
0.519956
0.519506
0.525416
0.542906
0.557824
0.517648
0.496906
0.487722
0.490729
0.463671
0.473991
0.469656
0.483398
0.50456
0.514225
0.511453
0.514265
0.496687
0.498386
0.484878
0.488599
0.463356
0.444335
0.432485
-0.0387483
0.000114793
-0.00812447
-0.0342184
-0.00448839
-0.0167065
-0.00699585
0.0122018
-0.00387335
-0.00619807
-0.0168827
-0.0220759
-0.0215193
-0.0752477
0.0108437
-0.184178
-0.220454
-0.292539
0.890054
1.01411
0.810227
0.583333
0.602544
0.845839
0.930605
0.543729
0.735366
0.75887
0.586014
0.852886
0.525974
0.525577
0.523177
0.522656
0.523873
-0.00770385
0.0978899
0.0978425
0.159677
0.275079
0.387159
0.317198
0.192642
0.323101
0.3257
0.619349
0.631558
0.587071
0.611297
0.610853
0.425899
0.501747
0.553906
0.512105
0.564464
0.585554
0.540589
0.573071
0.523265
0.478051
0.47393
0.424701
0.444331
0.420517
0.4035
0.515511
0.492928
0.503462
0.493734
0.512775
0.539639
0.535021
0.562243
0.575548
0.497404
0.452895
0.462238
0.492602
0.453526
0.468634
0.48509
0.230247
0.131759
0.214531
-0.0725233
0.000716657
-0.0127077
-0.0608777
-0.0108634
0.273869
-0.418874
-0.394956
-1.02336
0.500416
0.954263
0.617561
0.590351
0.684193
0.666337
0.671092
0.687509
0.691094
0.630824
0.643597
0.646957
0.609474
0.631596
0.65061
0.647755
0.524459
0.386514
0.384004
0.334136
0.20429
0.243091
0.442053
0.365035
0.289709
0.290433
0.458705
0.345579
0.414819
0.449851
0.381325
0.335631
0.538678
0.603548
0.596114
0.570625
0.484919
0.498345
0.522243
0.556574
0.582197
0.612807
0.51277
0.518677
0.519913
0.517398
0.514662
0.517706
0.517937
0.52048
0.521147
0.524131
0.523172
-0.0437038
-0.0317339
-0.0450868
-0.053212
-0.0198759
-0.0229467
0.0199598
0.00565624
-0.010939
-0.00512588
-0.0303329
-0.0346549
-0.0300315
-0.0211679
0.0991885
0.111739
0.0949521
0.05537
0.248892
0.378795
0.453171
0.328344
0.221035
0.244206
0.264497
-0.0111885
0.0157613
0.00264912
0.0418822
0.0335246
-0.0311145
-0.0350233
-0.0323838
-0.0254858
-0.0163353
-0.0324808
-0.0352012
-0.0264919
-0.0312278
-0.0328467
-0.0364296
0.499166
0.492647
0.494367
0.488182
0.486891
0.501276
0.505515
0.507506
0.513008
0.515373
0.505344
0.511197
0.515061
-0.00729847
-0.0300245
-0.0341108
-0.0225595
-0.0254206
-0.0235329
-0.0251768
0.122296
0.0514016
0.0562062
0.00840391
-0.12273
-0.0650821
0.490096
0.489289
0.479329
0.719795
0.569133
0.48967
0.586841
0.692448
0.274625
0.471801
0.306479
0.887482
0.783497
0.929937
0.541269
0.243087
0.404538
0.449601
0.261386
0.336052
0.325954
0.214512
0.245608
0.282214
0.381602
0.263647
0.239981
-0.00270797
0.187477
0.30001
0.281842
0.406943
0.46812
0.264245
0.184144
0.139061
0.604746
0.623961
0.638361
0.610555
0.631692
0.5775
0.568193
0.585089
0.593892
0.589005
-0.751348
-0.458004
-1.40403
-0.724697
-0.270936
0.530683
0.500151
0.766902
0.647172
0.690272
0.675744
0.635008
0.60369
0.624711
0.649826
0.346377
0.457663
0.432827
0.437905
0.339674
0.27074
0.568933
0.564778
0.597981
0.621353
0.592804
0.622567
0.51059
0.510303
0.50978
0.50604
0.504314
0.506664
0.0583915
0.0269633
0.0634879
0.0439699
0.0207464
0.0089496
-0.00341485
-0.0131725
-0.0202173
-0.0203441
-0.00721972
-0.0031008
0.169597
0.108096
0.0277581
0.0578583
-0.00318351
-0.0722036
-0.0904298
0.013271
0.109524
0.099825
0.404091
0.654069
0.474047
0.641472
0.483541
0.539297
0.468016
0.459534
0.485088
0.378325
0.458736
0.241417
-0.265437
-0.174493
0.789639
0.802373
0.579903
0.402148
0.170997
0.352012
0.544046
0.475849
0.512209
0.581159
0.569513
0.0224949
0.0827
0.362117
0.589255
0.237312
0.228426
0.222251
0.403809
0.323701
))
(300 (1 10 1 0 0 919 1018)(
0.556673
1.18736
0.00116277
0.556096
1.15437
-0.507824
0.680064
-0.108909
-0.0431551
0.536201
1.01499
0.78019
-1.1252
0.652038
-0.383975
0.535953
-0.0536625
0.70523
0.537017
0.601397
0.756032
0.895807
0.0215724
1.03803
0.504728
-0.444435
-0.546116
0.673456
-0.20422
0.686487
0.523921
-0.143896
-0.0804049
-0.0462903
-0.041305
0.4541
0.527456
0.552096
1.05511
0.965601
0.823181
0.752282
-2.51178
-0.283213
0.649054
0.655524
-0.481037
0.534898
0.539042
-0.0393727
-0.049189
0.694354
0.534555
0.571613
0.278995
0.62407
0.586105
0.751509
0.83227
0.956354
0.493146
0.520353
0.510645
-0.355361
-0.567593
0.665518
-0.276245
-0.132874
0.516214
0.528174
-0.247598
-0.0630957
-0.0526145
-0.0390164
0.435743
0.474288
0.518876
0.522486
0.920144
0.17926
0.642737
0.524279
0.527747
-0.0393803
0.691523
0.151746
0.358557
0.633801
0.68178
0.988513
0.485007
0.52214
0.517201
0.659742
-0.0604356
0.402014
0.871642
0.43044
0.765362
0.0180539
))
(300 (1 11 1 0 0 919 926)(
0.556673
0.556096
0.536861
0.543411
0.537136
0.538531
0.543233
0.539123
))
(300 (1 12 1 0 0 919 922)(
1.18736
1.15437
1.11178
1.12498
))
(300 (1 13 1 0 0 919 926)(
0
0
0
0
0
0
0
0
))
(300 (1 14 1 0 0 919 952)(
-0.0125427
-0.0094104
-0.0334133
0.33187
0.404481
0.0561976
-0.000246648
1.08015
-0.0174119
0.114368
0.442219
0.610993
0.590693
0.295585
0.0952549
0.0316971
-6.28973
-0.00415538
0.00088648
1.00718
0.930649
-0.417275
0.490422
0.495282
0.769255
0.217672
-0.988761
0.0011445
1.07377
0.823917
0.519452
0.894079
0.145024
1.01857
))
(300 (1 15 1 0 0 919 2754)(
0.556673
0.556673
1.18736
1.18736
0.00116277
0.00116277
0.556096
0.556096
-0.0125427
-0.0125427
1.15437
1.15437
-0.507824
-0.507824
0.680064
0.680064
0.536861
0.536861
-0.108909
-0.108909
-0.0431551
-0.0431551
0.536201
0.536201
1.01499
1.01499
0.78019
0.78019
-1.1252
-1.1252
-0.0094104
-0.0094104
0.652038
0.652038
-0.383975
-0.383975
0.535953
0.535953
-0.0536625
-0.0536625
0.70523
0.70523
0.543411
0.543411
0.546437
0.546437
0.537017
0.537017
0.601397
0.601397
0.756032
0.756032
0.895807
0.895807
0.0215724
0.0215724
0.00908313
0.00908313
0.0047911
0.0047911
-0.0123283
-0.0123283
-0.0397743
-0.0397743
-0.0334133
-0.0334133
1.03803
1.03803
1.08909
1.08909
1.11178
1.11178
0.504728
0.504728
0.33187
0.33187
-0.373408
-0.373408
-0.444435
-0.444435
-0.435336
-0.435336
-0.546116
-0.546116
0.675416
0.675416
0.673456
0.673456
-0.20422
-0.20422
0.683141
0.683141
0.686487
0.686487
0.523921
0.523921
0.536228
0.536228
0.537136
0.537136
0.538171
0.538171
0.537148
0.537148
0.538531
0.538531
0.404481
0.404481
-0.111796
-0.111796
-0.143896
-0.143896
-0.0891863
-0.0891863
-0.0804049
-0.0804049
0.0561976
0.0561976
-0.0436626
-0.0436626
-0.0462903
-0.0462903
-0.041504
-0.041504
-0.041305
-0.041305
0.4541
0.4541
0.530525
0.530525
0.527456
0.527456
0.541484
0.541484
0.552096
0.552096
1.12691
1.12691
1.09885
1.09885
1.12498
1.12498
1.03858
1.03858
1.05511
1.05511
0.993009
0.993009
0.965601
0.965601
0.801579
0.801579
0.823181
0.823181
0.76437
0.76437
0.752282
0.752282
-1.55814
-1.55814
-2.51178
-2.51178
-0.534233
-0.534233
-0.283213
-0.283213
-0.0104449
-0.0104449
-0.00655363
-0.00655363
-0.000246648
-0.000246648
0.648413
0.648413
0.649054
0.649054
0.651755
0.651755
0.655524
0.655524
1.08015
1.08015
-0.381146
-0.381146
-0.481037
-0.481037
0.536092
0.536092
0.534898
0.534898
0.543233
0.543233
0.543933
0.543933
0.539951
0.539951
0.539042
0.539042
-0.0435633
-0.0435633
-0.0393727
-0.0393727
-0.0466384
-0.0466384
-0.0494714
-0.0494714
-0.049189
-0.049189
0.694255
0.694255
0.694354
0.694354
0.537548
0.537548
0.534555
0.534555
0.559167
0.559167
0.580021
0.580021
0.571613
0.571613
0.278995
0.278995
0.609232
0.609232
0.62407
0.62407
0.586105
0.586105
0.749018
0.749018
0.74222
0.74222
0.751509
0.751509
0.86942
0.86942
0.83227
0.83227
0.933039
0.933039
0.956354
0.956354
0.0168069
0.0168069
0.000278751
0.000278751
-0.0140231
-0.0140231
-0.0191829
-0.0191829
-0.0174119
-0.0174119
0.500576
0.500576
0.493146
0.493146
0.520353
0.520353
0.508149
0.508149
0.510645
0.510645
0.248235
0.248235
0.114368
0.114368
0.417132
0.417132
0.442219
0.442219
-0.291117
-0.291117
-0.355361
-0.355361
-0.43094
-0.43094
-0.459903
-0.459903
-0.567593
-0.567593
0.610993
0.610993
0.668544
0.668544
0.665518
0.665518
-0.216839
-0.216839
-0.144277
-0.144277
-0.276245
-0.276245
-0.0705832
-0.0705832
-0.132874
-0.132874
0.51421
0.51421
0.521205
0.521205
0.516214
0.516214
0.53174
0.53174
0.526213
0.526213
0.528174
0.528174
0.540492
0.540492
0.537564
0.537564
0.539123
0.539123
0.466898
0.466898
0.590693
0.590693
0.330668
0.330668
0.295585
0.295585
-0.246798
-0.246798
-0.161077
-0.161077
-0.247598
-0.247598
-0.067943
-0.067943
-0.0630957
-0.0630957
0.0699321
0.0699321
0.0952549
0.0952549
0.0432946
0.0432946
0.0316971
0.0316971
-0.0570033
-0.0570033
-0.0488773
-0.0488773
-0.0526145
-0.0526145
-0.0403814
-0.0403814
-0.0390164
-0.0390164
0.446889
0.446889
0.435743
0.435743
0.466761
0.466761
0.474288
0.474288
0.518876
0.518876
0.52025
0.52025
0.524357
0.524357
0.522486
0.522486
0.916505
0.916505
0.938859
0.938859
0.946318
0.946318
0.920144
0.920144
-3.50378
-3.50378
-6.28973
-6.28973
0.0423686
0.0423686
0.17926
0.17926
-0.00642048
-0.00642048
-0.00867182
-0.00867182
0.00241754
0.00241754
-0.00571645
-0.00571645
0.000864562
0.000864562
-0.00184609
-0.00184609
-0.00415538
-0.00415538
-0.00558753
-0.00558753
-0.000836265
-0.000836265
0.00088648
0.00088648
0.641906
0.641906
0.642737
0.642737
1.00147
1.00147
1.00718
1.00718
0.978298
0.978298
0.930649
0.930649
0.524279
0.524279
0.526359
0.526359
0.531871
0.531871
0.527747
0.527747
-0.0388856
-0.0388856
-0.0394399
-0.0394399
-0.0393803
-0.0393803
0.688874
0.688874
0.69291
0.69291
0.691523
0.691523
0.240845
0.240845
0.151746
0.151746
0.329675
0.329675
0.358557
0.358557
0.635396
0.635396
0.623717
0.623717
0.633801
0.633801
0.6466
0.6466
0.68178
0.68178
0.963762
0.963762
0.981892
0.981892
0.980223
0.980223
0.988513
0.988513
1.0326
1.0326
1.04905
1.04905
1.01429
1.01429
0.480091
0.480091
0.490037
0.490037
0.485007
0.485007
0.523466
0.523466
0.521235
0.521235
0.52214
0.52214
0.51793
0.51793
0.519265
0.519265
0.517201
0.517201
-0.0364677
-0.0364677
-0.417275
-0.417275
0.490422
0.490422
0.507937
0.507937
0.491842
0.491842
0.495282
0.495282
0.690981
0.690981
0.769255
0.769255
0.655958
0.655958
0.66121
0.66121
0.659742
0.659742
-0.00209132
-0.00209132
-0.0604356
-0.0604356
0.251273
0.251273
0.217672
0.217672
0.386706
0.386706
0.422979
0.422979
0.402014
0.402014
0.887612
0.887612
0.848113
0.848113
0.898125
0.898125
0.871642
0.871642
0.832958
0.832958
0.859007
0.859007
-0.368889
-0.368889
-1.87118
-1.87118
-0.988761
-0.988761
0.529027
0.529027
0.343418
0.343418
0.43044
0.43044
0.0135646
0.0135646
-0.0034642
-0.0034642
0.0011445
0.0011445
1.00037
1.00037
1.07377
1.07377
0.646533
0.646533
0.820601
0.820601
0.823917
0.823917
0.719279
0.719279
0.750149
0.750149
0.805243
0.805243
0.729956
0.729956
0.765362
0.765362
0.800982
0.800982
0.782909
0.782909
0.567374
0.567374
0.503727
0.503727
0.519452
0.519452
0.838401
0.838401
0.894079
0.894079
0.122382
0.122382
0.0620498
0.0620498
0.0180539
0.0180539
0.113807
0.113807
0.170708
0.170708
0.145024
0.145024
1.03449
1.03449
0.948148
0.948148
1.01857
1.01857
0.534314
0.534314
0.535029
0.535029
-0.00359621
-0.00359621
-0.0177152
-0.0177152
0.539253
0.539253
0.539306
0.539306
-0.0115017
-0.0115017
-0.000359469
-0.000359469
0.41386
0.41386
-0.83353
-0.83353
0.104148
0.104148
0.527815
0.527815
0.517786
0.517786
0.534877
0.534877
-0.0915948
-0.0915948
0.356179
0.356179
-0.0438809
-0.0438809
0.0507467
0.0507467
-0.00489703
-0.00489703
0.532079
0.532079
0.465154
0.465154
0.424479
0.424479
0.00325896
0.00325896
-0.0175824
-0.0175824
-0.0440197
-0.0440197
-0.216456
-0.216456
0.531984
0.531984
0.530289
0.530289
0.534344
0.534344
0.535292
0.535292
0.535969
0.535969
-0.0162158
-0.0162158
-0.0119831
-0.0119831
-0.0089535
-0.0089535
-0.0422019
-0.0422019
-0.0376718
-0.0376718
-0.0471804
-0.0471804
0.498901
0.498901
0.517739
0.517739
-0.170111
-0.170111
0.534487
0.534487
0.536618
0.536618
0.536438
0.536438
0.529683
0.529683
0.535321
0.535321
0.533567
0.533567
-0.0079086
-0.0079086
-0.01384
-0.01384
-0.0162742
-0.0162742
0.222234
0.222234
0.351965
0.351965
0.65413
0.65413
0.742168
0.742168
0.625463
0.625463
0.401075
0.401075
0.165562
0.165562
0.557135
0.557135
0.620687
0.620687
0.526091
0.526091
0.679939
0.679939
0.664653
0.664653
0.679949
0.679949
0.169581
0.169581
0.0192965
0.0192965
0.178017
0.178017
0.119207
0.119207
0.525673
0.525673
0.524376
0.524376
0.51604
0.51604
0.513018
0.513018
0.52974
0.52974
0.52785
0.52785
0.532412
0.532412
0.529423
0.529423
0.532375
0.532375
0.533761
0.533761
-0.049388
-0.049388
-0.0742959
-0.0742959
-0.0864895
-0.0864895
-0.155666
-0.155666
0.310816
0.310816
0.572647
0.572647
0.253732
0.253732
0.284217
0.284217
0.143643
0.143643
-0.0387635
-0.0387635
-0.0397195
-0.0397195
-0.0430643
-0.0430643
-0.0489765
-0.0489765
0.00408735
0.00408735
-0.0197109
-0.0197109
0.0457391
0.0457391
0.0464804
0.0464804
0.0187179
0.0187179
-0.00762235
-0.00762235
-0.00361263
-0.00361263
-0.0144852
-0.0144852
-0.0109297
-0.0109297
0.525164
0.525164
0.523908
0.523908
0.529606
0.529606
0.538625
0.538625
0.474761
0.474761
0.478538
0.478538
0.443534
0.443534
0.464191
0.464191
0.449496
0.449496
0.388452
0.388452
0.423643
0.423643
0.398847
0.398847
-0.00315204
-0.00315204
0.0064102
0.0064102
-0.000357764
-0.000357764
-0.0148182
-0.0148182
-0.0116772
-0.0116772
-0.0297404
-0.0297404
-0.0265488
-0.0265488
-0.0227644
-0.0227644
-0.018357
-0.018357
-0.025161
-0.025161
-0.0393223
-0.0393223
-0.0408455
-0.0408455
-0.173779
-0.173779
-0.28849
-0.28849
0.988294
0.988294
0.910971
0.910971
0.134151
0.134151
0.521143
0.521143
0.52759
0.52759
0.524356
0.524356
0.529253
0.529253
0.532382
0.532382
0.53319
0.53319
0.530908
0.530908
0.527462
0.527462
0.518094
0.518094
0.519642
0.519642
0.516438
0.516438
0.517295
0.517295
-0.102239
-0.102239
-0.242675
-0.242675
-0.0706957
-0.0706957
-0.143307
-0.143307
0.143159
0.143159
0.627088
0.627088
0.363898
0.363898
0.300455
0.300455
0.295402
0.295402
0.522928
0.522928
0.919549
0.919549
0.704694
0.704694
0.679452
0.679452
0.690234
0.690234
-0.343151
-0.343151
0.0475656
0.0475656
-0.278924
-0.278924
0.337714
0.337714
0.163729
0.163729
0.653929
0.653929
0.70306
0.70306
0.724776
0.724776
0.672549
0.672549
0.625492
0.625492
-0.104661
-0.104661
0.554438
0.554438
-0.0689533
-0.0689533
-0.0180761
-0.0180761
0.182311
0.182311
0.0614394
0.0614394
0.675343
0.675343
0.649976
0.649976
0.65372
0.65372
0.670688
0.670688
0.68683
0.68683
0.656294
0.656294
0.641329
0.641329
0.636314
0.636314
0.666588
0.666588
0.668841
0.668841
0.489079
0.489079
0.253107
0.253107
0.204548
0.204548
0.166042
0.166042
0.642236
0.642236
0.524503
0.524503
0.577897
0.577897
0.494431
0.494431
0.520853
0.520853
0.523469
0.523469
0.5221
0.5221
0.503717
0.503717
0.51128
0.51128
0.506819
0.506819
0.513316
0.513316
0.516787
0.516787
0.525453
0.525453
0.525904
0.525904
0.521206
0.521206
0.523338
0.523338
-0.0542414
-0.0542414
-0.058015
-0.058015
-0.0301376
-0.0301376
-0.138993
-0.138993
-0.131995
-0.131995
-0.194647
-0.194647
-0.0644056
-0.0644056
0.0740293
0.0740293
0.0346999
0.0346999
0.235411
0.235411
0.340623
0.340623
0.0515426
0.0515426
-0.0595884
-0.0595884
-0.0324067
-0.0324067
0.00919297
0.00919297
0.178875
0.178875
0.205514
0.205514
0.0753599
0.0753599
0.163649
0.163649
0.153108
0.153108
0.135903
0.135903
0.237633
0.237633
0.2418
0.2418
-0.0239369
-0.0239369
-0.0277652
-0.0277652
-0.0305349
-0.0305349
-0.0329269
-0.0329269
0.0217929
0.0217929
0.0919732
0.0919732
0.101813
0.101813
-0.00110849
-0.00110849
-0.00711269
-0.00711269
-0.0365525
-0.0365525
-0.0360707
-0.0360707
-0.0203904
-0.0203904
-0.025002
-0.025002
-0.0213411
-0.0213411
0.011951
0.011951
-0.0494887
-0.0494887
-0.0168341
-0.0168341
-0.00248251
-0.00248251
0.00199793
0.00199793
-0.000525457
-0.000525457
-0.00613758
-0.00613758
0.517476
0.517476
0.519956
0.519956
0.519506
0.519506
0.525416
0.525416
0.542906
0.542906
0.557824
0.557824
0.517648
0.517648
0.496906
0.496906
0.487722
0.487722
0.490729
0.490729
0.463671
0.463671
0.473991
0.473991
0.469656
0.469656
0.483398
0.483398
0.50456
0.50456
0.514225
0.514225
0.511453
0.511453
0.514265
0.514265
0.496687
0.496687
0.498386
0.498386
0.484878
0.484878
0.488599
0.488599
0.463356
0.463356
0.444335
0.444335
0.432485
0.432485
-0.0387483
-0.0387483
0.000114793
0.000114793
-0.00812447
-0.00812447
-0.0342184
-0.0342184
-0.00448839
-0.00448839
-0.0167065
-0.0167065
-0.00699585
-0.00699585
0.0122018
0.0122018
-0.00387335
-0.00387335
-0.00619807
-0.00619807
-0.0168827
-0.0168827
-0.0220759
-0.0220759
-0.0215193
-0.0215193
-0.0752477
-0.0752477
0.0108437
0.0108437
-0.184178
-0.184178
-0.220454
-0.220454
-0.292539
-0.292539
0.890054
0.890054
1.01411
1.01411
0.810227
0.810227
0.583333
0.583333
0.602544
0.602544
0.845839
0.845839
0.930605
0.930605
0.543729
0.543729
0.735366
0.735366
0.75887
0.75887
0.586014
0.586014
0.852886
0.852886
0.525974
0.525974
0.525577
0.525577
0.523177
0.523177
0.522656
0.522656
0.523873
0.523873
-0.00770385
-0.00770385
0.0978899
0.0978899
0.0978425
0.0978425
0.159677
0.159677
0.275079
0.275079
0.387159
0.387159
0.317198
0.317198
0.192642
0.192642
0.323101
0.323101
0.3257
0.3257
0.619349
0.619349
0.631558
0.631558
0.587071
0.587071
0.611297
0.611297
0.610853
0.610853
0.425899
0.425899
0.501747
0.501747
0.553906
0.553906
0.512105
0.512105
0.564464
0.564464
0.585554
0.585554
0.540589
0.540589
0.573071
0.573071
0.523265
0.523265
0.478051
0.478051
0.47393
0.47393
0.424701
0.424701
0.444331
0.444331
0.420517
0.420517
0.4035
0.4035
0.515511
0.515511
0.492928
0.492928
0.503462
0.503462
0.493734
0.493734
0.512775
0.512775
0.539639
0.539639
0.535021
0.535021
0.562243
0.562243
0.575548
0.575548
0.497404
0.497404
0.452895
0.452895
0.462238
0.462238
0.492602
0.492602
0.453526
0.453526
0.468634
0.468634
0.48509
0.48509
0.230247
0.230247
0.131759
0.131759
0.214531
0.214531
-0.0725233
-0.0725233
0.000716657
0.000716657
-0.0127077
-0.0127077
-0.0608777
-0.0608777
-0.0108634
-0.0108634
0.273869
0.273869
-0.418874
-0.418874
-0.394956
-0.394956
-1.02336
-1.02336
0.500416
0.500416
0.954263
0.954263
0.617561
0.617561
0.590351
0.590351
0.684193
0.684193
0.666337
0.666337
0.671092
0.671092
0.687509
0.687509
0.691094
0.691094
0.630824
0.630824
0.643597
0.643597
0.646957
0.646957
0.609474
0.609474
0.631596
0.631596
0.65061
0.65061
0.647755
0.647755
0.524459
0.524459
0.386514
0.386514
0.384004
0.384004
0.334136
0.334136
0.20429
0.20429
0.243091
0.243091
0.442053
0.442053
0.365035
0.365035
0.289709
0.289709
0.290433
0.290433
0.458705
0.458705
0.345579
0.345579
0.414819
0.414819
0.449851
0.449851
0.381325
0.381325
0.335631
0.335631
0.538678
0.538678
0.603548
0.603548
0.596114
0.596114
0.570625
0.570625
0.484919
0.484919
0.498345
0.498345
0.522243
0.522243
0.556574
0.556574
0.582197
0.582197
0.612807
0.612807
0.51277
0.51277
0.518677
0.518677
0.519913
0.519913
0.517398
0.517398
0.514662
0.514662
0.517706
0.517706
0.517937
0.517937
0.52048
0.52048
0.521147
0.521147
0.524131
0.524131
0.523172
0.523172
-0.0437038
-0.0437038
-0.0317339
-0.0317339
-0.0450868
-0.0450868
-0.053212
-0.053212
-0.0198759
-0.0198759
-0.0229467
-0.0229467
0.0199598
0.0199598
0.00565624
0.00565624
-0.010939
-0.010939
-0.00512588
-0.00512588
-0.0303329
-0.0303329
-0.0346549
-0.0346549
-0.0300315
-0.0300315
-0.0211679
-0.0211679
0.0991885
0.0991885
0.111739
0.111739
0.0949521
0.0949521
0.05537
0.05537
0.248892
0.248892
0.378795
0.378795
0.453171
0.453171
0.328344
0.328344
0.221035
0.221035
0.244206
0.244206
0.264497
0.264497
-0.0111885
-0.0111885
0.0157613
0.0157613
0.00264912
0.00264912
0.0418822
0.0418822
0.0335246
0.0335246
-0.0311145
-0.0311145
-0.0350233
-0.0350233
-0.0323838
-0.0323838
-0.0254858
-0.0254858
-0.0163353
-0.0163353
-0.0324808
-0.0324808
-0.0352012
-0.0352012
-0.0264919
-0.0264919
-0.0312278
-0.0312278
-0.0328467
-0.0328467
-0.0364296
-0.0364296
0.499166
0.499166
0.492647
0.492647
0.494367
0.494367
0.488182
0.488182
0.486891
0.486891
0.501276
0.501276
0.505515
0.505515
0.507506
0.507506
0.513008
0.513008
0.515373
0.515373
0.505344
0.505344
0.511197
0.511197
0.515061
0.515061
-0.00729847
-0.00729847
-0.0300245
-0.0300245
-0.0341108
-0.0341108
-0.0225595
-0.0225595
-0.0254206
-0.0254206
-0.0235329
-0.0235329
-0.0251768
-0.0251768
0.122296
0.122296
0.0514016
0.0514016
0.0562062
0.0562062
0.00840391
0.00840391
-0.12273
-0.12273
-0.0650821
-0.0650821
0.490096
0.490096
0.489289
0.489289
0.479329
0.479329
0.719795
0.719795
0.569133
0.569133
0.48967
0.48967
0.586841
0.586841
0.692448
0.692448
0.274625
0.274625
0.471801
0.471801
0.306479
0.306479
0.887482
0.887482
0.783497
0.783497
0.929937
0.929937
0.541269
0.541269
0.243087
0.243087
0.404538
0.404538
0.449601
0.449601
0.261386
0.261386
0.336052
0.336052
0.325954
0.325954
0.214512
0.214512
0.245608
0.245608
0.282214
0.282214
0.381602
0.381602
0.263647
0.263647
0.239981
0.239981
-0.00270797
-0.00270797
0.187477
0.187477
0.30001
0.30001
0.281842
0.281842
0.406943
0.406943
0.46812
0.46812
0.264245
0.264245
0.184144
0.184144
0.139061
0.139061
0.604746
0.604746
0.623961
0.623961
0.638361
0.638361
0.610555
0.610555
0.631692
0.631692
0.5775
0.5775
0.568193
0.568193
0.585089
0.585089
0.593892
0.593892
0.589005
0.589005
-0.751348
-0.751348
-0.458004
-0.458004
-1.40403
-1.40403
-0.724697
-0.724697
-0.270936
-0.270936
0.530683
0.530683
0.500151
0.500151
0.766902
0.766902
0.647172
0.647172
0.690272
0.690272
0.675744
0.675744
0.635008
0.635008
0.60369
0.60369
0.624711
0.624711
0.649826
0.649826
0.346377
0.346377
0.457663
0.457663
0.432827
0.432827
0.437905
0.437905
0.339674
0.339674
0.27074
0.27074
0.568933
0.568933
0.564778
0.564778
0.597981
0.597981
0.621353
0.621353
0.592804
0.592804
0.622567
0.622567
0.51059
0.51059
0.510303
0.510303
0.50978
0.50978
0.50604
0.50604
0.504314
0.504314
0.506664
0.506664
0.0583915
0.0583915
0.0269633
0.0269633
0.0634879
0.0634879
0.0439699
0.0439699
0.0207464
0.0207464
0.0089496
0.0089496
-0.00341485
-0.00341485
-0.0131725
-0.0131725
-0.0202173
-0.0202173
-0.0203441
-0.0203441
-0.00721972
-0.00721972
-0.0031008
-0.0031008
0.169597
0.169597
0.108096
0.108096
0.0277581
0.0277581
0.0578583
0.0578583
-0.00318351
-0.00318351
-0.0722036
-0.0722036
-0.0904298
-0.0904298
0.013271
0.013271
0.109524
0.109524
0.099825
0.099825
0.404091
0.404091
0.654069
0.654069
0.474047
0.474047
0.641472
0.641472
0.483541
0.483541
0.539297
0.539297
0.468016
0.468016
0.459534
0.459534
0.485088
0.485088
0.378325
0.378325
0.458736
0.458736
0.241417
0.241417
-0.265437
-0.265437
-0.174493
-0.174493
0.789639
0.789639
0.802373
0.802373
0.579903
0.579903
0.402148
0.402148
0.170997
0.170997
0.352012
0.352012
0.544046
0.544046
0.475849
0.475849
0.512209
0.512209
0.581159
0.581159
0.569513
0.569513
0.0224949
0.0224949
0.0827
0.0827
0.362117
0.362117
0.589255
0.589255
0.237312
0.237312
0.228426
0.228426
0.222251
0.222251
0.403809
0.403809
0.323701
0.323701
))
(300 (2 1 3 0 0 1 918)(
0.985161 -0.000505757 0 
0.00501365 2.96625 0 
0.00928496 0.886464 0 
0.979704 0.00214655 0 
-0.0103048 2.06397 3.82164e-20 
-0.0070484 2.9488 -2.47113e-18 
0.816083 1.15825 4.46832e-19 
0.168052 0.0887333 -1.51225e-20 
0.999909 -0.000277962 0 
0.0599196 0.750724 0 
0.0114655 0.546432 0 
0.735435 -0.0187287 0 
0.0111384 2.93034 0 
0.00266279 2.79526 0 
-0.0177372 3.15023 7.80822e-19 
-0.0215801 1.90922 7.51045e-21 
0.280273 0.0397847 1.01858e-18 
0.185693 1.13605 3.19708e-19 
0.962738 0.00501894 0 
0.009362 0.504256 0 
0.00146715 0.118214 -7.09871e-19 
1.00197 -0.00497671 0 
1.00022 -0.00978657 0 
0.975735 -0.00643913 0 
0.595736 0.00558111 0 
0.0153776 2.6409 0 
-0.0148718 2.91002 9.09135e-19 
0.0116884 0.939222 0 
-0.0134777 1.18151 0 
0.0138164 0.920847 0 
-0.0111919 2.59695 0 
0.000985805 2.11677 -3.05221e-20 
-0.00991557 1.89237 0 
-0.0205965 2.98761 -8.88315e-23 
-0.0166839 3.00529 1.92039e-18 
0.00210055 3.00017 0 
0.871199 -0.00962906 0 
0.403502 0.934713 1.79156e-19 
0.801166 1.17273 -5.09888e-19 
0.952192 1.0185 5.51812e-19 
0.670133 1.26404 -1.03618e-19 
0.671391 1.23784 5.96585e-19 
0.204565 0.147212 1.47533e-20 
0.181982 0.0640377 0 
1.15253 0.559654 0 
0.17754 0.136129 6.72484e-20 
0.143367 0.0857031 -6.97796e-20 
0.919872 -0.00745464 0 
1.00027 0.000158819 0 
0.999909 0.000337105 0 
1.00363 -0.00776257 0 
1.00096 -0.000922002 0 
1.00017 3.50115e-05 0 
0.073807 1.82355 -7.73341e-19 
0.0265464 0.957373 0 
0.0947892 0.819815 0 
0.0102187 0.913544 0 
0.0354264 0.682219 0 
0.00652005 2.00792 0 
0.00102734 0.817735 0 
0.01116 0.566098 0 
-0.00355919 0.813687 0 
0.00987563 0.530843 0 
0.840951 -0.0157983 0 
0.840994 0.0319239 0 
0.767611 -0.00812327 0 
0.805821 0.0416817 0 
0.70408 -0.0162057 0 
0.0146846 3.00041 9.16031e-19 
0.0114906 3.00809 0 
0.00610331 3.00275 0 
0.0135509 2.99738 1.0393e-23 
0.00795654 2.95846 -1.36145e-18 
0.0145015 2.98199 0 
0.0108876 2.90355 0 
0.0242355 2.93062 2.08491e-24 
0.0046884 2.82526 0 
0.0307431 2.9166 0 
-0.00474677 2.74557 0 
0.30607 3.54423 0 
-0.131603 3.62512 0 
0.138244 3.24039 -7.2663e-19 
-0.0134926 2.97808 0 
-0.0228112 1.98314 0 
-0.00620269 2.1645 -7.40755e-21 
-0.015939 1.91611 4.9312e-22 
0.365358 0.145828 -3.53567e-19 
0.306631 0.025026 -3.43084e-19 
0.326813 0.153968 -1.05897e-18 
0.247045 0.0476904 -6.90641e-19 
0.228111 0.979023 0 
0.269673 1.28351 -3.69466e-19 
0.363919 1.21975 6.15983e-19 
0.987445 0.00856745 0 
0.941878 0.00583234 0 
1.0003 0.000580162 0 
1.00286 0.00930832 0 
1.00301 0.00846897 -2.74232e-18 
0.991909 0.00969643 2.07091e-18 
-0.00389475 0.802405 0 
0.0098045 0.516231 0 
-0.0399765 1.00864 0 
-0.0196128 0.840105 0 
0.00419305 0.499942 0 
0.0116497 0.127641 2.19164e-19 
0.0890464 0.0982872 0 
0.99355 -0.00837351 0 
0.954453 -0.00652744 0 
0.749204 0.0438976 0 
0.684066 0.0371534 0 
0.663449 -0.013163 0 
0.968733 -0.0077672 0 
0.596484 0.0697076 0 
0.444187 -0.0144913 1.53868e-18 
-0.0370498 2.86219 6.71296e-19 
0.0409578 2.91015 0 
0.0537324 2.88599 0 
-0.00418752 2.70046 0 
-0.0131213 2.98516 8.60703e-19 
-0.0178728 2.89502 0 
-0.0154316 2.98804 -2.66913e-18 
-0.0132582 2.92518 9.13993e-19 
-0.0228984 1.34615 0 
0.000780584 1.37527 0 
-0.00597099 2.12982 4.52478e-22 
-0.00478325 2.09315 0 
-0.0231784 1.89754 0 
0.938457 -0.00744425 0 
0.857242 -0.00994356 0 
0.863299 0.00580617 0 
0.949505 -0.00786364 0 
0.883964 -0.00817553 0 
0.515096 1.1278 -2.26321e-19 
0.564237 1.17885 0 
0.368086 0.879675 3.35163e-20 
0.31058 0.738438 0 
0.913058 1.05605 -1.52052e-19 
1.02972 0.865902 3.07474e-19 
0.357481 1.34611 0 
0.522959 1.31908 0 
0.545971 1.25647 0 
0.120353 0.185076 -3.01769e-19 
0.229545 0.142397 0 
0.205621 0.0723872 1.93566e-19 
1.0008 0.920309 0 
1.07373 0.774558 0 
1.09882 0.716025 -2.42573e-19 
1.13194 0.619141 0 
1.18278 0.403308 5.67383e-20 
0.957704 -0.00873496 0 
0.962482 -0.0100514 0 
0.901697 -0.00797438 0 
0.984197 -0.00915276 0 
0.974696 -0.00934472 0 
0.937118 -0.00636975 0 
1.00019 0.00233909 0 
1.0009 0.00141088 0 
0.99991 0.000854632 0 
0.0352196 2.07346 4.28611e-19 
0.119144 1.76661 0 
0.0176126 2.18764 6.58879e-19 
0.0465685 1.87717 -5.49992e-19 
0.101796 1.14494 -2.61929e-19 
0.0436516 1.03186 0 
0.140395 0.975788 0 
0.00422473 0.87426 0 
0.0170901 0.629823 0 
-0.00140019 2.23996 -8.62316e-22 
0.0158998 2.01293 0 
-0.00214922 2.24147 -3.26636e-20 
0.00788894 2.01627 5.22475e-20 
0.00176713 0.85062 0 
0.00194633 0.83019 0 
0.0114733 0.592335 0 
-0.00612232 0.810644 0 
0.00202164 0.521442 0 
0.937782 0.00963634 0 
0.849309 -0.0148375 0 
0.927139 0.000294819 0 
0.842036 -0.0129414 0 
0.812094 -0.000974538 0 
0.899646 0.0213768 0 
0.873944 0.0264385 0 
0.788735 -0.00406193 0 
0.00557182 3.06471 -8.54073e-21 
0.0166461 3.05778 0 
0.0146225 2.96902 0 
0.0086194 2.8762 0 
0.92191 3.95781 0 
1.23551 3.29122 9.28432e-19 
0.0691248 3.07043 0 
-0.0293173 2.90317 0 
-0.00679906 1.39519 0 
-0.0297191 1.69272 0 
-0.0151629 1.52843 0 
-0.0280959 2.55464 -7.75094e-21 
-0.0112113 2.24082 0 
-0.0166992 2.391 0 
-0.00147213 1.94185 9.3084e-22 
-0.00309033 2.23688 -4.16897e-21 
-0.00483511 2.19893 -6.56805e-22 
-0.00964606 1.92745 0 
0.414235 0.126847 5.38892e-19 
0.354933 0.01386 -5.28829e-19 
0.259211 1.58494 0 
0.27625 0.752289 -3.15202e-19 
0.177014 1.67184 -1.04875e-18 
0.226154 1.21663 1.05109e-18 
0.902064 0.00639868 0 
0.96742 0.0111085 0 
0.974558 0.0108028 0 
0.92333 0.00642472 0 
-0.00168071 0.803886 0 
-0.00686861 0.802503 0 
0.00115769 0.516348 0 
0.154646 0.125844 6.21802e-19 
0.130156 0.114651 -7.33373e-19 
0.118476 0.0874392 0 
1.09583 0.0853568 2.72118e-20 
1.07803 0.038933 0 
1.01108 0.0395925 0 
0.905583 -0.00589178 0 
0.462392 0.106409 0 
0.520531 0.0875702 -2.45808e-18 
0.398685 0.0091628 9.18872e-19 
0.00873803 2.98047 7.20509e-19 
-0.0332384 2.86494 4.55151e-20 
0.00364549 3.05025 -1.80837e-20 
0.0201978 3.04335 6.43302e-19 
-0.0149892 2.99657 3.00181e-20 
-0.0129698 2.94948 -1.20743e-22 
-0.0172754 3.01191 -5.55417e-19 
0.0149167 3.02366 4.0225e-19 
0.00741956 3.03689 -6.37416e-19 
0.933698 -0.00132098 0 
0.939266 -0.00327752 0 
0.845631 -0.00946166 0 
0.956568 0.0118734 0 
0.942733 0.0131967 0 
0.88162 0.00590551 0 
0.917061 0.0172091 0 
0.925977 0.0150083 0 
0.838524 0.00248482 0 
0.717613 1.40516 4.23504e-20 
0.750896 1.51389 0 
0.183059 0.317495 7.05997e-20 
0.226957 0.668092 5.68884e-19 
0.262343 0.721142 -3.31996e-19 
0.264263 0.524819 6.60244e-19 
0.344641 0.809014 1.58814e-18 
0.139466 0.229492 3.74818e-19 
0.289618 0.156063 7.31928e-19 
0.258125 0.152566 1.90163e-19 
0.223077 0.0607991 3.61241e-19 
1.17198 0.461407 5.86211e-20 
1.18829 0.255225 5.40437e-20 
0.00978482 2.2357 2.54187e-19 
0.0407055 1.94435 0 
0.969373 0.029085 0 
0.94239 0.0137296 0 
0.867859 -0.0180167 0 
0.0113695 3.07445 0 
0.0197195 2.94403 1.17727e-18 
0.0164216 2.95637 0 
0.00633281 2.8506 -1.16806e-18 
0.00621838 3.09087 2.85648e-19 
0.00716143 3.08238 0 
0.783733 1.81566 -1.59836e-19 
1.24333 2.4918 4.0693e-19 
0.765761 1.95507 -1.2337e-18 
0.0198633 2.98097 -6.20488e-19 
0.0351907 2.99991 0 
-0.0343459 2.87738 0 
-0.00415648 2.2204 -1.31362e-20 
-0.00299258 2.24156 4.37217e-21 
0.00122725 1.97734 -7.3443e-21 
0.277829 1.39347 1.02416e-18 
0.236637 0.545315 -7.02334e-19 
0.0635716 1.99823 7.63417e-19 
0.135349 1.88463 -9.10692e-19 
0.180288 1.50881 9.45658e-20 
0.00185515 3.11916 -1.77787e-18 
0.0138103 3.1188 1.9215e-18 
-0.0090235 2.98116 7.9026e-19 
-0.00415239 2.97749 -7.45634e-19 
-0.0210115 2.88092 -8.04863e-19 
0.0085885 3.10026 -2.12484e-18 
0.00229357 3.1052 2.09172e-18 
0.281078 0.694602 0 
0.248 0.684018 -1.18105e-18 
0.0959662 0.225575 5.24473e-19 
0.35648 0.935452 1.11063e-18 
0.194532 0.275 -1.71232e-18 
1.18117 0.173864 6.40431e-20 
1.18886 0.309703 0 
1.16955 0.1219 -8.0112e-21 
0.00104032 2.25253 -1.50324e-21 
0.00444664 2.24475 0 
0.024851 1.97938 0 
0.340075 1.3024 -3.67955e-19 
0.373687 1.14716 -7.99058e-19 
0.208994 0.376036 1.42424e-18 
1.00588 -0.0108379 0 
1.00767 -0.00763907 5.05933e-19 
-0.0189416 1.32612 0 
-0.0331249 1.32317 0 
1.00222 0.0035102 1.80899e-21 
1.00366 0.00946178 1.03293e-18 
-0.0161137 2.53874 9.82214e-21 
-0.0220399 2.58183 0 
0.0343955 3.17733 4.10612e-19 
0.391954 3.48548 0 
1.17036 0.659718 -5.95572e-20 
1.01287 0.0131241 -2.13953e-21 
1.02131 -0.0103216 0 
1.0017 0.000122202 7.68392e-23 
0.103934 1.36222 0 
0.144042 2.57392 0 
0.026608 1.30476 0 
-0.00129085 2.62471 3.04399e-20 
-0.0224856 2.58126 6.25646e-21 
0.999365 0.0289146 2.32831e-21 
1.06278 0.00445027 0 
1.09685 0.0246312 0 
-0.027909 1.73559 0 
-0.0186204 2.58199 0 
-0.0035327 1.30747 0 
0.309461 1.47682 -1.70799e-19 
1.01129 -0.00962573 0 
1.0094 -0.014921 0 
1.00236 0.00074358 6.46519e-19 
1.00547 -0.00480726 -7.5992e-19 
1.00118 -0.000974383 0 
-0.0132981 1.4603 0 
-0.00604049 1.37238 0 
-0.00602812 1.4183 0 
-0.00743151 1.29584 0 
-0.0138285 1.28422 0 
-0.00560916 1.26538 0 
1.03492 -0.00613748 0 
1.0199 0.015628 -8.56185e-22 
0.820319 1.27107 2.59015e-19 
1.00223 0.000307461 -6.44145e-19 
1.00406 0.00525539 7.54022e-19 
1.00118 0.00207129 0 
1.01275 0.0103425 6.40941e-19 
1.00799 0.00830602 -7.766e-19 
1.00856 0.0146923 0 
-0.0229429 2.60987 0 
-0.0241083 2.58926 -1.67059e-20 
-0.0219683 2.6035 1.20354e-20 
1.23487 0.26544 5.85463e-19 
1.16086 0.0863221 0 
0.040936 3.07766 -9.18032e-19 
0.0646911 2.85571 -6.6796e-20 
0.138755 3.19218 1.40404e-18 
0.133921 3.22023 -1.98989e-19 
0.13296 3.23128 0 
0.0197467 3.1375 2.36886e-19 
0.0748191 3.15991 9.05367e-19 
0.0674182 3.18538 -4.46488e-19 
0.0224384 3.12966 0 
0.604029 0.277363 0 
0.527631 0.307658 0 
1.14104 0.695957 1.3724e-19 
1.13587 0.817375 -1.23094e-19 
1.19821 0.582478 0 
1.22682 0.517539 0 
1.01607 0.0133565 -1.19473e-18 
1.01498 0.0142748 1.49969e-18 
1.02533 -0.00984219 0 
1.0234 -0.0118755 0 
1.00642 0.00260217 0 
1.01042 0.00372384 0 
1.00459 0.00185287 0 
1.0098 0.00623161 0 
1.00782 0.00596092 0 
1.00451 0.00470216 0 
0.0930994 1.35999 0 
0.0881144 1.32728 0 
0.125978 1.39844 0 
0.141755 1.40393 0 
0.145471 2.59884 0 
0.185555 2.66833 -4.23953e-19 
0.101051 2.6546 0 
0.0847644 2.6571 1.98256e-19 
0.0379065 2.6794 -1.50778e-19 
0.018088 1.31844 0 
0.020761 1.24583 0 
0.0201274 1.32915 0 
0.0340677 1.26727 0 
0.0020707 1.98368 4.49254e-22 
-0.0211705 2.60911 -1.5332e-20 
-0.00949475 2.66624 1.64417e-20 
-0.0194364 2.68457 0 
-0.0239267 2.61479 -1.15637e-20 
-0.024221 2.60956 9.13735e-21 
0.0109901 1.98223 2.24927e-21 
-0.0079678 2.39724 2.0571e-20 
-0.0142004 2.41915 -1.86463e-20 
1.00952 0.0380128 1.21797e-18 
1.00509 0.016016 -1.50871e-18 
1.00146 0.0456714 -1.22659e-18 
0.976492 0.0262447 1.55699e-18 
1.064 0.00824646 0 
1.04919 -0.00834585 0 
1.09399 0.0346816 0 
1.07403 0.0126986 0 
1.07181 0.000413395 0 
1.13988 0.0824689 0 
1.11126 0.0441301 0 
1.11483 0.032018 0 
-0.0237097 2.43022 6.45157e-22 
-0.0137825 2.00868 0 
-0.0145088 2.21325 0 
-0.0202918 2.60279 -9.36578e-21 
-0.0178149 2.61281 1.34229e-22 
0.00314734 1.56987 -3.22904e-20 
-0.00463237 1.49892 3.28778e-20 
-0.0136327 1.38795 0 
-0.0172114 1.39486 0 
-0.0217712 1.38988 0 
-0.00314806 1.30806 0 
0.00762342 1.2361 0 
0.386861 1.49389 2.78552e-19 
0.429968 1.49413 1.45734e-19 
0.597941 2.44751 -2.39938e-19 
0.399506 2.54472 7.06274e-19 
0.351527 2.05824 7.06879e-20 
1.02104 -0.00813745 0 
1.01549 -0.0097595 0 
1.01491 -0.0155062 0 
1.0074 -0.00110025 0 
1.00493 -0.000920501 0 
1.00778 -0.00470423 0 
1.00927 -0.00363299 0 
1.01421 -0.00440106 0 
1.02065 0.0162668 1.17023e-18 
1.01775 0.0155822 -1.49728e-18 
1.02098 0.0182663 -1.17924e-18 
1.01867 0.0166502 1.47604e-18 
0.783711 1.32193 0 
0.721046 1.3711 2.46206e-19 
0.89445 1.22238 9.63983e-20 
0.940067 1.16691 -1.2825e-19 
1.15551 2.60158 2.74124e-19 
0.775489 0.120463 5.99209e-19 
1.16285 0.107953 0 
1.21097 0.193009 -4.70889e-19 
1.19771 0.154541 -1.9999e-20 
1.00596 0.155309 0 
0.130358 2.95911 5.3462e-19 
0.107068 2.86505 -1.16372e-18 
0.0164693 2.37482 7.79491e-19 
0.0923469 -0.119077 -3.38115e-19 
0.33686 3.41527 -2.15096e-19 
0.191439 3.30943 0 
0.235239 3.35025 2.8013e-19 
0.240824 3.0316 -1.78389e-18 
0.334592 3.1901 0 
0.00701214 3.12092 4.6213e-20 
0.0163629 3.12983 -5.44935e-19 
0.0151369 3.12589 8.02049e-19 
0.035233 3.13978 0 
0.0335766 3.15036 0 
1.21169 2.59956 0 
0.542591 0.811865 -5.28126e-19 
1.06271 0.990931 -5.79592e-21 
0.996792 1.07656 0 
0.850521 0.973189 -1.10427e-19 
1.08678 0.892141 2.81993e-20 
0.328567 0.350254 -8.73131e-19 
0.666823 0.3182 -1.79741e-20 
0.592317 0.220887 4.12736e-19 
0.553865 0.343925 3.04697e-20 
0.4494 0.292457 -1.22451e-18 
0.629849 0.322491 0 
0.703635 0.419809 7.0348e-19 
0.710518 0.421663 0 
0.590743 0.340807 0 
0.533192 0.250704 0 
0.816821 0.619955 4.14831e-19 
1.23593 0.287825 -4.93324e-19 
1.23544 0.426296 0 
1.24389 0.366569 0 
0.704298 0.194261 6.20244e-19 
0.865796 0.548668 -3.81408e-19 
0.763623 0.518314 6.77143e-19 
0.959255 0.44009 -7.43249e-19 
1.01934 0.0148959 8.02888e-19 
1.01764 0.0143181 -8.08015e-19 
1.01591 0.0154197 0 
1.03638 -0.00567282 0 
1.02984 -0.00842095 -7.56775e-19 
1.02788 -0.0119972 7.49253e-19 
1.02489 0.0103555 0 
1.02343 0.0140673 0 
1.01142 0.00413146 0 
1.01422 0.00911731 0 
1.01514 0.00412275 0 
1.01426 0.00286632 0 
0.0622848 1.34389 0 
0.067214 1.29623 0 
0.143514 1.38005 1.26828e-20 
0.279859 1.47445 9.14844e-20 
0.171785 1.44553 1.92787e-19 
0.204829 1.45082 -3.13982e-19 
0.167722 1.40532 0 
0.135179 1.59995 -6.98661e-20 
0.11771 1.57634 0 
0.34894 2.00913 -1.02779e-19 
0.343808 2.34358 6.14312e-19 
0.1925 1.46092 6.08955e-20 
0.265395 1.3939 2.45911e-20 
0.201342 1.38353 -1.99315e-20 
0.277935 1.33799 -9.98069e-20 
0.243844 1.58183 0 
0.26721 1.61964 1.09764e-19 
0.0304727 2.26427 -2.91123e-20 
0.0430067 2.66893 0 
0.065921 2.40107 1.33954e-19 
0.0623332 2.4219 0 
0.0690007 2.67078 -2.19692e-19 
0.0485003 2.69889 0 
0.0265482 1.42473 2.89558e-20 
0.0336284 1.47661 0 
0.0288732 1.39286 0 
0.0238853 1.39636 -3.26722e-20 
-0.000525567 2.65253 -1.7253e-20 
0.028935 2.69798 1.69485e-19 
0.00948577 2.72252 1.19862e-21 
0.00217547 1.83314 4.39623e-22 
-0.0036312 1.68529 -1.8266e-21 
0.0151548 1.29834 0 
0.019969 1.22149 0 
0.0461652 1.58484 -2.53912e-20 
0.0292215 1.45851 -3.09827e-20 
0.0360554 1.52331 3.90064e-20 
0.0390609 1.60895 0 
-0.0290728 2.27 8.91639e-20 
-0.0302291 2.54951 -3.7204e-20 
-0.0164377 2.44688 3.05731e-21 
-0.00409097 1.84975 -5.327e-22 
-0.025684 2.49941 6.00286e-22 
-0.0211574 2.44282 5.69234e-21 
1.01882 0.021149 -8.01129e-19 
1.01455 0.0272513 8.0316e-19 
1.0137 0.01677 0 
1.01155 0.0718346 1.12542e-18 
0.990452 0.0594543 -1.26745e-18 
0.948133 0.0508058 1.41585e-18 
1.01448 0.112027 -1.50165e-19 
1.04277 -0.0056797 0 
1.05111 -0.00134437 7.21753e-19 
1.03906 -0.00983084 -7.23269e-19 
1.07141 0.0425343 -4.29239e-20 
1.06467 0.0238132 3.70136e-19 
1.06326 0.0563034 0 
1.0536 0.0500435 -1.33117e-19 
1.03258 0.0430648 0 
1.02533 0.0394105 0 
1.02782 0.0134195 0 
1.02391 0.0160844 0 
1.03987 0.0324121 2.74249e-19 
1.03916 0.0275244 -6.06363e-19 
1.05106 0.0342787 -2.90582e-19 
1.04819 0.0342549 -3.20144e-19 
1.07134 0.0648806 6.24216e-19 
1.09655 0.0524375 0 
1.10527 0.0964525 0 
-0.0247749 2.27501 4.9592e-20 
-0.0231541 2.01682 3.36293e-22 
-0.0196843 2.02356 0 
-0.0261662 2.44427 -4.93739e-20 
-0.0202371 2.39974 -9.48576e-22 
-0.0316124 2.47184 4.69168e-21 
-0.0212175 2.6221 -8.50887e-21 
-0.0228775 2.56354 -1.9974e-22 
-0.0216095 2.51511 -1.91629e-21 
-0.0160179 2.61584 8.64889e-21 
-0.0213342 2.61788 -8.9435e-21 
-0.00471633 1.48947 -4.25119e-22 
0.00421632 1.61812 -2.94146e-20 
0.371305 1.44414 -1.17927e-19 
0.371194 1.3819 3.31029e-20 
0.661461 1.42136 -2.38159e-19 
0.528907 1.48715 -1.43164e-19 
0.587679 1.4534 0 
0.59374 2.42433 2.06731e-19 
0.661842 2.41908 3.37375e-19 
0.411618 2.51462 8.74609e-20 
0.403142 2.53915 -6.08752e-19 
0.511151 2.48071 6.11713e-19 
0.553568 2.46129 0 
0.488743 2.51894 -5.59117e-19 
0.248729 2.59198 1.14438e-18 
0.355044 2.56394 -7.80255e-20 
0.284374 2.65363 -1.58647e-18 
0.947847 2.37644 7.25833e-19 
0.838279 2.38181 0 
1.01105 0.000499172 2.62273e-20 
1.01533 -0.00540731 -2.12787e-20 
1.01766 -0.00352588 -3.88646e-19 
1.01501 -0.000881083 3.90675e-19 
1.01243 0.00120794 0 
0.647255 1.28729 0 
0.669419 1.18286 0 
0.782231 1.10123 0 
0.662028 1.14591 0 
1.18542 2.61522 5.97649e-20 
1.07364 2.36237 0 
0.835461 2.16919 3.80709e-21 
0.824768 2.43433 0 
0.922409 2.52739 -4.20408e-19 
0.957695 2.48349 2.7968e-19 
0.802877 0.178795 0 
0.751861 0.153904 1.62532e-19 
0.912666 0.150027 9.46083e-19 
0.827249 0.152819 -3.55223e-19 
0.785137 0.0883212 -1.09239e-18 
1.08123 0.238741 -8.93357e-19 
0.998645 0.299853 -1.67297e-20 
0.929292 0.302906 8.62246e-19 
1.00778 0.231022 7.21353e-19 
0.950119 0.195873 -1.25241e-18 
0.913472 0.200171 1.56573e-19 
0.952997 0.264689 -3.32427e-19 
0.928677 0.226559 0 
0.994636 0.192201 6.17518e-19 
1.04693 0.192254 0 
1.04446 0.22019 0 
1.10681 0.120018 2.8994e-19 
1.07087 0.179262 -1.48435e-20 
1.07505 0.238946 -1.57762e-19 
1.10147 0.205248 0 
1.02321 0.0471757 6.18514e-19 
1.03968 0.0598861 7.71185e-19 
1.03405 0.0456835 -6.13212e-19 
1.04309 0.0669719 -5.16792e-19 
1.02043 0.0750753 -7.92045e-19 
0.987097 0.160911 0 
0.995397 0.106107 0 
0.96455 0.0697622 -5.03103e-19 
0.90821 0.0963944 1.98752e-19 
1.03954 0.106731 7.14751e-19 
1.06917 0.12344 -8.36238e-19 
1.07507 0.155972 7.46597e-19 
1.03017 0.147344 0 
1.07487 0.111281 0 
1.05486 0.0921649 -3.42533e-19 
1.04357 0.0965045 -5.8428e-19 
0.579686 1.06006 1.38637e-19 
0.606422 1.3879 -4.00943e-20 
1.1553 2.73116 -2.24923e-19 
1.2211 3.07327 1.24285e-21 
1.24724 2.7141 -1.19774e-19 
1.276 2.69758 -3.42432e-20 
1.2037 2.33797 -1.08875e-20 
1.20873 2.97715 -9.09397e-20 
1.22874 2.94255 2.30705e-19 
1.21136 3.22631 -1.44277e-19 
1.37131 2.9575 1.99401e-19 
1.36038 2.87564 0 
0.557292 0.820061 -5.00217e-20 
0.11705 1.23317 5.69969e-19 
0.548636 0.382159 5.68424e-19 
0.387187 0.129165 6.20857e-19 
0.488998 0.33212 6.92776e-19 
0.541523 0.443902 -1.11574e-18 
0.543882 0.441241 9.12478e-19 
0.472902 0.33993 -3.46795e-19 
0.36314 0.270004 7.87597e-19 
0.721664 0.26484 -3.57699e-19 
0.683098 0.288123 0 
0.639359 0.206932 7.45952e-21 
0.738135 0.506085 3.70323e-19 
0.712392 0.477076 -1.3482e-18 
0.616698 0.451112 1.24719e-20 
0.619026 0.44114 0 
0.686225 0.720279 3.97507e-19 
0.846882 0.777276 3.97372e-19 
0.771644 0.860142 -4.64947e-19 
0.894564 0.815632 -1.56121e-19 
0.926612 0.860017 -3.78234e-20 
0.933732 0.860329 3.87302e-20 
0.859502 0.655723 -6.87206e-19 
0.940543 0.709889 1.45006e-19 
1.00113 0.726131 0 
0.991871 0.702551 -1.96405e-19 
1.02797 0.339441 2.13779e-19 
1.14723 0.303614 2.89935e-19 
1.06873 0.275853 3.65266e-19 
1.01651 0.371772 -4.32969e-19 
1.06442 0.43486 0 
1.12022 0.418365 0 
0.92292 0.373976 2.80261e-21 
0.841658 0.308873 0 
0.884721 0.306333 4.0667e-19 
0.911382 0.31057 -7.03189e-21 
0.952706 0.442978 2.07071e-18 
0.911922 0.498872 5.34105e-19 
0.917576 0.465597 -5.68905e-19 
0.836501 0.450425 6.09807e-19 
0.81904 0.44303 3.65975e-19 
0.788046 0.425373 -3.59955e-19 
1.02735 -0.000283471 6.47348e-19 
1.01999 2.55211e-05 0 
1.01852 0.000951625 4.22093e-19 
1.0217 -0.00159797 -9.56154e-19 
1.02235 0.00443696 4.64503e-19 
1.02033 0.011433 -9.72709e-19 
1.02125 0.0108031 0 
1.02051 0.0110254 -2.02731e-19 
1.01595 0.00779867 5.08598e-19 
1.01663 0.0105749 -2.53775e-19 
1.01733 0.00992301 1.86897e-19 
0.0283496 1.31954 0 
0.0343586 1.3656 0 
0.0427864 1.32066 0 
0.0475029 1.27444 0 
0.0700291 1.3897 -5.04224e-20 
0.076734 1.35871 2.21746e-20 
0.11483 1.5328 -1.19032e-20 
0.0970089 1.37824 -7.87415e-21 
0.0340397 1.46356 1.23716e-20 
0.0379415 1.45678 -9.37295e-21 
0.0619526 1.37442 -8.58241e-21 
0.0540111 1.37551 4.32055e-20 
0.0478468 1.3508 6.28619e-21 
0.0386715 1.37382 2.98205e-21 
0.107394 2.37085 -1.47837e-19 
0.0962655 2.41825 0 
0.171422 2.04583 1.06626e-19 
0.112394 1.71055 3.7854e-20 
0.234017 2.04022 -8.88307e-20 
0.202277 2.43145 0 
0.263966 2.38132 -6.01922e-19 
0.30417 2.37894 4.25637e-19 
0.231106 2.00138 -2.46032e-19 
0.155666 2.16047 1.68079e-19 
0.142485 2.26832 0 
0.0174296 1.8787 4.31763e-21 
-0.0011221 2.39507 -3.78845e-20 
0.00508792 2.15079 0 
0.0106422 2.45757 -1.35557e-20 
0.0272909 2.30156 9.50036e-21 
0.0157206 1.40611 -6.00045e-21 
0.014271 1.39085 1.01776e-19 
0.0135993 1.39604 -3.36739e-20 
0.0205273 1.39729 -2.82821e-20 
0.0252642 1.42854 0 
0.00971492 1.37771 0 
0.000463734 1.2921 -3.86771e-20 
0.00707336 1.3691 1.08355e-20 
0.00942918 1.36929 0 
0.00787843 1.28593 -2.86878e-20 
0.0159664 1.21156 5.86292e-20 
1.04069 0.0118825 0 
1.04684 0.00813843 -6.77193e-20 
1.03859 0.0219524 -4.88728e-19 
1.04826 0.0208055 0 
1.05229 0.0206925 0 
1.03628 0.0120735 -6.79546e-21 
1.03096 0.0118984 7.85523e-19 
1.0317 0.0168251 9.52374e-19 
1.02551 0.0207084 0 
1.02235 0.0210739 0 
1.03506 0.0257093 4.87578e-19 
1.02558 0.0270978 0 
1.02365 0.0272064 0 
-0.018556 2.02204 0 
0.000960443 1.64826 -4.35019e-21 
-0.00499149 1.7573 -2.89433e-20 
0.00100907 1.38032 0 
-0.00714031 1.54778 -1.51287e-20 
-0.00754767 1.45768 9.89375e-21 
-0.00188486 1.39364 0 
0.39144 1.65199 0 
0.374677 1.3098 -6.62647e-20 
0.303802 1.34532 0 
0.428435 1.30835 1.38575e-21 
0.476682 1.46567 0 
0.457596 1.41266 2.71264e-20 
1.03671 2.67765 -1.53436e-20 
0.968481 2.40528 -9.12318e-19 
0.921382 2.19294 1.02471e-18 
0.852228 2.37365 2.41795e-19 
0.848134 2.48782 0 
0.918025 2.48386 0 
0.931178 2.37006 0 
0.910074 2.35915 -9.43025e-19 
0.688231 2.45262 -3.93017e-19 
0.800985 2.44219 -9.73689e-20 
0.811383 2.4162 7.40197e-20 
0.695939 2.39215 0 
0.800926 2.38723 0 
0.75921 2.4007 -3.6821e-19 
0.768387 2.47799 0 
0.627453 1.09368 0 
0.481023 0.905227 -5.0612e-19 
0.562868 0.946281 -3.20784e-20 
0.520085 1.0384 0 
0.520278 0.982972 7.58595e-19 
0.792385 0.88303 -1.30414e-19 
0.805017 1.01959 0 
0.779882 0.986305 1.86464e-19 
0.662152 1.03265 0 
0.663685 0.935804 0 
1.16417 2.75394 -2.28574e-19 
1.14165 2.81727 -9.60637e-20 
0.930007 2.33287 9.86109e-20 
0.897907 2.31223 -8.28186e-20 
1.12967 2.72697 0 
1.08347 2.69652 9.96437e-20 
1.08969 2.48046 -3.13312e-19 
0.984313 2.23293 -3.04657e-20 
0.494726 1.33643 0 
0.509641 1.06441 -1.22216e-19 
0.576221 1.16806 0 
0.854951 0.245185 0 
0.768738 0.194659 0 
0.692476 0.155569 0 
0.847031 0.246624 -6.40099e-19 
0.741261 0.237422 3.73166e-19 
0.924565 0.084823 -4.10338e-19 
0.934231 0.129408 0 
0.918638 0.138686 1.7694e-19 
0.854183 0.11678 7.08598e-19 
0.818931 0.0768346 -4.44101e-19 
1.15705 3.35137 -7.21281e-19 
1.20574 3.27083 0 
1.15487 3.38011 -1.49191e-18 
0.643193 3.54141 1.26639e-18 
0.865648 3.10994 7.46926e-20 
0.519889 0.812035 6.02614e-19 
0.425776 0.808578 0 
0.31572 0.415954 -1.49518e-19 
0.466059 0.657085 8.57104e-19 
0.551493 0.384686 -1.99334e-19 
0.512418 0.4741 2.3283e-19 
0.670046 0.516144 4.99513e-19 
0.706626 0.5504 0 
0.657318 0.584226 0 
0.619722 0.532251 0 
1.00247 0.612232 9.05191e-20 
0.916808 0.548912 -5.19896e-19 
0.942201 0.581465 3.92264e-19 
0.974585 0.520219 -4.01872e-19 
1.08186 0.492008 0 
1.09023 0.581595 -9.83747e-20 
0.857736 0.403665 -8.3654e-19 
0.858085 0.392713 -1.03629e-18 
0.796006 0.38823 6.52099e-19 
0.802129 0.363739 -6.64023e-19 
0.846349 0.327108 -5.23137e-19 
0.795161 0.3274 6.40505e-19 
1.02666 0.00598009 -4.93732e-19 
1.02637 0.00620185 1.00413e-18 
1.02941 0.000148275 6.27341e-19 
1.03361 0.0010532 -7.55546e-19 
1.03375 0.00912917 0 
1.03004 0.00981974 -1.23e-18 
0.0629673 1.64402 1.98753e-20 
0.0463344 1.58444 0 
0.0868347 1.69491 1.17453e-19 
0.0974135 1.67708 -1.02846e-19 
0.0893569 1.54181 2.23125e-20 
0.0883468 1.53345 0 
0.0102639 1.68137 0 
-0.00351023 1.48668 5.44564e-21 
-0.00301393 1.43283 -4.89697e-21 
-0.00757029 1.54463 5.2576e-21 
0.00105111 1.88247 8.08924e-21 
-0.0108192 1.9353 -4.85932e-22 
0.498509 1.3623 -2.73002e-19 
0.491947 1.36413 2.99872e-19 
0.455206 1.30277 -2.85725e-20 
0.438556 1.28937 7.66904e-21 
0.639077 1.30602 0 
0.55542 1.39535 1.06623e-19 
0.570617 1.40143 -1.03808e-19 
0.468755 1.29052 2.77927e-20 
0.522435 1.24181 0 
0.574329 1.2041 0 
0.655386 2.41234 5.77346e-19 
0.67045 2.4535 1.25851e-18 
0.714971 2.46424 -8.6699e-19 
0.611263 2.43867 -2.01659e-19 
0.561158 2.52882 2.82848e-19 
0.510069 2.50338 -7.54264e-19 
0.978419 2.37645 -5.73352e-19 
1.01303 2.38874 0 
0.925983 2.17075 -6.60142e-19 
1.0543 2.67561 0 
1.05658 2.66223 0 
0.60219 2.26155 -1.20256e-19 
1.03814 3.15583 1.34028e-19 
0.909257 3.02621 -3.83686e-20 
0.268961 0.864304 0 
0.298443 0.711927 -3.16416e-19 
0.466258 0.670215 -3.17437e-19 
0.38174 2.00648 0 
0.463204 2.78033 -5.19933e-20 
0.417678 2.54324 0 
0.707328 0.670758 -8.40624e-19 
0.78924 0.681582 1.13197e-18 
0.81159 0.625007 -1.11878e-18 
0.687066 0.634301 -1.08158e-19 
0.741855 0.590698 -4.44583e-19 
1.00147 2.75604 -1.01928e-19 
1.04157 2.81602 -1.61082e-19 
0.634121 2.12881 6.82849e-19 
0.587304 1.69624 -4.86855e-19 
0.69535 1.8934 -4.0266e-19 
0.987712 2.43961 -1.12989e-19 
0.994274 2.43275 2.9303e-19 
0.652832 1.82875 2.79572e-20 
0.44352 1.31619 1.43007e-19 
))
(300 (2 10 3 0 0 919 1018)(
0 0 0 
0 0 0 
0 0 0 
0 0 0 
0 0 0 
0 0 0 
0 0 0 
0 0 0 
0 0 0 
0 0 0 
0 0 0 
0 0 0 
0 0 0 
0 0 0 
0 0 0 
0 0 0 
0 0 0 
0 0 0 
0 0 0 
0 0 0 
0 0 0 
0 0 0 
0 0 0 
0 0 0 
0 0 0 
0 0 0 
0 0 0 
0 0 0 
0 0 0 
0 0 0 
0 0 0 
0 0 0 
0 0 0 
0 0 0 
0 0 0 
0 0 0 
0 0 0 
0 0 0 
0 0 0 
0 0 0 
0 0 0 
0 0 0 
0 0 0 
0 0 0 
0 0 0 
0 0 0 
0 0 0 
0 0 0 
0 0 0 
0 0 0 
0 0 0 
0 0 0 
0 0 0 
0 0 0 
0 0 0 
0 0 0 
0 0 0 
0 0 0 
0 0 0 
0 0 0 
0 0 0 
0 0 0 
0 0 0 
0 0 0 
0 0 0 
0 0 0 
0 0 0 
0 0 0 
0 0 0 
0 0 0 
0 0 0 
0 0 0 
0 0 0 
0 0 0 
0 0 0 
0 0 0 
0 0 0 
0 0 0 
0 0 0 
0 0 0 
0 0 0 
0 0 0 
0 0 0 
0 0 0 
0 0 0 
0 0 0 
0 0 0 
0 0 0 
0 0 0 
0 0 0 
0 0 0 
0 0 0 
0 0 0 
0 0 0 
0 0 0 
0 0 0 
0 0 0 
0 0 0 
0 0 0 
0 0 0 
))
(300 (2 11 3 0 0 1019 1026)(
1 0 0 
1 0 0 
1 0 0 
1 0 0 
1 0 0 
1 0 0 
1 0 0 
1 0 0 
))
(300 (2 12 3 0 0 1027 1030)(
0 3 0 
0 3 0 
0 3 0 
0 3 0 
))
(300 (2 13 3 0 0 1031 1038)(
0.00928496 0.886464 0 
-0.0103048 2.06397 3.82164e-20 
-0.0134777 1.18151 0 
-0.0111919 2.59695 0 
-0.0228112 1.98314 0 
0.000780584 1.37527 0 
-0.0151629 1.52843 0 
-0.0166992 2.391 0 
))
(300 (2 14 3 0 0 1039 1072)(
0 0 0 
0 0 0 
0 0 0 
0 0 0 
0 0 0 
0 0 0 
0 0 0 
0 0 0 
0 0 0 
0 0 0 
0 0 0 
0 0 0 
0 0 0 
0 0 0 
0 0 0 
0 0 0 
0 0 0 
0 0 0 
0 0 0 
0 0 0 
0 0 0 
0 0 0 
0 0 0 
0 0 0 
0 0 0 
0 0 0 
0 0 0 
0 0 0 
0 0 0 
0 0 0 
0 0 0 
0 0 0 
0 0 0 
0 0 0 
))
(300 (2 15 3 0 0 1073 1072)(
))
