(0 "FOAM to Fluent data File")

(33 (918 3444 1074))
(300 (1 1 1 0 0 1 918)(
0.557721
1.17988
0.0012934
0.557176
-0.0125711
1.1469
-0.51154
0.655799
0.537925
-0.106793
-0.0537183
0.540289
1.00745
0.773109
-1.12359
-0.0108628
0.652078
-0.381405
0.537043
-0.0612963
0.685284
0.544461
0.547485
0.538062
0.597928
0.747823
0.888416
0.0254312
0.0102608
0.0057043
-0.0119534
-0.0387314
-0.032804
1.03056
1.08164
1.10433
0.50565
0.334225
-0.376991
-0.450158
-0.437031
-0.543881
0.655339
0.655232
-0.21388
0.658483
0.659141
0.524937
0.537295
0.538206
0.539222
0.538209
0.539588
0.404002
-0.10747
-0.13879
-0.0874124
-0.0809938
0.0521371
-0.0544873
-0.0569546
-0.0521993
-0.0511401
0.454731
0.534553
0.531027
0.544585
0.553795
1.11943
1.09136
1.11751
1.03112
1.04765
0.98544
0.958136
0.79397
0.815865
0.758456
0.746757
-1.55422
-2.50362
-0.534769
-0.284526
-0.0106169
-0.00886722
-0.00345256
0.649405
0.650667
0.651515
0.65337
1.07958
-0.378925
-0.479777
0.537186
0.535997
0.544311
0.545013
0.541033
0.540123
-0.0522516
-0.0489406
-0.0520249
-0.057005
-0.0553232
0.669311
0.67121
0.53859
0.535591
0.561413
0.581849
0.57196
0.277793
0.608858
0.624793
0.580537
0.742595
0.734944
0.744401
0.861856
0.825683
0.925648
0.948716
0.0175112
-0.000127262
-0.0154442
-0.0195391
-0.0182877
0.501476
0.494008
0.521625
0.509092
0.511603
0.251082
0.117912
0.419133
0.44393
-0.296348
-0.363496
-0.429488
-0.460112
-0.568355
0.613302
0.655311
0.654089
-0.223559
-0.151819
-0.285547
-0.078724
-0.141855
0.515188
0.522212
0.517205
0.532775
0.527237
0.529202
0.541568
0.538637
0.540197
0.466078
0.589542
0.330283
0.294782
-0.24245
-0.154209
-0.241926
-0.0708133
-0.0686394
0.0661871
0.0918868
0.0388111
0.0270007
-0.064705
-0.059052
-0.061555
-0.0496817
-0.0489484
0.447458
0.436206
0.467435
0.475006
0.520886
0.522392
0.526909
0.524833
0.90892
0.931157
0.938847
0.912712
-3.49104
-6.26912
0.0394531
0.1754
-0.00676021
-0.00940951
0.00196539
-0.00591663
0.000145602
-0.0019987
-0.00829703
-0.00971493
-0.00474316
-0.00345186
0.643985
0.644905
1.00193
1.00906
0.977359
0.930283
0.525412
0.527481
0.532974
0.528858
-0.0482558
-0.0481292
-0.0478913
0.661848
0.666839
0.664519
0.239166
0.149145
0.329015
0.358255
0.637311
0.62622
0.635642
0.639917
0.676504
0.956099
0.974356
0.972579
0.981046
1.02513
1.04158
1.00688
0.48086
0.490876
0.485804
0.524608
0.522424
0.523301
0.519719
0.520651
0.518896
-0.0323456
-0.411742
0.491297
0.507994
0.493568
0.495776
0.693381
0.771939
0.652837
0.653982
0.653738
-0.00923331
-0.0677418
0.249897
0.215714
0.386824
0.423347
0.402262
0.880076
0.840616
0.89072
0.863904
0.82546
0.850761
-0.363309
-1.86075
-0.981055
0.52377
0.338606
0.425377
0.00879366
-0.00783324
-0.00331426
1.00178
1.07392
0.645318
0.8202
0.82276
0.714253
0.743655
0.799052
0.725866
0.759597
0.793638
0.774102
0.56922
0.504432
0.520535
0.840913
0.896541
0.118722
0.0566425
0.0128868
0.110878
0.168454
0.142399
1.03388
0.950162
1.02025
0.535353
0.536077
-0.00529293
-0.0178748
0.54033
0.540386
-0.0126207
-0.00167428
0.408781
-0.83114
0.0971998
0.528919
0.518791
0.535942
-0.092627
0.355467
-0.0538329
0.0474272
-0.00935281
0.530428
0.465869
0.424883
0.000223444
-0.0199656
-0.0516974
-0.212906
0.533023
0.531327
0.53541
0.536349
0.537031
-0.0188763
-0.0146896
-0.0103389
-0.0485029
-0.0414064
-0.0539832
0.499812
0.519276
-0.170752
0.535557
0.537693
0.537511
0.530779
0.536407
0.534661
-0.0107546
-0.0156728
-0.0179575
0.219134
0.351816
0.647428
0.733193
0.619929
0.396238
0.161971
0.551146
0.614141
0.520301
0.673424
0.650876
0.655001
0.162706
0.0122907
0.17165
0.113476
0.526783
0.525511
0.517043
0.513999
0.530809
0.528925
0.533482
0.530508
0.533458
0.534838
-0.0491043
-0.0751586
-0.0846629
-0.151401
0.310217
0.571244
0.254836
0.28418
0.14178
-0.0479616
-0.0498819
-0.0514079
-0.0593708
0.000831522
-0.0250715
0.0420599
0.042269
0.0139596
-0.0117696
-0.00934086
-0.0203948
-0.0146302
0.523689
0.523654
0.528126
0.536844
0.475551
0.47934
0.444103
0.464899
0.450121
0.388705
0.424131
0.3993
-0.00576132
0.00270999
-0.00265388
-0.0180106
-0.0147088
-0.0339221
-0.0308536
-0.026312
-0.0221209
-0.0290241
-0.0461333
-0.0489062
-0.170954
-0.286837
0.988434
0.909027
0.13758
0.522165
0.528627
0.525385
0.530321
0.53345
0.534244
0.531949
0.528495
0.519505
0.520962
0.517749
0.51884
-0.101924
-0.243644
-0.0719831
-0.146935
0.146158
0.628488
0.363708
0.298829
0.294242
0.523369
0.915989
0.698534
0.666681
0.6636
-0.343583
0.0446767
-0.280215
0.334314
0.162009
0.646632
0.695992
0.717895
0.665757
0.618902
-0.0994947
0.556367
-0.0747763
-0.02224
0.179646
0.0548312
0.657646
0.63909
0.646568
0.648664
0.661007
0.641655
0.623835
0.624064
0.643736
0.648454
0.482405
0.249776
0.200248
0.16179
0.643212
0.515782
0.564916
0.489521
0.522114
0.524623
0.523278
0.504652
0.512253
0.507765
0.514333
0.517993
0.52653
0.527014
0.522262
0.524391
-0.0558131
-0.0621045
-0.0247281
-0.135219
-0.127898
-0.190106
-0.0587843
0.0744463
0.036235
0.237304
0.340935
0.0519401
-0.056678
-0.0293611
0.0126763
0.179805
0.20848
0.0741828
0.161902
0.153211
0.134177
0.237133
0.240472
-0.0301864
-0.0315248
-0.0363779
-0.038829
0.0186214
0.0901078
0.0993122
-0.00807618
-0.0134827
-0.0460435
-0.0460849
-0.0225113
-0.0277589
-0.0227703
0.00475838
-0.0527894
-0.0204248
-0.0065619
-0.00562165
-0.00604959
-0.0115748
0.518609
0.52018
0.520522
0.528471
0.540726
0.555307
0.521767
0.497814
0.488581
0.491596
0.464509
0.474785
0.470642
0.484186
0.505386
0.51405
0.51236
0.515187
0.497459
0.499246
0.485723
0.489353
0.464525
0.445071
0.433085
-0.0425894
-0.0040806
-0.0122563
-0.0379337
-0.00834318
-0.0202736
-0.0114688
0.00764713
-0.00890993
-0.0101446
-0.0203368
-0.026646
-0.0262557
-0.0728867
0.013892
-0.184553
-0.219815
-0.293096
0.890657
1.01488
0.809788
0.582663
0.603116
0.846636
0.930921
0.542947
0.735292
0.75845
0.588056
0.855131
0.527017
0.526611
0.524211
0.52369
0.524911
-0.00670051
0.0998891
0.0974127
0.161309
0.277926
0.38946
0.320781
0.195309
0.325223
0.32767
0.621569
0.633703
0.588978
0.612979
0.613615
0.425364
0.50098
0.552681
0.51391
0.565872
0.587581
0.541501
0.574525
0.523841
0.479339
0.475527
0.425022
0.444677
0.420194
0.403316
0.516767
0.493892
0.504695
0.495048
0.516242
0.543844
0.540808
0.562684
0.577904
0.498383
0.453243
0.462652
0.492832
0.454309
0.469914
0.485872
0.233921
0.136185
0.219017
-0.0658293
0.00437327
-0.00792069
-0.0567557
-0.00510026
0.279036
-0.41158
-0.388383
-1.01503
0.50511
0.953698
0.587505
0.564089
0.6624
0.648968
0.655316
0.672271
0.669157
0.631795
0.640652
0.645397
0.594432
0.615187
0.634426
0.630267
0.524825
0.381499
0.381219
0.328569
0.198716
0.238798
0.434485
0.358854
0.284025
0.284108
0.456569
0.342989
0.413239
0.446284
0.377509
0.332241
0.535048
0.60129
0.594573
0.568124
0.478248
0.490207
0.514756
0.548152
0.571722
0.604733
0.513761
0.519713
0.520945
0.518411
0.515677
0.518785
0.519077
0.521665
0.522237
0.525266
0.524341
-0.0527012
-0.0383812
-0.050552
-0.0626784
-0.0180902
-0.0205316
0.0233054
0.0115168
-0.015633
-0.0114447
-0.0330123
-0.0370248
-0.0337206
-0.0259049
0.103164
0.1159
0.101061
0.0608242
0.250511
0.380656
0.454897
0.329838
0.223912
0.248621
0.267089
-0.0123333
0.0134413
0.000714247
0.040279
0.0321626
-0.0396503
-0.0434977
-0.039634
-0.0314284
-0.023392
-0.039293
-0.0448003
-0.035677
-0.0403709
-0.0431019
-0.0469583
0.50009
0.493562
0.495122
0.489063
0.487796
0.502057
0.506388
0.508336
0.513795
0.516184
0.506194
0.511583
0.515578
-0.0124035
-0.0355511
-0.0389436
-0.0304569
-0.032213
-0.0295749
-0.0311367
0.123987
0.0549098
0.0586558
0.0114641
-0.120984
-0.0629697
0.492647
0.491516
0.480773
0.72174
0.570954
0.491944
0.589111
0.694724
0.276786
0.473324
0.308568
0.888755
0.785534
0.931798
0.542611
0.246711
0.411413
0.453429
0.267382
0.343479
0.324512
0.21367
0.244321
0.28297
0.381696
0.266861
0.24384
0.000226072
0.191156
0.302781
0.284688
0.409028
0.469583
0.267951
0.187656
0.142566
0.605878
0.625614
0.63881
0.611151
0.633227
0.581853
0.574056
0.589241
0.59727
0.591406
-0.743431
-0.449699
-1.39681
-0.720076
-0.264202
0.535695
0.508371
0.770105
0.645649
0.679115
0.663624
0.623144
0.593205
0.618295
0.640225
0.339599
0.450073
0.425276
0.431172
0.334045
0.264139
0.562467
0.55987
0.593004
0.616662
0.588367
0.618677
0.511569
0.511293
0.510758
0.506993
0.50525
0.507604
0.0588765
0.0264719
0.06763
0.0499238
0.0275172
0.0155674
-0.0116428
-0.0217131
-0.0285245
-0.0279272
-0.0135213
-0.009438
0.172816
0.109955
0.0304062
0.0591967
-0.00162287
-0.0700539
-0.0893253
0.0163585
0.112513
0.102711
0.405817
0.655075
0.475152
0.642576
0.485322
0.540993
0.46916
0.460383
0.485268
0.380729
0.461109
0.252597
-0.25593
-0.165123
0.795699
0.806144
0.581814
0.407509
0.174887
0.351696
0.540954
0.470386
0.505783
0.57492
0.561819
0.0315624
0.0886199
0.377343
0.60407
0.242357
0.233288
0.2267
0.411635
0.329485
))
(300 (1 10 1 0 0 919 1018)(
0.557721
1.17988
0.0012934
0.557176
1.1469
-0.51154
0.655799
-0.106793
-0.0537183
0.540289
1.00745
0.773109
-1.12359
0.652078
-0.381405
0.537043
-0.0612963
0.685284
0.538062
0.597928
0.747823
0.888416
0.0254312
1.03056
0.50565
-0.450158
-0.543881
0.655232
-0.21388
0.659141
0.524937
-0.13879
-0.0809938
-0.0569546
-0.0511401
0.454731
0.531027
0.553795
1.04765
0.958136
0.815865
0.746757
-2.50362
-0.284526
0.650667
0.65337
-0.479777
0.535997
0.540123
-0.0489406
-0.0553232
0.67121
0.535591
0.57196
0.277793
0.624793
0.580537
0.744401
0.825683
0.948716
0.494008
0.521625
0.511603
-0.363496
-0.568355
0.654089
-0.285547
-0.141855
0.517205
0.529202
-0.241926
-0.0686394
-0.061555
-0.0489484
0.436206
0.475006
0.520886
0.524833
0.912712
0.1754
0.644905
0.525412
0.528858
-0.0478913
0.664519
0.149145
0.358255
0.635642
0.676504
0.981046
0.485804
0.523301
0.518896
0.653738
-0.0677418
0.402262
0.863904
0.425377
0.759597
0.0128868
))
(300 (1 11 1 0 0 919 926)(
0.557721
0.557176
0.537925
0.544461
0.538206
0.539588
0.544311
0.540197
))
(300 (1 12 1 0 0 919 922)(
1.17988
1.1469
1.10433
1.11751
))
(300 (1 13 1 0 0 919 926)(
0
0
0
0
0
0
0
0
))
(300 (1 14 1 0 0 919 952)(
-0.0125711
-0.0108628
-0.032804
0.334225
0.404002
0.0521371
-0.00345256
1.07958
-0.0182877
0.117912
0.44393
0.613302
0.589542
0.294782
0.0918868
0.0270007
-6.26912
-0.00829703
-0.00345186
1.00906
0.930283
-0.411742
0.491297
0.495776
0.771939
0.215714
-0.981055
-0.00331426
1.07392
0.82276
0.520535
0.896541
0.142399
1.02025
))
(300 (1 15 1 0 0 919 2754)(
0.557721
0.557721
1.17988
1.17988
0.0012934
0.0012934
0.557176
0.557176
-0.0125711
-0.0125711
1.1469
1.1469
-0.51154
-0.51154
0.655799
0.655799
0.537925
0.537925
-0.106793
-0.106793
-0.0537183
-0.0537183
0.540289
0.540289
1.00745
1.00745
0.773109
0.773109
-1.12359
-1.12359
-0.0108628
-0.0108628
0.652078
0.652078
-0.381405
-0.381405
0.537043
0.537043
-0.0612963
-0.0612963
0.685284
0.685284
0.544461
0.544461
0.547485
0.547485
0.538062
0.538062
0.597928
0.597928
0.747823
0.747823
0.888416
0.888416
0.0254312
0.0254312
0.0102608
0.0102608
0.0057043
0.0057043
-0.0119534
-0.0119534
-0.0387314
-0.0387314
-0.032804
-0.032804
1.03056
1.03056
1.08164
1.08164
1.10433
1.10433
0.50565
0.50565
0.334225
0.334225
-0.376991
-0.376991
-0.450158
-0.450158
-0.437031
-0.437031
-0.543881
-0.543881
0.655339
0.655339
0.655232
0.655232
-0.21388
-0.21388
0.658483
0.658483
0.659141
0.659141
0.524937
0.524937
0.537295
0.537295
0.538206
0.538206
0.539222
0.539222
0.538209
0.538209
0.539588
0.539588
0.404002
0.404002
-0.10747
-0.10747
-0.13879
-0.13879
-0.0874124
-0.0874124
-0.0809938
-0.0809938
0.0521371
0.0521371
-0.0544873
-0.0544873
-0.0569546
-0.0569546
-0.0521993
-0.0521993
-0.0511401
-0.0511401
0.454731
0.454731
0.534553
0.534553
0.531027
0.531027
0.544585
0.544585
0.553795
0.553795
1.11943
1.11943
1.09136
1.09136
1.11751
1.11751
1.03112
1.03112
1.04765
1.04765
0.98544
0.98544
0.958136
0.958136
0.79397
0.79397
0.815865
0.815865
0.758456
0.758456
0.746757
0.746757
-1.55422
-1.55422
-2.50362
-2.50362
-0.534769
-0.534769
-0.284526
-0.284526
-0.0106169
-0.0106169
-0.00886722
-0.00886722
-0.00345256
-0.00345256
0.649405
0.649405
0.650667
0.650667
0.651515
0.651515
0.65337
0.65337
1.07958
1.07958
-0.378925
-0.378925
-0.479777
-0.479777
0.537186
0.537186
0.535997
0.535997
0.544311
0.544311
0.545013
0.545013
0.541033
0.541033
0.540123
0.540123
-0.0522516
-0.0522516
-0.0489406
-0.0489406
-0.0520249
-0.0520249
-0.057005
-0.057005
-0.0553232
-0.0553232
0.669311
0.669311
0.67121
0.67121
0.53859
0.53859
0.535591
0.535591
0.561413
0.561413
0.581849
0.581849
0.57196
0.57196
0.277793
0.277793
0.608858
0.608858
0.624793
0.624793
0.580537
0.580537
0.742595
0.742595
0.734944
0.734944
0.744401
0.744401
0.861856
0.861856
0.825683
0.825683
0.925648
0.925648
0.948716
0.948716
0.0175112
0.0175112
-0.000127262
-0.000127262
-0.0154442
-0.0154442
-0.0195391
-0.0195391
-0.0182877
-0.0182877
0.501476
0.501476
0.494008
0.494008
0.521625
0.521625
0.509092
0.509092
0.511603
0.511603
0.251082
0.251082
0.117912
0.117912
0.419133
0.419133
0.44393
0.44393
-0.296348
-0.296348
-0.363496
-0.363496
-0.429488
-0.429488
-0.460112
-0.460112
-0.568355
-0.568355
0.613302
0.613302
0.655311
0.655311
0.654089
0.654089
-0.223559
-0.223559
-0.151819
-0.151819
-0.285547
-0.285547
-0.078724
-0.078724
-0.141855
-0.141855
0.515188
0.515188
0.522212
0.522212
0.517205
0.517205
0.532775
0.532775
0.527237
0.527237
0.529202
0.529202
0.541568
0.541568
0.538637
0.538637
0.540197
0.540197
0.466078
0.466078
0.589542
0.589542
0.330283
0.330283
0.294782
0.294782
-0.24245
-0.24245
-0.154209
-0.154209
-0.241926
-0.241926
-0.0708133
-0.0708133
-0.0686394
-0.0686394
0.0661871
0.0661871
0.0918868
0.0918868
0.0388111
0.0388111
0.0270007
0.0270007
-0.064705
-0.064705
-0.059052
-0.059052
-0.061555
-0.061555
-0.0496817
-0.0496817
-0.0489484
-0.0489484
0.447458
0.447458
0.436206
0.436206
0.467435
0.467435
0.475006
0.475006
0.520886
0.520886
0.522392
0.522392
0.526909
0.526909
0.524833
0.524833
0.90892
0.90892
0.931157
0.931157
0.938847
0.938847
0.912712
0.912712
-3.49104
-3.49104
-6.26912
-6.26912
0.0394531
0.0394531
0.1754
0.1754
-0.00676021
-0.00676021
-0.00940951
-0.00940951
0.00196539
0.00196539
-0.00591663
-0.00591663
0.000145602
0.000145602
-0.0019987
-0.0019987
-0.00829703
-0.00829703
-0.00971493
-0.00971493
-0.00474316
-0.00474316
-0.00345186
-0.00345186
0.643985
0.643985
0.644905
0.644905
1.00193
1.00193
1.00906
1.00906
0.977359
0.977359
0.930283
0.930283
0.525412
0.525412
0.527481
0.527481
0.532974
0.532974
0.528858
0.528858
-0.0482558
-0.0482558
-0.0481292
-0.0481292
-0.0478913
-0.0478913
0.661848
0.661848
0.666839
0.666839
0.664519
0.664519
0.239166
0.239166
0.149145
0.149145
0.329015
0.329015
0.358255
0.358255
0.637311
0.637311
0.62622
0.62622
0.635642
0.635642
0.639917
0.639917
0.676504
0.676504
0.956099
0.956099
0.974356
0.974356
0.972579
0.972579
0.981046
0.981046
1.02513
1.02513
1.04158
1.04158
1.00688
1.00688
0.48086
0.48086
0.490876
0.490876
0.485804
0.485804
0.524608
0.524608
0.522424
0.522424
0.523301
0.523301
0.519719
0.519719
0.520651
0.520651
0.518896
0.518896
-0.0323456
-0.0323456
-0.411742
-0.411742
0.491297
0.491297
0.507994
0.507994
0.493568
0.493568
0.495776
0.495776
0.693381
0.693381
0.771939
0.771939
0.652837
0.652837
0.653982
0.653982
0.653738
0.653738
-0.00923331
-0.00923331
-0.0677418
-0.0677418
0.249897
0.249897
0.215714
0.215714
0.386824
0.386824
0.423347
0.423347
0.402262
0.402262
0.880076
0.880076
0.840616
0.840616
0.89072
0.89072
0.863904
0.863904
0.82546
0.82546
0.850761
0.850761
-0.363309
-0.363309
-1.86075
-1.86075
-0.981055
-0.981055
0.52377
0.52377
0.338606
0.338606
0.425377
0.425377
0.00879366
0.00879366
-0.00783324
-0.00783324
-0.00331426
-0.00331426
1.00178
1.00178
1.07392
1.07392
0.645318
0.645318
0.8202
0.8202
0.82276
0.82276
0.714253
0.714253
0.743655
0.743655
0.799052
0.799052
0.725866
0.725866
0.759597
0.759597
0.793638
0.793638
0.774102
0.774102
0.56922
0.56922
0.504432
0.504432
0.520535
0.520535
0.840913
0.840913
0.896541
0.896541
0.118722
0.118722
0.0566425
0.0566425
0.0128868
0.0128868
0.110878
0.110878
0.168454
0.168454
0.142399
0.142399
1.03388
1.03388
0.950162
0.950162
1.02025
1.02025
0.535353
0.535353
0.536077
0.536077
-0.00529293
-0.00529293
-0.0178748
-0.0178748
0.54033
0.54033
0.540386
0.540386
-0.0126207
-0.0126207
-0.00167428
-0.00167428
0.408781
0.408781
-0.83114
-0.83114
0.0971998
0.0971998
0.528919
0.528919
0.518791
0.518791
0.535942
0.535942
-0.092627
-0.092627
0.355467
0.355467
-0.0538329
-0.0538329
0.0474272
0.0474272
-0.00935281
-0.00935281
0.530428
0.530428
0.465869
0.465869
0.424883
0.424883
0.000223444
0.000223444
-0.0199656
-0.0199656
-0.0516974
-0.0516974
-0.212906
-0.212906
0.533023
0.533023
0.531327
0.531327
0.53541
0.53541
0.536349
0.536349
0.537031
0.537031
-0.0188763
-0.0188763
-0.0146896
-0.0146896
-0.0103389
-0.0103389
-0.0485029
-0.0485029
-0.0414064
-0.0414064
-0.0539832
-0.0539832
0.499812
0.499812
0.519276
0.519276
-0.170752
-0.170752
0.535557
0.535557
0.537693
0.537693
0.537511
0.537511
0.530779
0.530779
0.536407
0.536407
0.534661
0.534661
-0.0107546
-0.0107546
-0.0156728
-0.0156728
-0.0179575
-0.0179575
0.219134
0.219134
0.351816
0.351816
0.647428
0.647428
0.733193
0.733193
0.619929
0.619929
0.396238
0.396238
0.161971
0.161971
0.551146
0.551146
0.614141
0.614141
0.520301
0.520301
0.673424
0.673424
0.650876
0.650876
0.655001
0.655001
0.162706
0.162706
0.0122907
0.0122907
0.17165
0.17165
0.113476
0.113476
0.526783
0.526783
0.525511
0.525511
0.517043
0.517043
0.513999
0.513999
0.530809
0.530809
0.528925
0.528925
0.533482
0.533482
0.530508
0.530508
0.533458
0.533458
0.534838
0.534838
-0.0491043
-0.0491043
-0.0751586
-0.0751586
-0.0846629
-0.0846629
-0.151401
-0.151401
0.310217
0.310217
0.571244
0.571244
0.254836
0.254836
0.28418
0.28418
0.14178
0.14178
-0.0479616
-0.0479616
-0.0498819
-0.0498819
-0.0514079
-0.0514079
-0.0593708
-0.0593708
0.000831522
0.000831522
-0.0250715
-0.0250715
0.0420599
0.0420599
0.042269
0.042269
0.0139596
0.0139596
-0.0117696
-0.0117696
-0.00934086
-0.00934086
-0.0203948
-0.0203948
-0.0146302
-0.0146302
0.523689
0.523689
0.523654
0.523654
0.528126
0.528126
0.536844
0.536844
0.475551
0.475551
0.47934
0.47934
0.444103
0.444103
0.464899
0.464899
0.450121
0.450121
0.388705
0.388705
0.424131
0.424131
0.3993
0.3993
-0.00576132
-0.00576132
0.00270999
0.00270999
-0.00265388
-0.00265388
-0.0180106
-0.0180106
-0.0147088
-0.0147088
-0.0339221
-0.0339221
-0.0308536
-0.0308536
-0.026312
-0.026312
-0.0221209
-0.0221209
-0.0290241
-0.0290241
-0.0461333
-0.0461333
-0.0489062
-0.0489062
-0.170954
-0.170954
-0.286837
-0.286837
0.988434
0.988434
0.909027
0.909027
0.13758
0.13758
0.522165
0.522165
0.528627
0.528627
0.525385
0.525385
0.530321
0.530321
0.53345
0.53345
0.534244
0.534244
0.531949
0.531949
0.528495
0.528495
0.519505
0.519505
0.520962
0.520962
0.517749
0.517749
0.51884
0.51884
-0.101924
-0.101924
-0.243644
-0.243644
-0.0719831
-0.0719831
-0.146935
-0.146935
0.146158
0.146158
0.628488
0.628488
0.363708
0.363708
0.298829
0.298829
0.294242
0.294242
0.523369
0.523369
0.915989
0.915989
0.698534
0.698534
0.666681
0.666681
0.6636
0.6636
-0.343583
-0.343583
0.0446767
0.0446767
-0.280215
-0.280215
0.334314
0.334314
0.162009
0.162009
0.646632
0.646632
0.695992
0.695992
0.717895
0.717895
0.665757
0.665757
0.618902
0.618902
-0.0994947
-0.0994947
0.556367
0.556367
-0.0747763
-0.0747763
-0.02224
-0.02224
0.179646
0.179646
0.0548312
0.0548312
0.657646
0.657646
0.63909
0.63909
0.646568
0.646568
0.648664
0.648664
0.661007
0.661007
0.641655
0.641655
0.623835
0.623835
0.624064
0.624064
0.643736
0.643736
0.648454
0.648454
0.482405
0.482405
0.249776
0.249776
0.200248
0.200248
0.16179
0.16179
0.643212
0.643212
0.515782
0.515782
0.564916
0.564916
0.489521
0.489521
0.522114
0.522114
0.524623
0.524623
0.523278
0.523278
0.504652
0.504652
0.512253
0.512253
0.507765
0.507765
0.514333
0.514333
0.517993
0.517993
0.52653
0.52653
0.527014
0.527014
0.522262
0.522262
0.524391
0.524391
-0.0558131
-0.0558131
-0.0621045
-0.0621045
-0.0247281
-0.0247281
-0.135219
-0.135219
-0.127898
-0.127898
-0.190106
-0.190106
-0.0587843
-0.0587843
0.0744463
0.0744463
0.036235
0.036235
0.237304
0.237304
0.340935
0.340935
0.0519401
0.0519401
-0.056678
-0.056678
-0.0293611
-0.0293611
0.0126763
0.0126763
0.179805
0.179805
0.20848
0.20848
0.0741828
0.0741828
0.161902
0.161902
0.153211
0.153211
0.134177
0.134177
0.237133
0.237133
0.240472
0.240472
-0.0301864
-0.0301864
-0.0315248
-0.0315248
-0.0363779
-0.0363779
-0.038829
-0.038829
0.0186214
0.0186214
0.0901078
0.0901078
0.0993122
0.0993122
-0.00807618
-0.00807618
-0.0134827
-0.0134827
-0.0460435
-0.0460435
-0.0460849
-0.0460849
-0.0225113
-0.0225113
-0.0277589
-0.0277589
-0.0227703
-0.0227703
0.00475838
0.00475838
-0.0527894
-0.0527894
-0.0204248
-0.0204248
-0.0065619
-0.0065619
-0.00562165
-0.00562165
-0.00604959
-0.00604959
-0.0115748
-0.0115748
0.518609
0.518609
0.52018
0.52018
0.520522
0.520522
0.528471
0.528471
0.540726
0.540726
0.555307
0.555307
0.521767
0.521767
0.497814
0.497814
0.488581
0.488581
0.491596
0.491596
0.464509
0.464509
0.474785
0.474785
0.470642
0.470642
0.484186
0.484186
0.505386
0.505386
0.51405
0.51405
0.51236
0.51236
0.515187
0.515187
0.497459
0.497459
0.499246
0.499246
0.485723
0.485723
0.489353
0.489353
0.464525
0.464525
0.445071
0.445071
0.433085
0.433085
-0.0425894
-0.0425894
-0.0040806
-0.0040806
-0.0122563
-0.0122563
-0.0379337
-0.0379337
-0.00834318
-0.00834318
-0.0202736
-0.0202736
-0.0114688
-0.0114688
0.00764713
0.00764713
-0.00890993
-0.00890993
-0.0101446
-0.0101446
-0.0203368
-0.0203368
-0.026646
-0.026646
-0.0262557
-0.0262557
-0.0728867
-0.0728867
0.013892
0.013892
-0.184553
-0.184553
-0.219815
-0.219815
-0.293096
-0.293096
0.890657
0.890657
1.01488
1.01488
0.809788
0.809788
0.582663
0.582663
0.603116
0.603116
0.846636
0.846636
0.930921
0.930921
0.542947
0.542947
0.735292
0.735292
0.75845
0.75845
0.588056
0.588056
0.855131
0.855131
0.527017
0.527017
0.526611
0.526611
0.524211
0.524211
0.52369
0.52369
0.524911
0.524911
-0.00670051
-0.00670051
0.0998891
0.0998891
0.0974127
0.0974127
0.161309
0.161309
0.277926
0.277926
0.38946
0.38946
0.320781
0.320781
0.195309
0.195309
0.325223
0.325223
0.32767
0.32767
0.621569
0.621569
0.633703
0.633703
0.588978
0.588978
0.612979
0.612979
0.613615
0.613615
0.425364
0.425364
0.50098
0.50098
0.552681
0.552681
0.51391
0.51391
0.565872
0.565872
0.587581
0.587581
0.541501
0.541501
0.574525
0.574525
0.523841
0.523841
0.479339
0.479339
0.475527
0.475527
0.425022
0.425022
0.444677
0.444677
0.420194
0.420194
0.403316
0.403316
0.516767
0.516767
0.493892
0.493892
0.504695
0.504695
0.495048
0.495048
0.516242
0.516242
0.543844
0.543844
0.540808
0.540808
0.562684
0.562684
0.577904
0.577904
0.498383
0.498383
0.453243
0.453243
0.462652
0.462652
0.492832
0.492832
0.454309
0.454309
0.469914
0.469914
0.485872
0.485872
0.233921
0.233921
0.136185
0.136185
0.219017
0.219017
-0.0658293
-0.0658293
0.00437327
0.00437327
-0.00792069
-0.00792069
-0.0567557
-0.0567557
-0.00510026
-0.00510026
0.279036
0.279036
-0.41158
-0.41158
-0.388383
-0.388383
-1.01503
-1.01503
0.50511
0.50511
0.953698
0.953698
0.587505
0.587505
0.564089
0.564089
0.6624
0.6624
0.648968
0.648968
0.655316
0.655316
0.672271
0.672271
0.669157
0.669157
0.631795
0.631795
0.640652
0.640652
0.645397
0.645397
0.594432
0.594432
0.615187
0.615187
0.634426
0.634426
0.630267
0.630267
0.524825
0.524825
0.381499
0.381499
0.381219
0.381219
0.328569
0.328569
0.198716
0.198716
0.238798
0.238798
0.434485
0.434485
0.358854
0.358854
0.284025
0.284025
0.284108
0.284108
0.456569
0.456569
0.342989
0.342989
0.413239
0.413239
0.446284
0.446284
0.377509
0.377509
0.332241
0.332241
0.535048
0.535048
0.60129
0.60129
0.594573
0.594573
0.568124
0.568124
0.478248
0.478248
0.490207
0.490207
0.514756
0.514756
0.548152
0.548152
0.571722
0.571722
0.604733
0.604733
0.513761
0.513761
0.519713
0.519713
0.520945
0.520945
0.518411
0.518411
0.515677
0.515677
0.518785
0.518785
0.519077
0.519077
0.521665
0.521665
0.522237
0.522237
0.525266
0.525266
0.524341
0.524341
-0.0527012
-0.0527012
-0.0383812
-0.0383812
-0.050552
-0.050552
-0.0626784
-0.0626784
-0.0180902
-0.0180902
-0.0205316
-0.0205316
0.0233054
0.0233054
0.0115168
0.0115168
-0.015633
-0.015633
-0.0114447
-0.0114447
-0.0330123
-0.0330123
-0.0370248
-0.0370248
-0.0337206
-0.0337206
-0.0259049
-0.0259049
0.103164
0.103164
0.1159
0.1159
0.101061
0.101061
0.0608242
0.0608242
0.250511
0.250511
0.380656
0.380656
0.454897
0.454897
0.329838
0.329838
0.223912
0.223912
0.248621
0.248621
0.267089
0.267089
-0.0123333
-0.0123333
0.0134413
0.0134413
0.000714247
0.000714247
0.040279
0.040279
0.0321626
0.0321626
-0.0396503
-0.0396503
-0.0434977
-0.0434977
-0.039634
-0.039634
-0.0314284
-0.0314284
-0.023392
-0.023392
-0.039293
-0.039293
-0.0448003
-0.0448003
-0.035677
-0.035677
-0.0403709
-0.0403709
-0.0431019
-0.0431019
-0.0469583
-0.0469583
0.50009
0.50009
0.493562
0.493562
0.495122
0.495122
0.489063
0.489063
0.487796
0.487796
0.502057
0.502057
0.506388
0.506388
0.508336
0.508336
0.513795
0.513795
0.516184
0.516184
0.506194
0.506194
0.511583
0.511583
0.515578
0.515578
-0.0124035
-0.0124035
-0.0355511
-0.0355511
-0.0389436
-0.0389436
-0.0304569
-0.0304569
-0.032213
-0.032213
-0.0295749
-0.0295749
-0.0311367
-0.0311367
0.123987
0.123987
0.0549098
0.0549098
0.0586558
0.0586558
0.0114641
0.0114641
-0.120984
-0.120984
-0.0629697
-0.0629697
0.492647
0.492647
0.491516
0.491516
0.480773
0.480773
0.72174
0.72174
0.570954
0.570954
0.491944
0.491944
0.589111
0.589111
0.694724
0.694724
0.276786
0.276786
0.473324
0.473324
0.308568
0.308568
0.888755
0.888755
0.785534
0.785534
0.931798
0.931798
0.542611
0.542611
0.246711
0.246711
0.411413
0.411413
0.453429
0.453429
0.267382
0.267382
0.343479
0.343479
0.324512
0.324512
0.21367
0.21367
0.244321
0.244321
0.28297
0.28297
0.381696
0.381696
0.266861
0.266861
0.24384
0.24384
0.000226072
0.000226072
0.191156
0.191156
0.302781
0.302781
0.284688
0.284688
0.409028
0.409028
0.469583
0.469583
0.267951
0.267951
0.187656
0.187656
0.142566
0.142566
0.605878
0.605878
0.625614
0.625614
0.63881
0.63881
0.611151
0.611151
0.633227
0.633227
0.581853
0.581853
0.574056
0.574056
0.589241
0.589241
0.59727
0.59727
0.591406
0.591406
-0.743431
-0.743431
-0.449699
-0.449699
-1.39681
-1.39681
-0.720076
-0.720076
-0.264202
-0.264202
0.535695
0.535695
0.508371
0.508371
0.770105
0.770105
0.645649
0.645649
0.679115
0.679115
0.663624
0.663624
0.623144
0.623144
0.593205
0.593205
0.618295
0.618295
0.640225
0.640225
0.339599
0.339599
0.450073
0.450073
0.425276
0.425276
0.431172
0.431172
0.334045
0.334045
0.264139
0.264139
0.562467
0.562467
0.55987
0.55987
0.593004
0.593004
0.616662
0.616662
0.588367
0.588367
0.618677
0.618677
0.511569
0.511569
0.511293
0.511293
0.510758
0.510758
0.506993
0.506993
0.50525
0.50525
0.507604
0.507604
0.0588765
0.0588765
0.0264719
0.0264719
0.06763
0.06763
0.0499238
0.0499238
0.0275172
0.0275172
0.0155674
0.0155674
-0.0116428
-0.0116428
-0.0217131
-0.0217131
-0.0285245
-0.0285245
-0.0279272
-0.0279272
-0.0135213
-0.0135213
-0.009438
-0.009438
0.172816
0.172816
0.109955
0.109955
0.0304062
0.0304062
0.0591967
0.0591967
-0.00162287
-0.00162287
-0.0700539
-0.0700539
-0.0893253
-0.0893253
0.0163585
0.0163585
0.112513
0.112513
0.102711
0.102711
0.405817
0.405817
0.655075
0.655075
0.475152
0.475152
0.642576
0.642576
0.485322
0.485322
0.540993
0.540993
0.46916
0.46916
0.460383
0.460383
0.485268
0.485268
0.380729
0.380729
0.461109
0.461109
0.252597
0.252597
-0.25593
-0.25593
-0.165123
-0.165123
0.795699
0.795699
0.806144
0.806144
0.581814
0.581814
0.407509
0.407509
0.174887
0.174887
0.351696
0.351696
0.540954
0.540954
0.470386
0.470386
0.505783
0.505783
0.57492
0.57492
0.561819
0.561819
0.0315624
0.0315624
0.0886199
0.0886199
0.377343
0.377343
0.60407
0.60407
0.242357
0.242357
0.233288
0.233288
0.2267
0.2267
0.411635
0.411635
0.329485
0.329485
))
(300 (2 1 3 0 0 1 918)(
0.98516 -0.000507644 0 
0.00501698 2.96625 0 
0.00743405 0.887178 0 
0.979704 0.00214546 0 
-0.0122349 2.06382 3.75327e-20 
-0.0070492 2.9488 -2.45475e-18 
0.820412 1.16468 4.49908e-19 
0.101775 0.0660236 -1.46251e-20 
0.999909 -0.000276074 0 
0.0668186 0.734316 0 
0.00997194 0.491167 0 
0.732596 0.00105685 0 
0.0110957 2.93041 0 
0.00254944 2.79518 0 
-0.0179084 3.1484 7.80363e-19 
-0.0214463 1.91735 9.27606e-21 
0.284587 0.0540004 1.01875e-18 
0.188766 1.14324 3.16365e-19 
0.96272 0.00501579 0 
0.00754216 0.466928 0 
-0.0148867 0.0666721 -6.86736e-19 
1.00197 -0.00497486 0 
1.00023 -0.00978411 0 
0.975739 -0.00643884 0 
0.598834 0.0283778 0 
0.0141877 2.64215 0 
-0.0148917 2.91 9.02256e-19 
0.0105745 0.933697 0 
-0.018241 1.18106 0 
0.0125403 0.91686 0 
-0.0144915 2.59124 0 
-0.00122865 2.11783 -2.99764e-20 
-0.011319 1.89784 0 
-0.0206066 2.9876 -8.81919e-23 
-0.016684 3.00529 1.90771e-18 
0.00209721 3.00017 0 
0.871432 -0.00965876 0 
0.402403 0.932522 1.8091e-19 
0.806186 1.17866 -5.13941e-19 
0.957444 1.02477 5.58887e-19 
0.674358 1.27045 -1.04317e-19 
0.675057 1.24433 6.0002e-19 
0.136353 0.120552 1.42672e-20 
0.132862 0.0545695 0 
1.16259 0.564181 0 
0.109586 0.0938809 6.46764e-20 
0.0723642 0.0498957 -6.71148e-20 
0.919918 -0.0074587 0 
1.00027 0.00016157 0 
0.999909 0.000338687 0 
1.00363 -0.00775862 0 
1.00096 -0.0009191 0 
1.00017 3.7491e-05 0 
0.0730165 1.82586 -7.72274e-19 
0.0327532 0.947463 0 
0.0985469 0.814367 0 
0.0146898 0.896102 0 
0.0412845 0.650896 0 
0.00675337 2.01502 0 
-0.00384235 0.784419 0 
0.0114598 0.505359 0 
-0.00749828 0.779528 0 
0.0102566 0.479631 0 
0.841969 -0.0156685 0 
0.841685 0.0280166 0 
0.7598 -0.00143904 0 
0.800913 0.0296899 0 
0.701312 0.0141228 0 
0.0146815 3.00041 9.09722e-19 
0.0114837 3.00806 0 
0.00610661 3.00274 0 
0.0135299 2.99736 1.03167e-23 
0.00796516 2.95849 -1.35207e-18 
0.014499 2.98206 0 
0.0108802 2.90356 0 
0.0243046 2.93097 2.06435e-24 
0.00471694 2.82498 0 
0.0300829 2.91657 0 
-0.00486433 2.74535 0 
0.304615 3.54069 0 
-0.131602 3.6212 0 
0.137433 3.23839 -7.26198e-19 
-0.0136884 2.97706 0 
-0.0256521 1.98639 0 
-0.00698448 2.17025 -9.14895e-21 
-0.015406 1.92577 3.73999e-21 
0.34113 0.140787 -3.53858e-19 
0.315979 0.0314173 -3.43937e-19 
0.295481 0.145645 -1.05899e-18 
0.246649 0.0614184 -6.87847e-19 
0.229423 0.98399 0 
0.272308 1.29354 -3.67989e-19 
0.365996 1.22787 6.13829e-19 
0.987431 0.00857474 0 
0.941849 0.00582479 0 
1.0003 0.000581232 0 
1.00286 0.00930977 0 
1.00301 0.00847246 -2.74783e-18 
0.991907 0.00969527 2.07506e-18 
-0.0104869 0.778571 0 
0.00941912 0.474134 0 
-0.0476043 1.00771 0 
-0.0271632 0.823631 0 
0.00449059 0.469164 0 
-0.0501387 0.0989509 2.1288e-19 
0.0544256 0.05949 0 
0.993554 -0.00836966 0 
0.95447 -0.00653312 0 
0.744528 0.0280108 0 
0.679907 0.0255974 0 
0.660621 0.0233967 0 
0.971917 -0.0072181 0 
0.59091 0.0732008 0 
0.453814 -0.00703902 1.54272e-18 
-0.0374961 2.86126 6.64471e-19 
0.0411735 2.90974 0 
0.0534761 2.88631 0 
-0.00470282 2.70083 0 
-0.0132069 2.98527 8.53532e-19 
-0.0177851 2.89506 0 
-0.0153563 2.98808 -2.64806e-18 
-0.013312 2.92519 9.06653e-19 
-0.0298657 1.34678 0 
-0.00402446 1.37613 0 
-0.00725856 2.1355 4.98837e-22 
-0.00635106 2.0974 0 
-0.0236228 1.90504 0 
0.938672 -0.00736501 0 
0.857617 -0.00997842 0 
0.863278 0.00513289 0 
0.949646 -0.00779463 0 
0.884113 -0.00819766 0 
0.513736 1.12536 -2.28401e-19 
0.562897 1.17632 0 
0.367097 0.877588 3.37159e-20 
0.30983 0.736313 0 
0.919126 1.0615 -1.54274e-19 
1.03788 0.871161 3.14441e-19 
0.358953 1.35509 0 
0.526712 1.32603 0 
0.549269 1.26461 0 
0.121191 0.185086 -3.02847e-19 
0.165505 0.125238 0 
0.175968 0.0791039 1.90834e-19 
1.00873 0.925579 0 
1.08304 0.779422 0 
1.10826 0.721073 -2.50676e-19 
1.14199 0.623619 0 
1.19251 0.40726 5.75208e-20 
0.95779 -0.0086878 0 
0.962531 -0.0100246 0 
0.901788 -0.00798889 0 
0.984208 -0.00914218 0 
0.974721 -0.00932541 0 
0.937147 -0.00637479 0 
1.00019 0.0023404 0 
1.0009 0.00141552 0 
0.999909 0.000855737 0 
0.0355568 2.07273 4.27962e-19 
0.118669 1.76885 0 
0.0181867 2.18639 6.57884e-19 
0.0460343 1.88021 -5.48411e-19 
0.106334 1.14897 -2.59046e-19 
0.0491684 1.02819 0 
0.143057 0.980048 0 
0.0073886 0.851336 0 
0.0200287 0.584161 0 
-0.000842477 2.24181 -8.13155e-22 
0.0160313 2.01902 0 
-0.00175144 2.24435 -2.86659e-20 
0.00811391 2.02469 4.41456e-20 
0.00175153 0.823224 0 
-0.000790976 0.799382 0 
0.0140061 0.53481 0 
-0.00950169 0.776021 0 
0.00490317 0.473282 0 
0.9387 0.00984177 0 
0.850642 -0.0145861 0 
0.927818 0.000478349 0 
0.842788 -0.0128666 0 
0.811437 -0.00271969 0 
0.898421 0.0228656 0 
0.874317 0.0259366 0 
0.785433 -0.00348983 0 
0.00569213 3.06488 -8.47195e-21 
0.016751 3.05773 0 
0.0147118 2.96901 0 
0.00869051 2.87617 0 
0.919985 3.95253 0 
1.23317 3.28625 9.25328e-19 
0.0690038 3.06932 0 
-0.0292264 2.90217 0 
-0.00887013 1.39838 0 
-0.0308324 1.69666 0 
-0.0177045 1.53197 0 
-0.0301631 2.54981 -8.3757e-21 
-0.0137906 2.24193 0 
-0.0198794 2.38934 0 
-0.00137011 1.95226 8.25185e-22 
-0.00352624 2.24089 -7.78112e-21 
-0.00540557 2.20518 -3.96833e-21 
-0.00928786 1.93714 0 
0.394178 0.123577 5.40672e-19 
0.364035 0.0194794 -5.30567e-19 
0.258663 1.58528 0 
0.27777 0.757139 -3.15801e-19 
0.176922 1.6725 -1.04811e-18 
0.225855 1.22028 1.0504e-18 
0.901977 0.00632686 0 
0.967378 0.0111417 0 
0.974531 0.0108175 0 
0.923271 0.00640404 0 
-0.00962501 0.773255 0 
-0.0111036 0.773245 0 
0.00551067 0.46958 0 
0.100287 0.0758184 5.9779e-19 
0.0926605 0.0596906 -7.07852e-19 
0.0542369 0.0452307 0 
1.10048 0.0867278 2.70566e-20 
1.08254 0.039787 0 
1.01417 0.0402306 0 
0.907981 -0.00526481 0 
0.447523 0.104008 0 
0.507592 0.0871106 -2.4653e-18 
0.408186 0.0132896 9.21963e-19 
0.00866549 2.98087 7.13772e-19 
-0.032563 2.86537 4.69186e-20 
0.00359744 3.05025 -1.79418e-20 
0.0202428 3.04335 6.38362e-19 
-0.0150185 2.99659 2.97802e-20 
-0.0129323 2.94948 -1.1986e-22 
-0.0172467 3.01192 -5.51497e-19 
0.0148572 3.02379 3.99029e-19 
0.00737326 3.03678 -6.31657e-19 
0.934167 -0.00116404 0 
0.939584 -0.00316227 0 
0.846166 -0.00945408 0 
0.956486 0.0119755 0 
0.942503 0.0134837 0 
0.881575 0.00567133 0 
0.915919 0.0186324 0 
0.925409 0.0156653 0 
0.838261 0.00104125 0 
0.716088 1.40232 3.88033e-20 
0.749375 1.51093 0 
0.181106 0.314733 7.07122e-20 
0.229064 0.669252 5.69012e-19 
0.262424 0.720235 -3.32478e-19 
0.262804 0.520282 6.61694e-19 
0.346414 0.811912 1.59355e-18 
0.140826 0.230503 3.76045e-19 
0.250921 0.147222 7.27659e-19 
0.207324 0.142214 1.88654e-19 
0.212687 0.0710037 3.57163e-19 
1.18149 0.465288 6.5428e-20 
1.19673 0.257748 6.0563e-20 
0.0104124 2.23492 2.53172e-19 
0.0402804 1.94836 0 
0.971244 0.0295023 0 
0.943739 0.0140278 0 
0.869598 -0.0178076 0 
0.0111979 3.07412 0 
0.0195719 2.94406 1.16716e-18 
0.0164171 2.95623 0 
0.00646132 2.85062 -1.15766e-18 
0.0063641 3.09107 2.83055e-19 
0.00723697 3.08276 0 
0.78214 1.81225 -1.58313e-19 
1.24106 2.48743 4.01873e-19 
0.764101 1.95151 -1.22675e-18 
0.0195631 2.98007 -6.14966e-19 
0.035188 2.99892 0 
-0.0345293 2.87625 0 
-0.00389296 2.22402 -1.30469e-20 
-0.00303467 2.24508 1.19544e-20 
0.00135819 1.98699 -7.1696e-21 
0.278257 1.39466 1.025e-18 
0.239219 0.551904 -7.02806e-19 
0.0637355 1.99764 7.62221e-19 
0.135162 1.88405 -9.09905e-19 
0.180066 1.51167 9.50073e-20 
0.00272973 3.11818 -1.76382e-18 
0.0168389 3.11793 1.89038e-18 
-0.00921262 2.98089 7.83895e-19 
-0.00344611 2.97723 -7.40444e-19 
-0.021172 2.88119 -7.98376e-19 
0.00861062 3.09911 -2.1033e-18 
0.00202846 3.10674 2.05259e-18 
0.282605 0.695885 0 
0.248796 0.684682 -1.18333e-18 
0.0960076 0.225235 5.25329e-19 
0.357977 0.939056 1.1137e-18 
0.19593 0.27655 -1.71712e-18 
1.18775 0.175675 6.25846e-20 
1.1971 0.312504 0 
1.17616 0.123224 -5.71733e-21 
0.00168746 2.25341 -1.46528e-21 
0.00508686 2.24486 0 
0.0246841 1.98426 0 
0.340031 1.3036 -3.68011e-19 
0.374982 1.15082 -8.00319e-19 
0.210623 0.378599 1.42715e-18 
1.00588 -0.0108259 0 
1.00767 -0.0076326 5.06898e-19 
-0.0251805 1.32751 0 
-0.0387761 1.32741 0 
1.00221 0.00351516 1.81211e-21 
1.00366 0.00947197 1.03501e-18 
-0.0185629 2.53434 1.06144e-20 
-0.0238603 2.57685 0 
0.0343522 3.17677 4.058e-19 
0.389894 3.48315 0 
1.17691 0.665326 -5.65377e-20 
1.01285 0.0131482 -2.13201e-21 
1.02135 -0.0102765 0 
1.0017 0.000130753 7.83967e-23 
0.112563 1.37073 0 
0.143305 2.56756 0 
0.0300222 1.3156 0 
0.000140621 2.61849 2.75616e-20 
-0.0211717 2.57548 2.72066e-21 
0.998818 0.0304123 2.33765e-21 
1.06327 0.00478407 0 
1.09787 0.0253326 0 
-0.0293284 1.73972 0 
-0.0181588 2.57707 0 
-0.00668522 1.31486 0 
0.311285 1.48236 -1.67977e-19 
1.01131 -0.0096118 0 
1.0094 -0.0149145 0 
1.00237 0.000754629 6.47808e-19 
1.00547 -0.00479793 -7.61402e-19 
1.00118 -0.000966217 0 
-0.0152257 1.46569 0 
-0.00670675 1.37735 0 
-0.00835442 1.42307 0 
-0.0107356 1.30238 0 
-0.0204815 1.28981 0 
-0.0115113 1.27278 0 
1.03508 -0.00600399 0 
1.01951 0.0155354 -9.07938e-22 
0.822607 1.27458 2.61159e-19 
1.00224 0.00032121 -6.45362e-19 
1.00406 0.00526383 7.5553e-19 
1.00118 0.00207681 0 
1.01272 0.0103682 6.42273e-19 
1.00798 0.00831631 -7.78198e-19 
1.00856 0.0146993 0 
-0.0233937 2.60482 0 
-0.0255061 2.58439 -1.89522e-20 
-0.0228004 2.59848 1.34395e-20 
1.23871 0.268911 5.7981e-19 
1.16308 0.0874557 0 
0.0400511 3.07807 -9.07853e-19 
0.0650523 2.85671 -6.60134e-20 
0.138448 3.192 1.38992e-18 
0.13374 3.2197 -1.95715e-19 
0.132898 3.23043 0 
0.0194307 3.13718 2.34275e-19 
0.0743544 3.1601 8.95244e-19 
0.0673447 3.18501 -4.4166e-19 
0.0216967 3.13016 0 
0.571454 0.281947 0 
0.509034 0.303137 0 
1.14869 0.701439 1.2788e-19 
1.14199 0.822883 -1.1087e-19 
1.20484 0.588341 0 
1.23225 0.522476 0 
1.01602 0.0133859 -1.19723e-18 
1.01499 0.0142701 1.50294e-18 
1.0254 -0.00978992 0 
1.02347 -0.0118392 0 
1.00642 0.00264708 0 
1.01041 0.00375136 0 
1.00458 0.00186818 0 
1.00978 0.0062599 0 
1.00781 0.0059687 0 
1.00451 0.0047256 0 
0.101255 1.36919 0 
0.0995182 1.33196 0 
0.13103 1.40491 0 
0.149926 1.41024 0 
0.145229 2.59273 0 
0.184877 2.66311 -4.23206e-19 
0.101471 2.64776 0 
0.0853149 2.65064 1.98037e-19 
0.0387417 2.67322 -1.48399e-19 
0.0168839 1.32679 0 
0.0238048 1.24815 0 
0.0215359 1.33739 0 
0.0430559 1.2728 0 
0.00400144 1.98207 4.24965e-21 
-0.019991 2.60326 -2.051e-20 
-0.00796645 2.65978 1.22598e-20 
-0.0178453 2.67912 0 
-0.0228449 2.60892 -2.2753e-21 
-0.0229344 2.60388 1.45513e-20 
0.0128861 1.98027 1.48977e-22 
-0.0071672 2.39037 2.75154e-20 
-0.0129619 2.41317 -1.39044e-20 
1.01209 0.0394435 1.21234e-18 
1.00508 0.0197916 -1.50848e-18 
1.00453 0.046563 -1.23516e-18 
0.977484 0.0387714 1.55426e-18 
1.06447 0.00861612 0 
1.04955 -0.00816179 0 
1.09485 0.0354955 0 
1.07464 0.0131794 0 
1.07246 0.00071023 0 
1.14082 0.0840064 0 
1.11234 0.0451014 0 
1.11631 0.0328824 0 
-0.0253766 2.42762 1.19064e-21 
-0.0141552 2.01227 0 
-0.0168687 2.21382 0 
-0.020092 2.59762 -1.13752e-20 
-0.0172842 2.60761 2.1269e-22 
0.00293493 1.57749 -3.7156e-20 
-0.00663007 1.50561 3.78673e-20 
-0.0165082 1.39495 0 
-0.0199195 1.4014 0 
-0.0256456 1.39603 0 
-0.00496973 1.31606 0 
0.00756954 1.23834 0 
0.386827 1.49985 2.7338e-19 
0.430138 1.50048 1.45039e-19 
0.597384 2.44354 -2.40431e-19 
0.397942 2.54062 7.07349e-19 
0.349074 2.05153 7.1619e-20 
1.02109 -0.00809392 0 
1.01552 -0.00973582 0 
1.01493 -0.0154995 0 
1.0074 -0.00105953 0 
1.00493 -0.000905133 0 
1.00779 -0.00467553 0 
1.00928 -0.00359327 0 
1.01423 -0.00435433 0 
1.02023 0.0164143 1.17344e-18 
1.01757 0.015412 -1.49782e-18 
1.02056 0.0185824 -1.18287e-18 
1.01815 0.016668 1.48281e-18 
0.785866 1.3254 0 
0.721756 1.37603 2.47026e-19 
0.898446 1.22539 9.86268e-20 
0.94437 1.1708 -1.31247e-19 
1.15415 2.59826 2.82025e-19 
0.765893 0.123209 6.00191e-19 
1.16417 0.109993 0 
1.21352 0.195821 -4.66728e-19 
1.20086 0.156209 -1.98876e-20 
1.00629 0.158114 0 
0.127974 2.95828 5.29541e-19 
0.104053 2.86415 -1.15082e-18 
0.0105657 2.37548 7.67606e-19 
0.100734 -0.165367 -3.21569e-19 
0.334866 3.4135 -2.15737e-19 
0.190434 3.30838 0 
0.234246 3.34875 2.80968e-19 
0.238486 3.03083 -1.77218e-18 
0.331853 3.18899 0 
0.00543888 3.12118 4.57172e-20 
0.0155545 3.1298 -5.3964e-19 
0.0137532 3.12587 7.94231e-19 
0.0343246 3.14007 0 
0.0328161 3.15012 0 
1.20937 2.59558 0 
0.547708 0.800974 -5.27932e-19 
1.06821 0.995542 -9.94074e-21 
1.00322 1.07993 0 
0.856553 0.974843 -1.09396e-19 
1.09458 0.896677 2.78376e-20 
0.303093 0.323046 -8.3995e-19 
0.650424 0.325823 -1.68361e-20 
0.539901 0.220457 4.05773e-19 
0.532592 0.336704 2.93945e-20 
0.425777 0.271386 -1.18025e-18 
0.606838 0.327609 0 
0.713556 0.426925 6.64642e-19 
0.711164 0.427777 0 
0.572999 0.342127 0 
0.490064 0.245851 0 
0.830418 0.626733 4.08402e-19 
1.24 0.291388 -4.87635e-19 
1.24039 0.430567 0 
1.24863 0.370822 0 
0.677729 0.196026 6.20944e-19 
0.875934 0.556539 -3.72116e-19 
0.77522 0.532959 6.64185e-19 
0.963445 0.449147 -7.33834e-19 
1.01902 0.0150199 8.03005e-19 
1.01749 0.0143803 -8.08788e-19 
1.01593 0.0152804 0 
1.03656 -0.00554628 0 
1.02995 -0.00833816 -7.5822e-19 
1.028 -0.0119352 7.50682e-19 
1.02489 0.0106903 0 
1.02331 0.0145455 0 
1.01141 0.00418254 0 
1.01418 0.00917731 0 
1.01515 0.00421669 0 
1.01426 0.00291717 0 
0.0726142 1.35323 0 
0.081037 1.2991 0 
0.147972 1.38503 6.58034e-21 
0.281686 1.48086 8.91782e-20 
0.176639 1.4517 1.87407e-19 
0.209628 1.45707 -3.05701e-19 
0.177198 1.41059 0 
0.13502 1.60008 -7.03213e-20 
0.120182 1.57908 0 
0.344959 2.00096 -1.04139e-19 
0.341704 2.33747 6.14063e-19 
0.196208 1.46511 6.13106e-20 
0.268846 1.39698 2.30487e-20 
0.202042 1.39002 -1.85954e-20 
0.278514 1.33994 -1.03904e-19 
0.241996 1.57903 0 
0.26905 1.61586 1.12857e-19 
0.0308339 2.25698 -2.89799e-20 
0.0436496 2.66251 0 
0.0666363 2.39371 1.36197e-19 
0.0633675 2.41448 0 
0.0696476 2.66433 -2.19462e-19 
0.0492335 2.69278 0 
0.028353 1.4459 3.50558e-20 
0.0365191 1.49398 0 
0.0317502 1.41187 0 
0.026552 1.41837 -3.95581e-20 
0.000875168 2.64602 -1.6678e-20 
0.0297404 2.6916 1.66593e-19 
0.0105696 2.71674 1.16852e-21 
0.00466701 1.83836 -5.01913e-21 
-0.00143202 1.69271 -4.04856e-21 
0.0117252 1.30491 0 
0.0199492 1.22047 0 
0.0459951 1.59486 -2.77671e-20 
0.0350638 1.47513 -3.41292e-20 
0.0387827 1.5372 4.24583e-20 
0.0406212 1.61847 0 
-0.029094 2.2676 9.81728e-20 
-0.0301003 2.54451 -4.10084e-20 
-0.0160586 2.44245 4.19749e-21 
-0.00259281 1.85376 6.07986e-21 
-0.02523 2.49441 2.70578e-21 
-0.0201548 2.43845 -1.64904e-21 
1.01854 0.0219351 -8.0387e-19 
1.01545 0.0281195 8.06996e-19 
1.01278 0.0173149 0 
1.01035 0.0712411 1.12952e-18 
0.991946 0.0609819 -1.26219e-18 
0.951181 0.0574567 1.41092e-18 
1.0141 0.112149 -1.50595e-19 
1.04301 -0.00552323 0 
1.05144 -0.00111268 7.23021e-19 
1.03929 -0.00970633 -7.24507e-19 
1.07214 0.0431141 -4.29937e-20 
1.06517 0.0242726 3.70841e-19 
1.06312 0.0572167 0 
1.0543 0.0506285 -1.33368e-19 
1.03216 0.0426175 0 
1.02626 0.039265 0 
1.02798 0.0138574 0 
1.02389 0.016488 0 
1.04033 0.0334396 2.74675e-19 
1.03869 0.0271966 -6.07395e-19 
1.05145 0.0347287 -2.91121e-19 
1.04837 0.0349728 -3.20673e-19 
1.07183 0.0654974 6.25849e-19 
1.09731 0.0534061 0 
1.10659 0.0977314 0 
-0.0246936 2.27264 5.47344e-20 
-0.0240831 2.01776 9.67926e-22 
-0.0201404 2.02522 0 
-0.0263492 2.44106 -5.44873e-20 
-0.0215695 2.39752 -2.1041e-21 
-0.0325494 2.46851 5.49309e-21 
-0.0203183 2.61647 -1.30157e-20 
-0.0226582 2.55826 1.58465e-22 
-0.021168 2.51004 -3.57886e-21 
-0.0154794 2.61049 1.09413e-20 
-0.020469 2.61244 -1.17826e-20 
-0.00609829 1.50201 -7.00216e-22 
0.00361057 1.62553 -3.54435e-20 
0.371827 1.44861 -1.15496e-19 
0.371648 1.38193 3.73756e-20 
0.662297 1.42627 -2.38966e-19 
0.52909 1.49318 -1.42536e-19 
0.587384 1.45891 0 
0.593108 2.42066 2.07005e-19 
0.661615 2.41634 3.37684e-19 
0.410947 2.50998 8.79949e-20 
0.402127 2.53423 -6.08661e-19 
0.509942 2.47521 6.13768e-19 
0.5531 2.45735 0 
0.487765 2.51502 -5.59294e-19 
0.248029 2.58704 1.14296e-18 
0.354483 2.55923 -7.72489e-20 
0.283662 2.64874 -1.58571e-18 
0.948122 2.37373 7.28834e-19 
0.838166 2.37917 0 
1.01108 0.000538044 2.62814e-20 
1.01537 -0.0053534 -2.13174e-20 
1.01768 -0.00345524 -3.89342e-19 
1.01505 -0.000818801 3.91463e-19 
1.01247 0.00128663 0 
0.649166 1.2911 0 
0.673086 1.18495 0 
0.787029 1.10355 0 
0.666179 1.14848 0 
1.18424 2.61175 5.98782e-20 
1.07233 2.35923 0 
0.833525 2.16164 3.86436e-21 
0.823384 2.42858 0 
0.921525 2.52249 -4.23163e-19 
0.956769 2.47855 2.81469e-19 
0.796298 0.184415 0 
0.737346 0.156549 1.63059e-19 
0.906706 0.152687 9.48908e-19 
0.822228 0.156841 -3.55076e-19 
0.777569 0.0913224 -1.09686e-18 
1.08319 0.24285 -8.92428e-19 
1.00025 0.306611 -1.80713e-20 
0.92742 0.310397 8.59633e-19 
1.0068 0.236341 7.22383e-19 
0.947885 0.200318 -1.25536e-18 
0.909972 0.20483 1.57031e-19 
0.946198 0.27238 -3.33244e-19 
0.925485 0.23194 0 
0.996459 0.196807 6.19154e-19 
1.04728 0.195581 0 
1.04496 0.224129 0 
1.10783 0.122133 2.9005e-19 
1.07187 0.182269 -1.51206e-20 
1.07647 0.242792 -1.57936e-19 
1.10194 0.208524 0 
1.0222 0.0466649 6.18603e-19 
1.03926 0.0602015 7.7287e-19 
1.03395 0.0457557 -6.14443e-19 
1.04275 0.0682304 -5.18499e-19 
1.01957 0.0762619 -7.96001e-19 
0.984836 0.160389 0 
0.989315 0.106305 0 
0.965382 0.0759441 -5.01812e-19 
0.904231 0.0980377 1.99946e-19 
1.0404 0.108571 7.17075e-19 
1.06962 0.125709 -8.36657e-19 
1.07685 0.158039 7.47225e-19 
1.03171 0.152506 0 
1.07517 0.112968 0 
1.05397 0.0937457 -3.42983e-19 
1.04355 0.098889 -5.85121e-19 
0.578822 1.05298 1.41064e-19 
0.603281 1.37639 -4.25573e-20 
1.1541 2.72717 -2.29415e-19 
1.2196 3.06971 2.53615e-21 
1.24577 2.71046 -1.26659e-19 
1.27405 2.69361 -3.02076e-20 
1.20136 2.33395 -1.11933e-20 
1.20733 2.97357 -9.55169e-20 
1.22757 2.93914 2.37462e-19 
1.20966 3.22247 -1.4187e-19 
1.36912 2.95322 1.96016e-19 
1.35761 2.87127 0 
0.566225 0.809961 -5.05248e-20 
0.106389 1.22097 5.69497e-19 
0.560765 0.344862 5.49754e-19 
0.399596 0.0910495 5.94271e-19 
0.473331 0.311042 6.6981e-19 
0.547471 0.428869 -1.08791e-18 
0.549436 0.424597 8.91211e-19 
0.463605 0.302634 -3.38578e-19 
0.336145 0.230676 7.61698e-19 
0.705089 0.271096 -3.58883e-19 
0.663164 0.292735 0 
0.59664 0.208 6.24284e-21 
0.746298 0.50946 3.60789e-19 
0.72742 0.479267 -1.31127e-18 
0.625762 0.445127 1.03123e-20 
0.620998 0.436122 0 
0.695502 0.71758 3.96358e-19 
0.858538 0.780628 3.93368e-19 
0.781987 0.863057 -4.60345e-19 
0.90362 0.817724 -1.53444e-19 
0.934572 0.863135 -3.69722e-20 
0.941604 0.862788 3.78634e-20 
0.870216 0.662047 -6.7617e-19 
0.950057 0.71538 1.42475e-19 
1.0093 0.730003 0 
1.00028 0.706475 -1.92381e-19 
1.03023 0.347241 2.11576e-19 
1.15081 0.308132 2.87187e-19 
1.07136 0.28036 3.64683e-19 
1.0205 0.379767 -4.30219e-19 
1.06891 0.441919 0 
1.12485 0.422667 0 
0.921936 0.383297 1.22923e-21 
0.838194 0.31859 0 
0.886486 0.317121 4.06477e-19 
0.909801 0.318929 -8.38899e-21 
0.958463 0.452749 2.0442e-18 
0.919971 0.50785 5.25142e-19 
0.924339 0.474402 -5.60127e-19 
0.839423 0.463252 6.0135e-19 
0.824503 0.457428 3.6035e-19 
0.794281 0.439587 -3.54205e-19 
1.02744 -0.000160752 6.48605e-19 
1.02002 0.000125907 0 
1.01856 0.00105129 4.22933e-19 
1.02175 -0.00148514 -9.58054e-19 
1.0224 0.00458929 4.65431e-19 
1.0203 0.0116369 -9.74618e-19 
1.0212 0.0109943 0 
1.02039 0.0112162 -2.03131e-19 
1.01593 0.00789886 5.09658e-19 
1.01656 0.0106974 -2.54302e-19 
1.01726 0.0100401 1.87255e-19 
0.0345502 1.33031 0 
0.0399513 1.38522 0 
0.0528186 1.33048 0 
0.0596004 1.27816 0 
0.0744332 1.40216 -4.87939e-20 
0.0848977 1.3673 2.2114e-20 
0.111422 1.54798 -1.50636e-20 
0.106667 1.38893 -3.66019e-21 
0.0400461 1.4802 1.99486e-20 
0.0435294 1.47404 -1.53565e-20 
0.0674001 1.38959 -1.08519e-20 
0.0608442 1.39068 4.63701e-20 
0.0531136 1.3681 6.87239e-21 
0.0451697 1.39053 3.8633e-21 
0.107349 2.36137 -1.50447e-19 
0.0959617 2.40996 0 
0.168733 2.03517 1.09245e-19 
0.114169 1.70228 4.06436e-20 
0.23436 2.03344 -8.96616e-20 
0.19952 2.42409 0 
0.262243 2.3741 -6.05694e-19 
0.30204 2.37191 4.27984e-19 
0.228149 1.99322 -2.50303e-19 
0.15416 2.15177 1.68973e-19 
0.141594 2.25875 0 
0.0185462 1.87751 6.54674e-21 
0.00084258 2.38533 -3.31706e-20 
0.00622874 2.14262 0 
0.0115297 2.4494 -1.36378e-20 
0.029174 2.2923 8.53929e-21 
0.0162671 1.42503 -7.54246e-21 
0.0130958 1.40622 1.25827e-19 
0.0125821 1.41358 -4.18771e-20 
0.0220758 1.4194 -3.47252e-20 
0.0264022 1.44966 0 
0.00810107 1.39516 0 
-0.000518154 1.30075 -4.97877e-20 
0.00415333 1.38711 1.42899e-20 
0.00841458 1.38638 0 
0.00579286 1.29245 -3.73002e-20 
0.0160701 1.21026 7.56767e-20 
1.04086 0.0121794 0 
1.04707 0.00843472 -6.78459e-20 
1.03885 0.0226322 -4.89487e-19 
1.04868 0.0213277 0 
1.05253 0.0211486 0 
1.03649 0.0123921 -6.83404e-21 
1.03111 0.0122359 7.86912e-19 
1.03165 0.0172989 9.53769e-19 
1.02557 0.0212197 0 
1.02244 0.0216907 0 
1.03531 0.0261852 4.88217e-19 
1.02611 0.0280348 0 
1.02375 0.0281136 0 
-0.0175107 2.02283 0 
0.000447443 1.65601 -4.43265e-21 
-0.00406012 1.76244 -3.05236e-20 
-0.00223256 1.3943 0 
-0.00663651 1.55873 -1.98218e-20 
-0.00955057 1.47032 1.21669e-20 
-0.00705632 1.4088 0 
0.388598 1.64144 0 
0.374392 1.30774 -7.33727e-20 
0.300801 1.34012 0 
0.426405 1.30679 8.95604e-21 
0.477111 1.47089 0 
0.457491 1.4153 2.41548e-20 
1.03634 2.67397 -1.54087e-20 
0.968476 2.40231 -9.15988e-19 
0.921761 2.19101 1.02737e-18 
0.852211 2.37105 2.42366e-19 
0.847697 2.4833 0 
0.917413 2.47936 0 
0.931472 2.3673 0 
0.910426 2.35673 -9.46168e-19 
0.68655 2.44688 -3.95179e-19 
0.799741 2.4363 -9.79111e-20 
0.810069 2.41041 7.43684e-20 
0.695496 2.38939 0 
0.800766 2.38475 0 
0.758869 2.39824 -3.69027e-19 
0.767285 2.47309 0 
0.633823 1.09404 0 
0.480007 0.896916 -5.16251e-19 
0.569285 0.942281 -3.26454e-20 
0.518894 1.03148 0 
0.519276 0.973695 7.72867e-19 
0.802607 0.886087 -1.29753e-19 
0.810852 1.02179 0 
0.786098 0.988201 1.85131e-19 
0.670667 1.03429 0 
0.671805 0.935275 0 
1.16323 2.75048 -2.31125e-19 
1.14068 2.81381 -9.83153e-20 
0.928538 2.32721 1.02577e-19 
0.896363 2.30686 -8.39361e-20 
1.12889 2.72355 0 
1.08277 2.69296 1.00976e-19 
1.08872 2.47708 -3.14621e-19 
0.983357 2.23048 -3.03372e-20 
0.491788 1.32784 0 
0.507746 1.05869 -1.24326e-19 
0.578079 1.16729 0 
0.852516 0.250595 0 
0.757357 0.200512 0 
0.664905 0.156261 0 
0.84352 0.252591 -6.36554e-19 
0.7285 0.245017 3.7412e-19 
0.921652 0.091105 -4.12094e-19 
0.924654 0.133177 0 
0.912806 0.141775 1.78034e-19 
0.849051 0.119426 7.1172e-19 
0.813701 0.0800053 -4.46213e-19 
1.15477 3.34737 -7.15811e-19 
1.20391 3.2669 0 
1.15235 3.37647 -1.48543e-18 
0.640579 3.53814 1.25986e-18 
0.861756 3.10707 6.98944e-20 
0.522917 0.794217 6.07295e-19 
0.422904 0.791743 0 
0.304518 0.371913 -1.48525e-19 
0.475685 0.647511 8.56789e-19 
0.56565 0.349292 -1.93999e-19 
0.517167 0.461922 2.30175e-19 
0.676053 0.511249 4.88633e-19 
0.717421 0.551515 0 
0.666796 0.571773 0 
0.633126 0.524581 0 
1.01056 0.616702 8.78062e-20 
0.925514 0.557655 -5.11332e-19 
0.950947 0.588912 3.85022e-19 
0.980904 0.529061 -3.96165e-19 
1.08856 0.496784 0 
1.09712 0.587997 -9.62985e-20 
0.85888 0.415381 -8.29308e-19 
0.856666 0.403562 -1.02837e-18 
0.789356 0.397226 6.31702e-19 
0.79834 0.385606 -6.41695e-19 
0.844908 0.342284 -5.19454e-19 
0.792167 0.338978 6.35152e-19 
1.02671 0.00618125 -4.93896e-19 
1.02641 0.00639746 1.00392e-18 
1.0295 0.000294051 6.28521e-19 
1.03373 0.00121297 -7.56987e-19 
1.03386 0.00935596 0 
1.03012 0.0100632 -1.2322e-18 
0.0626987 1.63819 1.89906e-20 
0.0520148 1.58956 0 
0.0903915 1.68736 1.27257e-19 
0.0974595 1.66849 -1.12717e-19 
0.092144 1.54828 2.68947e-20 
0.0915806 1.54928 0 
0.0126831 1.69039 0 
-0.00444632 1.50189 8.22634e-21 
-0.0023831 1.44782 -7.40014e-21 
-0.00777691 1.55602 5.37885e-21 
0.00274347 1.88538 1.21502e-20 
-0.00937061 1.93818 -2.18966e-21 
0.496905 1.35555 -2.7783e-19 
0.49049 1.35581 3.05321e-19 
0.45398 1.30224 -3.24847e-20 
0.436805 1.28293 7.82036e-21 
0.641369 1.30908 0 
0.55626 1.39947 1.04473e-19 
0.57208 1.40651 -1.01711e-19 
0.46779 1.29312 3.16872e-20 
0.523027 1.24173 0 
0.574573 1.20436 0 
0.653531 2.40655 5.80517e-19 
0.669126 2.44834 1.26e-18 
0.713567 2.45908 -8.68227e-19 
0.609671 2.43304 -2.01891e-19 
0.559787 2.52299 2.83841e-19 
0.509006 2.49785 -7.56877e-19 
0.978174 2.37385 -5.75005e-19 
1.0122 2.38592 0 
0.92585 2.16906 -6.60336e-19 
1.05381 2.67202 0 
1.05612 2.65863 0 
0.596921 2.25491 -1.31001e-19 
1.03584 3.15265 1.2517e-19 
0.906974 3.02314 -2.7866e-20 
0.261859 0.839897 0 
0.287177 0.681619 -3.17883e-19 
0.458086 0.641956 -3.20496e-19 
0.376901 1.9989 0 
0.461178 2.7782 -4.86549e-20 
0.414462 2.54072 0 
0.719844 0.667928 -8.36959e-19 
0.80514 0.687679 1.11864e-18 
0.824627 0.627847 -1.10509e-18 
0.696304 0.630961 -1.07148e-19 
0.751558 0.589336 -4.38664e-19 
0.999916 2.7511 -9.51986e-20 
1.04125 2.81286 -1.68211e-19 
0.630483 2.11707 7.05876e-19 
0.582536 1.6861 -5.02619e-19 
0.692776 1.88639 -4.10551e-19 
0.98617 2.43504 -1.13035e-19 
0.993439 2.42788 2.9908e-19 
0.647811 1.81903 2.85211e-20 
0.439471 1.3069 1.45724e-19 
))
(300 (2 10 3 0 0 919 1018)(
0 0 0 
0 0 0 
0 0 0 
0 0 0 
0 0 0 
0 0 0 
0 0 0 
0 0 0 
0 0 0 
0 0 0 
0 0 0 
0 0 0 
0 0 0 
0 0 0 
0 0 0 
0 0 0 
0 0 0 
0 0 0 
0 0 0 
0 0 0 
0 0 0 
0 0 0 
0 0 0 
0 0 0 
0 0 0 
0 0 0 
0 0 0 
0 0 0 
0 0 0 
0 0 0 
0 0 0 
0 0 0 
0 0 0 
0 0 0 
0 0 0 
0 0 0 
0 0 0 
0 0 0 
0 0 0 
0 0 0 
0 0 0 
0 0 0 
0 0 0 
0 0 0 
0 0 0 
0 0 0 
0 0 0 
0 0 0 
0 0 0 
0 0 0 
0 0 0 
0 0 0 
0 0 0 
0 0 0 
0 0 0 
0 0 0 
0 0 0 
0 0 0 
0 0 0 
0 0 0 
0 0 0 
0 0 0 
0 0 0 
0 0 0 
0 0 0 
0 0 0 
0 0 0 
0 0 0 
0 0 0 
0 0 0 
0 0 0 
0 0 0 
0 0 0 
0 0 0 
0 0 0 
0 0 0 
0 0 0 
0 0 0 
0 0 0 
0 0 0 
0 0 0 
0 0 0 
0 0 0 
0 0 0 
0 0 0 
0 0 0 
0 0 0 
0 0 0 
0 0 0 
0 0 0 
0 0 0 
0 0 0 
0 0 0 
0 0 0 
0 0 0 
0 0 0 
0 0 0 
0 0 0 
0 0 0 
0 0 0 
))
(300 (2 11 3 0 0 1019 1026)(
1 0 0 
1 0 0 
1 0 0 
1 0 0 
1 0 0 
1 0 0 
1 0 0 
1 0 0 
))
(300 (2 12 3 0 0 1027 1030)(
0 3 0 
0 3 0 
0 3 0 
0 3 0 
))
(300 (2 13 3 0 0 1031 1038)(
0.00743405 0.887178 0 
-0.0122349 2.06382 3.75327e-20 
-0.018241 1.18106 0 
-0.0144915 2.59124 0 
-0.0256521 1.98639 0 
-0.00402446 1.37613 0 
-0.0177045 1.53197 0 
-0.0198794 2.38934 0 
))
(300 (2 14 3 0 0 1039 1072)(
0 0 0 
0 0 0 
0 0 0 
0 0 0 
0 0 0 
0 0 0 
0 0 0 
0 0 0 
0 0 0 
0 0 0 
0 0 0 
0 0 0 
0 0 0 
0 0 0 
0 0 0 
0 0 0 
0 0 0 
0 0 0 
0 0 0 
0 0 0 
0 0 0 
0 0 0 
0 0 0 
0 0 0 
0 0 0 
0 0 0 
0 0 0 
0 0 0 
0 0 0 
0 0 0 
0 0 0 
0 0 0 
0 0 0 
0 0 0 
))
(300 (2 15 3 0 0 1073 1072)(
))
