(0 "FOAM to Fluent data File")

(33 (918 3444 1074))
(300 (1 1 1 0 0 1 918)(
0.228593
0.904884
0.0117725
0.227901
-0.00631465
0.871965
-0.832611
0.404238
0.208689
-0.419808
-0.37668
0.199947
0.732628
0.50063
-1.45953
-0.0836276
0.358657
-0.709997
0.207625
-0.0135941
0.465629
0.21532
0.21836
0.208952
0.269799
0.485639
0.613596
0.0117015
0.00213634
0.00134639
-0.00393539
-0.0292872
-0.0335668
0.755583
0.806701
0.829378
0.17759
0.00186818
-0.685721
-0.759814
-0.748414
-0.879595
0.395728
0.400215
-0.492354
0.405147
0.418422
0.1961
0.208011
0.208928
0.210084
0.20899
0.210398
0.108695
-0.426933
-0.464959
-0.406635
-0.407767
-0.207045
-0.412468
-0.423294
-0.356271
-0.309227
0.131761
0.197006
0.193733
0.204356
0.213268
0.844435
0.816316
0.84246
0.756282
0.772717
0.710555
0.683099
0.519866
0.541407
0.487389
0.474649
-1.90355
-2.87777
-0.857296
-0.598992
-0.000582765
-0.109668
-0.128927
0.347735
0.35196
0.356977
0.371851
0.756653
-0.703447
-0.849418
0.207734
0.206546
0.215045
0.21574
0.211743
0.210851
-0.0230541
-0.0508134
-0.0109396
-0.00288894
-0.010954
0.449968
0.444064
0.209514
0.206562
0.220943
0.243331
0.232604
-0.0258159
0.278457
0.298009
0.298774
0.470036
0.467291
0.474766
0.587126
0.551122
0.650606
0.67378
0.0028629
0.00319579
-0.0729211
-0.0405421
-0.0519652
0.173905
0.167107
0.191626
0.18083
0.183067
-0.0826022
-0.218505
0.0867423
0.109789
-0.593927
-0.659888
-0.767728
-0.782501
-0.890247
0.23906
0.386397
0.38946
-0.508835
-0.427894
-0.570304
-0.353696
-0.420867
0.186514
0.193441
0.188498
0.203772
0.198319
0.200272
0.2123
0.209371
0.210931
0.166562
0.28718
0.0385089
0.0148217
-0.569775
-0.476274
-0.558197
-0.398553
-0.402738
-0.205931
-0.185161
-0.225108
-0.250027
-0.416218
-0.430535
-0.420921
-0.265829
-0.20609
0.124578
0.115073
0.142809
0.149316
0.188764
0.189836
0.191816
0.190734
0.633725
0.656158
0.663725
0.637377
-3.89119
-6.71895
-0.265277
-0.123122
-0.000311189
0.00304763
0.00156599
0.0086186
0.00202461
-0.00190601
-0.262164
-0.2434
-0.166999
-0.195684
0.333759
0.335506
0.671617
0.662899
0.657721
0.607439
0.195907
0.19806
0.203533
0.199382
-0.154678
-0.081625
-0.112973
0.416385
0.433039
0.429768
-0.0611458
-0.146798
0.0202784
0.0474964
0.319787
0.30277
0.319489
0.362085
0.400352
0.681238
0.699604
0.697775
0.706237
0.750184
0.76652
0.731996
0.154491
0.164365
0.159304
0.195033
0.192529
0.193668
0.188706
0.190372
0.187881
-0.3723
-0.759713
0.168582
0.191574
0.154247
0.170118
0.316315
0.391343
0.368645
0.379864
0.381246
-0.287595
-0.350006
-0.0350262
-0.0696225
0.0725633
0.104392
0.087587
0.605011
0.565281
0.615342
0.588621
0.549841
0.575803
-0.711399
-2.2413
-1.34317
0.239567
0.0465276
0.137369
-0.252751
-0.297804
-0.289993
0.646974
0.727034
0.345332
0.505128
0.519037
0.437233
0.467531
0.525265
0.451915
0.485943
0.519441
0.498073
0.199617
0.174997
0.1695
0.463935
0.518467
-0.174171
-0.22609
-0.276458
-0.16784
-0.136431
-0.144502
0.696299
0.579576
0.656991
0.2063
0.206978
0.00224694
-0.000730862
0.211064
0.211141
0.00183941
-0.0127632
0.118429
-1.17049
-0.185458
0.199405
0.189994
0.206617
-0.414412
0.0684259
-0.429709
-0.308131
-0.301097
0.196929
0.141251
0.107205
0.00686184
-0.0515214
-0.0440073
-0.519774
0.203946
0.20228
0.206119
0.207145
0.207795
0.00321529
-0.00194375
0.000965381
-0.0260089
-0.00714025
-0.00423906
0.171993
0.188077
-0.480312
0.206286
0.208419
0.208247
0.201217
0.207063
0.205166
-0.0415914
-0.0248003
-0.0567454
-0.0748682
0.0410913
0.372096
0.474674
0.331585
0.102212
-0.141479
0.268574
0.336302
0.235421
0.399144
0.374989
0.39375
-0.125211
-0.272415
-0.116775
-0.170964
0.197441
0.196094
0.188187
0.185311
0.201538
0.199595
0.204204
0.200988
0.204042
0.205473
-0.357642
-0.395465
-0.400004
-0.465238
0.028415
0.281353
-0.0356513
-0.00758509
-0.144738
-0.438667
-0.374808
-0.456651
-0.446021
-0.538678
-0.321847
-0.327544
-0.289684
-0.262016
-0.381932
-0.540375
-0.408354
-0.418009
0.191183
0.190054
0.196689
0.203525
0.149911
0.152888
0.1232
0.140638
0.12646
0.0730306
0.106012
0.0829777
0.0026425
0.0108114
0.00468854
-0.0602696
-0.131554
-0.0188542
0.00111359
0.00830115
-0.0129925
-0.0165802
-0.0637962
-0.0819638
-0.481299
-0.597025
0.652328
0.603685
-0.208342
0.193157
0.199586
0.196388
0.201136
0.204201
0.205017
0.202823
0.199448
0.188791
0.190678
0.186582
0.187045
-0.424157
-0.559191
-0.38077
-0.447488
-0.192329
0.309527
0.0536961
-0.00532884
-0.00995498
0.20349
0.605731
0.409676
0.424971
0.450207
-0.669248
-0.266798
-0.599557
0.0216461
-0.158623
0.370066
0.420789
0.443104
0.390195
0.340379
-0.445371
0.211302
-0.366471
-0.323288
-0.133891
-0.236994
0.4128
0.359103
0.367398
0.382269
0.40266
0.364234
0.342323
0.340119
0.376355
0.381346
0.176128
-0.0428289
-0.0881465
-0.124564
0.341069
0.216344
0.271563
0.188898
0.192256
0.195121
0.193669
0.176919
0.183892
0.179895
0.185093
0.187956
0.197372
0.197791
0.193056
0.195465
-0.386396
-0.381933
-0.337784
-0.443565
-0.436737
-0.485051
-0.381118
-0.232914
-0.259983
-0.0910382
0.0256688
-0.265999
-0.38636
-0.353033
-0.326346
-0.139809
-0.123189
-0.224054
-0.140906
-0.124449
-0.148159
-0.0429803
-0.0490828
-0.534022
-0.52826
-0.460396
-0.489276
-0.321246
-0.222821
-0.198377
-0.423307
-0.591688
-0.344856
-0.263947
-0.388637
-0.426751
-0.461996
-0.347791
-0.0469755
-0.0576573
-0.106111
-0.304394
-0.22304
-0.285165
0.187014
0.188323
0.1884
0.200133
0.211389
0.226545
0.192983
0.1698
0.161936
0.164944
0.14012
0.149343
0.144989
0.157628
0.177091
0.18335
0.18332
0.185258
0.170218
0.171009
0.159631
0.162915
0.140611
0.123772
0.113049
-0.0272785
-0.0107177
-0.0217811
-0.0442615
-0.000349033
-0.0140291
-0.240277
-0.120774
-0.16827
-0.144744
-0.257694
-0.00650014
-0.0225756
-0.394169
-0.318123
-0.508964
-0.5363
-0.607536
0.562322
0.671122
0.495853
0.280456
0.284337
0.508258
0.606516
0.244184
0.413104
0.444193
0.211808
0.486845
0.198075
0.197477
0.195032
0.194547
0.196074
-0.340399
-0.243124
-0.224854
-0.17622
-0.0621216
0.0526857
-0.0415654
-0.164852
-0.0245128
-0.0137611
0.304472
0.320981
0.265215
0.290557
0.290203
0.116609
0.19176
0.246509
0.20186
0.245793
0.267803
0.228504
0.258431
0.206221
0.164488
0.163475
0.110743
0.130877
0.108846
0.091334
0.188149
0.166927
0.176712
0.168829
0.188429
0.21609
0.211693
0.236551
0.248776
0.173752
0.136622
0.145394
0.172127
0.134911
0.147473
0.161676
-0.123156
-0.220305
-0.133832
-0.428574
-0.337899
-0.353583
-0.399443
-0.361395
-0.0742762
-0.778475
-0.745892
-1.3841
0.145837
0.632288
0.369903
0.343254
0.401029
0.377947
0.38177
0.410798
0.417316
0.332536
0.352298
0.354354
0.302833
0.329112
0.357242
0.354445
0.18531
0.0673772
0.0582998
0.0205038
-0.099575
-0.0691421
0.131243
0.0545822
-0.0161572
-0.0112178
0.1518
0.0440785
0.107829
0.145461
0.0798767
0.0375822
0.23313
0.301069
0.290856
0.26613
0.181067
0.192192
0.218826
0.255011
0.281071
0.316029
0.184841
0.190337
0.191603
0.189315
0.186793
0.189534
0.189454
0.191977
0.192929
0.195793
0.194694
-0.441793
-0.446564
-0.381837
-0.414217
-0.321339
-0.318526
-0.270109
-0.290212
-0.356575
-0.339886
-0.349066
-0.370577
-0.379211
-0.375612
-0.187388
-0.175779
-0.21752
-0.249815
-0.0646291
0.0596506
0.12166
0.0135189
-0.097644
-0.0761364
-0.0415218
-0.369562
-0.375941
-0.44364
-0.328012
-0.292128
-0.473754
-0.405694
-0.410034
-0.564794
-0.507752
-0.303796
-0.122237
-0.151457
-0.213091
-0.202505
-0.147367
0.171942
0.166359
0.167183
0.161972
0.16117
0.173668
0.177768
0.179631
0.184278
0.185677
0.177732
0.181729
0.185045
-0.146228
-0.0387299
-0.0744945
-0.123277
-0.0695535
-0.0371004
-0.0646584
-0.211583
-0.281604
-0.273626
-0.324093
-0.443075
-0.388598
0.133838
0.123023
0.140878
0.359691
0.214077
0.128528
0.215313
0.320297
-0.0668522
0.129276
-0.0394273
0.536506
0.424864
0.56472
0.201721
-0.105386
0.0437953
0.0990375
-0.100276
-0.0271213
-0.00240415
-0.11253
-0.0814712
-0.0535009
0.0475845
-0.0768478
-0.106599
-0.353253
-0.171611
-0.037506
-0.0588458
0.071378
0.135105
-0.0937147
-0.169607
-0.208738
0.294624
0.315449
0.333611
0.30313
0.32635
0.250648
0.24154
0.26038
0.270726
0.264174
-1.11366
-0.823846
-1.76391
-1.07101
-0.626498
0.177939
0.131529
0.429128
0.315359
0.395353
0.376685
0.332638
0.29516
0.305317
0.342528
0.0444495
0.151744
0.126092
0.134562
0.0391718
-0.0282732
0.269227
0.262772
0.299649
0.324104
0.291301
0.325055
0.183002
0.182554
0.181643
0.17867
0.176845
0.179065
-0.249491
-0.302992
-0.239493
-0.250274
-0.271393
-0.302501
-0.240034
-0.238255
-0.174248
-0.165982
-0.1519
-0.216319
-0.185387
-0.239433
-0.306333
-0.278246
-0.33653
-0.399976
-0.422224
-0.321182
-0.235153
-0.240491
0.0655103
0.315015
0.14335
0.309739
0.146994
0.205916
0.142086
0.140214
0.176115
0.037717
0.111596
-0.13646
-0.636374
-0.543654
0.439075
0.459285
0.243786
0.0492198
-0.175788
0.0224809
0.21484
0.153299
0.193549
0.261375
0.25436
-0.34635
-0.271167
-0.0375905
0.189877
-0.114736
-0.122599
-0.126889
0.0363494
-0.0331403
))
(300 (1 10 1 0 0 919 1018)(
0.228593
0.904884
0.0117725
0.227901
0.871965
-0.832611
0.404238
-0.419808
-0.37668
0.199947
0.732628
0.50063
-1.45953
0.358657
-0.709997
0.207625
-0.0135941
0.465629
0.208952
0.269799
0.485639
0.613596
0.0117015
0.755583
0.17759
-0.759814
-0.879595
0.400215
-0.492354
0.418422
0.1961
-0.464959
-0.407767
-0.423294
-0.309227
0.131761
0.193733
0.213268
0.772717
0.683099
0.541407
0.474649
-2.87777
-0.598992
0.35196
0.371851
-0.849418
0.206546
0.210851
-0.0508134
-0.010954
0.444064
0.206562
0.232604
-0.0258159
0.298009
0.298774
0.474766
0.551122
0.67378
0.167107
0.191626
0.183067
-0.659888
-0.890247
0.38946
-0.570304
-0.420867
0.188498
0.200272
-0.558197
-0.402738
-0.420921
-0.20609
0.115073
0.149316
0.188764
0.190734
0.637377
-0.123122
0.335506
0.195907
0.199382
-0.112973
0.429768
-0.146798
0.0474964
0.319489
0.400352
0.706237
0.159304
0.193668
0.187881
0.381246
-0.350006
0.087587
0.588621
0.137369
0.485943
-0.276458
))
(300 (1 11 1 0 0 919 926)(
0.228593
0.227901
0.208689
0.21532
0.208928
0.210398
0.215045
0.210931
))
(300 (1 12 1 0 0 919 922)(
0.904884
0.871965
0.829378
0.84246
))
(300 (1 13 1 0 0 919 926)(
0
0
0
0
0
0
0
0
))
(300 (1 14 1 0 0 919 952)(
-0.00631465
-0.0836276
-0.0335668
0.00186818
0.108695
-0.207045
-0.128927
0.756653
-0.0519652
-0.218505
0.109789
0.23906
0.28718
0.0148217
-0.185161
-0.250027
-6.71895
-0.262164
-0.195684
0.662899
0.607439
-0.759713
0.168582
0.170118
0.391343
-0.0696225
-1.34317
-0.289993
0.727034
0.519037
0.1695
0.518467
-0.144502
0.656991
))
(300 (1 15 1 0 0 919 2754)(
0.228593
0.228593
0.904884
0.904884
0.0117725
0.0117725
0.227901
0.227901
-0.00631465
-0.00631465
0.871965
0.871965
-0.832611
-0.832611
0.404238
0.404238
0.208689
0.208689
-0.419808
-0.419808
-0.37668
-0.37668
0.199947
0.199947
0.732628
0.732628
0.50063
0.50063
-1.45953
-1.45953
-0.0836276
-0.0836276
0.358657
0.358657
-0.709997
-0.709997
0.207625
0.207625
-0.0135941
-0.0135941
0.465629
0.465629
0.21532
0.21532
0.21836
0.21836
0.208952
0.208952
0.269799
0.269799
0.485639
0.485639
0.613596
0.613596
0.0117015
0.0117015
0.00213634
0.00213634
0.00134639
0.00134639
-0.00393539
-0.00393539
-0.0292872
-0.0292872
-0.0335668
-0.0335668
0.755583
0.755583
0.806701
0.806701
0.829378
0.829378
0.17759
0.17759
0.00186818
0.00186818
-0.685721
-0.685721
-0.759814
-0.759814
-0.748414
-0.748414
-0.879595
-0.879595
0.395728
0.395728
0.400215
0.400215
-0.492354
-0.492354
0.405147
0.405147
0.418422
0.418422
0.1961
0.1961
0.208011
0.208011
0.208928
0.208928
0.210084
0.210084
0.20899
0.20899
0.210398
0.210398
0.108695
0.108695
-0.426933
-0.426933
-0.464959
-0.464959
-0.406635
-0.406635
-0.407767
-0.407767
-0.207045
-0.207045
-0.412468
-0.412468
-0.423294
-0.423294
-0.356271
-0.356271
-0.309227
-0.309227
0.131761
0.131761
0.197006
0.197006
0.193733
0.193733
0.204356
0.204356
0.213268
0.213268
0.844435
0.844435
0.816316
0.816316
0.84246
0.84246
0.756282
0.756282
0.772717
0.772717
0.710555
0.710555
0.683099
0.683099
0.519866
0.519866
0.541407
0.541407
0.487389
0.487389
0.474649
0.474649
-1.90355
-1.90355
-2.87777
-2.87777
-0.857296
-0.857296
-0.598992
-0.598992
-0.000582765
-0.000582765
-0.109668
-0.109668
-0.128927
-0.128927
0.347735
0.347735
0.35196
0.35196
0.356977
0.356977
0.371851
0.371851
0.756653
0.756653
-0.703447
-0.703447
-0.849418
-0.849418
0.207734
0.207734
0.206546
0.206546
0.215045
0.215045
0.21574
0.21574
0.211743
0.211743
0.210851
0.210851
-0.0230541
-0.0230541
-0.0508134
-0.0508134
-0.0109396
-0.0109396
-0.00288894
-0.00288894
-0.010954
-0.010954
0.449968
0.449968
0.444064
0.444064
0.209514
0.209514
0.206562
0.206562
0.220943
0.220943
0.243331
0.243331
0.232604
0.232604
-0.0258159
-0.0258159
0.278457
0.278457
0.298009
0.298009
0.298774
0.298774
0.470036
0.470036
0.467291
0.467291
0.474766
0.474766
0.587126
0.587126
0.551122
0.551122
0.650606
0.650606
0.67378
0.67378
0.0028629
0.0028629
0.00319579
0.00319579
-0.0729211
-0.0729211
-0.0405421
-0.0405421
-0.0519652
-0.0519652
0.173905
0.173905
0.167107
0.167107
0.191626
0.191626
0.18083
0.18083
0.183067
0.183067
-0.0826022
-0.0826022
-0.218505
-0.218505
0.0867423
0.0867423
0.109789
0.109789
-0.593927
-0.593927
-0.659888
-0.659888
-0.767728
-0.767728
-0.782501
-0.782501
-0.890247
-0.890247
0.23906
0.23906
0.386397
0.386397
0.38946
0.38946
-0.508835
-0.508835
-0.427894
-0.427894
-0.570304
-0.570304
-0.353696
-0.353696
-0.420867
-0.420867
0.186514
0.186514
0.193441
0.193441
0.188498
0.188498
0.203772
0.203772
0.198319
0.198319
0.200272
0.200272
0.2123
0.2123
0.209371
0.209371
0.210931
0.210931
0.166562
0.166562
0.28718
0.28718
0.0385089
0.0385089
0.0148217
0.0148217
-0.569775
-0.569775
-0.476274
-0.476274
-0.558197
-0.558197
-0.398553
-0.398553
-0.402738
-0.402738
-0.205931
-0.205931
-0.185161
-0.185161
-0.225108
-0.225108
-0.250027
-0.250027
-0.416218
-0.416218
-0.430535
-0.430535
-0.420921
-0.420921
-0.265829
-0.265829
-0.20609
-0.20609
0.124578
0.124578
0.115073
0.115073
0.142809
0.142809
0.149316
0.149316
0.188764
0.188764
0.189836
0.189836
0.191816
0.191816
0.190734
0.190734
0.633725
0.633725
0.656158
0.656158
0.663725
0.663725
0.637377
0.637377
-3.89119
-3.89119
-6.71895
-6.71895
-0.265277
-0.265277
-0.123122
-0.123122
-0.000311189
-0.000311189
0.00304763
0.00304763
0.00156599
0.00156599
0.0086186
0.0086186
0.00202461
0.00202461
-0.00190601
-0.00190601
-0.262164
-0.262164
-0.2434
-0.2434
-0.166999
-0.166999
-0.195684
-0.195684
0.333759
0.333759
0.335506
0.335506
0.671617
0.671617
0.662899
0.662899
0.657721
0.657721
0.607439
0.607439
0.195907
0.195907
0.19806
0.19806
0.203533
0.203533
0.199382
0.199382
-0.154678
-0.154678
-0.081625
-0.081625
-0.112973
-0.112973
0.416385
0.416385
0.433039
0.433039
0.429768
0.429768
-0.0611458
-0.0611458
-0.146798
-0.146798
0.0202784
0.0202784
0.0474964
0.0474964
0.319787
0.319787
0.30277
0.30277
0.319489
0.319489
0.362085
0.362085
0.400352
0.400352
0.681238
0.681238
0.699604
0.699604
0.697775
0.697775
0.706237
0.706237
0.750184
0.750184
0.76652
0.76652
0.731996
0.731996
0.154491
0.154491
0.164365
0.164365
0.159304
0.159304
0.195033
0.195033
0.192529
0.192529
0.193668
0.193668
0.188706
0.188706
0.190372
0.190372
0.187881
0.187881
-0.3723
-0.3723
-0.759713
-0.759713
0.168582
0.168582
0.191574
0.191574
0.154247
0.154247
0.170118
0.170118
0.316315
0.316315
0.391343
0.391343
0.368645
0.368645
0.379864
0.379864
0.381246
0.381246
-0.287595
-0.287595
-0.350006
-0.350006
-0.0350262
-0.0350262
-0.0696225
-0.0696225
0.0725633
0.0725633
0.104392
0.104392
0.087587
0.087587
0.605011
0.605011
0.565281
0.565281
0.615342
0.615342
0.588621
0.588621
0.549841
0.549841
0.575803
0.575803
-0.711399
-0.711399
-2.2413
-2.2413
-1.34317
-1.34317
0.239567
0.239567
0.0465276
0.0465276
0.137369
0.137369
-0.252751
-0.252751
-0.297804
-0.297804
-0.289993
-0.289993
0.646974
0.646974
0.727034
0.727034
0.345332
0.345332
0.505128
0.505128
0.519037
0.519037
0.437233
0.437233
0.467531
0.467531
0.525265
0.525265
0.451915
0.451915
0.485943
0.485943
0.519441
0.519441
0.498073
0.498073
0.199617
0.199617
0.174997
0.174997
0.1695
0.1695
0.463935
0.463935
0.518467
0.518467
-0.174171
-0.174171
-0.22609
-0.22609
-0.276458
-0.276458
-0.16784
-0.16784
-0.136431
-0.136431
-0.144502
-0.144502
0.696299
0.696299
0.579576
0.579576
0.656991
0.656991
0.2063
0.2063
0.206978
0.206978
0.00224694
0.00224694
-0.000730862
-0.000730862
0.211064
0.211064
0.211141
0.211141
0.00183941
0.00183941
-0.0127632
-0.0127632
0.118429
0.118429
-1.17049
-1.17049
-0.185458
-0.185458
0.199405
0.199405
0.189994
0.189994
0.206617
0.206617
-0.414412
-0.414412
0.0684259
0.0684259
-0.429709
-0.429709
-0.308131
-0.308131
-0.301097
-0.301097
0.196929
0.196929
0.141251
0.141251
0.107205
0.107205
0.00686184
0.00686184
-0.0515214
-0.0515214
-0.0440073
-0.0440073
-0.519774
-0.519774
0.203946
0.203946
0.20228
0.20228
0.206119
0.206119
0.207145
0.207145
0.207795
0.207795
0.00321529
0.00321529
-0.00194375
-0.00194375
0.000965381
0.000965381
-0.0260089
-0.0260089
-0.00714025
-0.00714025
-0.00423906
-0.00423906
0.171993
0.171993
0.188077
0.188077
-0.480312
-0.480312
0.206286
0.206286
0.208419
0.208419
0.208247
0.208247
0.201217
0.201217
0.207063
0.207063
0.205166
0.205166
-0.0415914
-0.0415914
-0.0248003
-0.0248003
-0.0567454
-0.0567454
-0.0748682
-0.0748682
0.0410913
0.0410913
0.372096
0.372096
0.474674
0.474674
0.331585
0.331585
0.102212
0.102212
-0.141479
-0.141479
0.268574
0.268574
0.336302
0.336302
0.235421
0.235421
0.399144
0.399144
0.374989
0.374989
0.39375
0.39375
-0.125211
-0.125211
-0.272415
-0.272415
-0.116775
-0.116775
-0.170964
-0.170964
0.197441
0.197441
0.196094
0.196094
0.188187
0.188187
0.185311
0.185311
0.201538
0.201538
0.199595
0.199595
0.204204
0.204204
0.200988
0.200988
0.204042
0.204042
0.205473
0.205473
-0.357642
-0.357642
-0.395465
-0.395465
-0.400004
-0.400004
-0.465238
-0.465238
0.028415
0.028415
0.281353
0.281353
-0.0356513
-0.0356513
-0.00758509
-0.00758509
-0.144738
-0.144738
-0.438667
-0.438667
-0.374808
-0.374808
-0.456651
-0.456651
-0.446021
-0.446021
-0.538678
-0.538678
-0.321847
-0.321847
-0.327544
-0.327544
-0.289684
-0.289684
-0.262016
-0.262016
-0.381932
-0.381932
-0.540375
-0.540375
-0.408354
-0.408354
-0.418009
-0.418009
0.191183
0.191183
0.190054
0.190054
0.196689
0.196689
0.203525
0.203525
0.149911
0.149911
0.152888
0.152888
0.1232
0.1232
0.140638
0.140638
0.12646
0.12646
0.0730306
0.0730306
0.106012
0.106012
0.0829777
0.0829777
0.0026425
0.0026425
0.0108114
0.0108114
0.00468854
0.00468854
-0.0602696
-0.0602696
-0.131554
-0.131554
-0.0188542
-0.0188542
0.00111359
0.00111359
0.00830115
0.00830115
-0.0129925
-0.0129925
-0.0165802
-0.0165802
-0.0637962
-0.0637962
-0.0819638
-0.0819638
-0.481299
-0.481299
-0.597025
-0.597025
0.652328
0.652328
0.603685
0.603685
-0.208342
-0.208342
0.193157
0.193157
0.199586
0.199586
0.196388
0.196388
0.201136
0.201136
0.204201
0.204201
0.205017
0.205017
0.202823
0.202823
0.199448
0.199448
0.188791
0.188791
0.190678
0.190678
0.186582
0.186582
0.187045
0.187045
-0.424157
-0.424157
-0.559191
-0.559191
-0.38077
-0.38077
-0.447488
-0.447488
-0.192329
-0.192329
0.309527
0.309527
0.0536961
0.0536961
-0.00532884
-0.00532884
-0.00995498
-0.00995498
0.20349
0.20349
0.605731
0.605731
0.409676
0.409676
0.424971
0.424971
0.450207
0.450207
-0.669248
-0.669248
-0.266798
-0.266798
-0.599557
-0.599557
0.0216461
0.0216461
-0.158623
-0.158623
0.370066
0.370066
0.420789
0.420789
0.443104
0.443104
0.390195
0.390195
0.340379
0.340379
-0.445371
-0.445371
0.211302
0.211302
-0.366471
-0.366471
-0.323288
-0.323288
-0.133891
-0.133891
-0.236994
-0.236994
0.4128
0.4128
0.359103
0.359103
0.367398
0.367398
0.382269
0.382269
0.40266
0.40266
0.364234
0.364234
0.342323
0.342323
0.340119
0.340119
0.376355
0.376355
0.381346
0.381346
0.176128
0.176128
-0.0428289
-0.0428289
-0.0881465
-0.0881465
-0.124564
-0.124564
0.341069
0.341069
0.216344
0.216344
0.271563
0.271563
0.188898
0.188898
0.192256
0.192256
0.195121
0.195121
0.193669
0.193669
0.176919
0.176919
0.183892
0.183892
0.179895
0.179895
0.185093
0.185093
0.187956
0.187956
0.197372
0.197372
0.197791
0.197791
0.193056
0.193056
0.195465
0.195465
-0.386396
-0.386396
-0.381933
-0.381933
-0.337784
-0.337784
-0.443565
-0.443565
-0.436737
-0.436737
-0.485051
-0.485051
-0.381118
-0.381118
-0.232914
-0.232914
-0.259983
-0.259983
-0.0910382
-0.0910382
0.0256688
0.0256688
-0.265999
-0.265999
-0.38636
-0.38636
-0.353033
-0.353033
-0.326346
-0.326346
-0.139809
-0.139809
-0.123189
-0.123189
-0.224054
-0.224054
-0.140906
-0.140906
-0.124449
-0.124449
-0.148159
-0.148159
-0.0429803
-0.0429803
-0.0490828
-0.0490828
-0.534022
-0.534022
-0.52826
-0.52826
-0.460396
-0.460396
-0.489276
-0.489276
-0.321246
-0.321246
-0.222821
-0.222821
-0.198377
-0.198377
-0.423307
-0.423307
-0.591688
-0.591688
-0.344856
-0.344856
-0.263947
-0.263947
-0.388637
-0.388637
-0.426751
-0.426751
-0.461996
-0.461996
-0.347791
-0.347791
-0.0469755
-0.0469755
-0.0576573
-0.0576573
-0.106111
-0.106111
-0.304394
-0.304394
-0.22304
-0.22304
-0.285165
-0.285165
0.187014
0.187014
0.188323
0.188323
0.1884
0.1884
0.200133
0.200133
0.211389
0.211389
0.226545
0.226545
0.192983
0.192983
0.1698
0.1698
0.161936
0.161936
0.164944
0.164944
0.14012
0.14012
0.149343
0.149343
0.144989
0.144989
0.157628
0.157628
0.177091
0.177091
0.18335
0.18335
0.18332
0.18332
0.185258
0.185258
0.170218
0.170218
0.171009
0.171009
0.159631
0.159631
0.162915
0.162915
0.140611
0.140611
0.123772
0.123772
0.113049
0.113049
-0.0272785
-0.0272785
-0.0107177
-0.0107177
-0.0217811
-0.0217811
-0.0442615
-0.0442615
-0.000349033
-0.000349033
-0.0140291
-0.0140291
-0.240277
-0.240277
-0.120774
-0.120774
-0.16827
-0.16827
-0.144744
-0.144744
-0.257694
-0.257694
-0.00650014
-0.00650014
-0.0225756
-0.0225756
-0.394169
-0.394169
-0.318123
-0.318123
-0.508964
-0.508964
-0.5363
-0.5363
-0.607536
-0.607536
0.562322
0.562322
0.671122
0.671122
0.495853
0.495853
0.280456
0.280456
0.284337
0.284337
0.508258
0.508258
0.606516
0.606516
0.244184
0.244184
0.413104
0.413104
0.444193
0.444193
0.211808
0.211808
0.486845
0.486845
0.198075
0.198075
0.197477
0.197477
0.195032
0.195032
0.194547
0.194547
0.196074
0.196074
-0.340399
-0.340399
-0.243124
-0.243124
-0.224854
-0.224854
-0.17622
-0.17622
-0.0621216
-0.0621216
0.0526857
0.0526857
-0.0415654
-0.0415654
-0.164852
-0.164852
-0.0245128
-0.0245128
-0.0137611
-0.0137611
0.304472
0.304472
0.320981
0.320981
0.265215
0.265215
0.290557
0.290557
0.290203
0.290203
0.116609
0.116609
0.19176
0.19176
0.246509
0.246509
0.20186
0.20186
0.245793
0.245793
0.267803
0.267803
0.228504
0.228504
0.258431
0.258431
0.206221
0.206221
0.164488
0.164488
0.163475
0.163475
0.110743
0.110743
0.130877
0.130877
0.108846
0.108846
0.091334
0.091334
0.188149
0.188149
0.166927
0.166927
0.176712
0.176712
0.168829
0.168829
0.188429
0.188429
0.21609
0.21609
0.211693
0.211693
0.236551
0.236551
0.248776
0.248776
0.173752
0.173752
0.136622
0.136622
0.145394
0.145394
0.172127
0.172127
0.134911
0.134911
0.147473
0.147473
0.161676
0.161676
-0.123156
-0.123156
-0.220305
-0.220305
-0.133832
-0.133832
-0.428574
-0.428574
-0.337899
-0.337899
-0.353583
-0.353583
-0.399443
-0.399443
-0.361395
-0.361395
-0.0742762
-0.0742762
-0.778475
-0.778475
-0.745892
-0.745892
-1.3841
-1.3841
0.145837
0.145837
0.632288
0.632288
0.369903
0.369903
0.343254
0.343254
0.401029
0.401029
0.377947
0.377947
0.38177
0.38177
0.410798
0.410798
0.417316
0.417316
0.332536
0.332536
0.352298
0.352298
0.354354
0.354354
0.302833
0.302833
0.329112
0.329112
0.357242
0.357242
0.354445
0.354445
0.18531
0.18531
0.0673772
0.0673772
0.0582998
0.0582998
0.0205038
0.0205038
-0.099575
-0.099575
-0.0691421
-0.0691421
0.131243
0.131243
0.0545822
0.0545822
-0.0161572
-0.0161572
-0.0112178
-0.0112178
0.1518
0.1518
0.0440785
0.0440785
0.107829
0.107829
0.145461
0.145461
0.0798767
0.0798767
0.0375822
0.0375822
0.23313
0.23313
0.301069
0.301069
0.290856
0.290856
0.26613
0.26613
0.181067
0.181067
0.192192
0.192192
0.218826
0.218826
0.255011
0.255011
0.281071
0.281071
0.316029
0.316029
0.184841
0.184841
0.190337
0.190337
0.191603
0.191603
0.189315
0.189315
0.186793
0.186793
0.189534
0.189534
0.189454
0.189454
0.191977
0.191977
0.192929
0.192929
0.195793
0.195793
0.194694
0.194694
-0.441793
-0.441793
-0.446564
-0.446564
-0.381837
-0.381837
-0.414217
-0.414217
-0.321339
-0.321339
-0.318526
-0.318526
-0.270109
-0.270109
-0.290212
-0.290212
-0.356575
-0.356575
-0.339886
-0.339886
-0.349066
-0.349066
-0.370577
-0.370577
-0.379211
-0.379211
-0.375612
-0.375612
-0.187388
-0.187388
-0.175779
-0.175779
-0.21752
-0.21752
-0.249815
-0.249815
-0.0646291
-0.0646291
0.0596506
0.0596506
0.12166
0.12166
0.0135189
0.0135189
-0.097644
-0.097644
-0.0761364
-0.0761364
-0.0415218
-0.0415218
-0.369562
-0.369562
-0.375941
-0.375941
-0.44364
-0.44364
-0.328012
-0.328012
-0.292128
-0.292128
-0.473754
-0.473754
-0.405694
-0.405694
-0.410034
-0.410034
-0.564794
-0.564794
-0.507752
-0.507752
-0.303796
-0.303796
-0.122237
-0.122237
-0.151457
-0.151457
-0.213091
-0.213091
-0.202505
-0.202505
-0.147367
-0.147367
0.171942
0.171942
0.166359
0.166359
0.167183
0.167183
0.161972
0.161972
0.16117
0.16117
0.173668
0.173668
0.177768
0.177768
0.179631
0.179631
0.184278
0.184278
0.185677
0.185677
0.177732
0.177732
0.181729
0.181729
0.185045
0.185045
-0.146228
-0.146228
-0.0387299
-0.0387299
-0.0744945
-0.0744945
-0.123277
-0.123277
-0.0695535
-0.0695535
-0.0371004
-0.0371004
-0.0646584
-0.0646584
-0.211583
-0.211583
-0.281604
-0.281604
-0.273626
-0.273626
-0.324093
-0.324093
-0.443075
-0.443075
-0.388598
-0.388598
0.133838
0.133838
0.123023
0.123023
0.140878
0.140878
0.359691
0.359691
0.214077
0.214077
0.128528
0.128528
0.215313
0.215313
0.320297
0.320297
-0.0668522
-0.0668522
0.129276
0.129276
-0.0394273
-0.0394273
0.536506
0.536506
0.424864
0.424864
0.56472
0.56472
0.201721
0.201721
-0.105386
-0.105386
0.0437953
0.0437953
0.0990375
0.0990375
-0.100276
-0.100276
-0.0271213
-0.0271213
-0.00240415
-0.00240415
-0.11253
-0.11253
-0.0814712
-0.0814712
-0.0535009
-0.0535009
0.0475845
0.0475845
-0.0768478
-0.0768478
-0.106599
-0.106599
-0.353253
-0.353253
-0.171611
-0.171611
-0.037506
-0.037506
-0.0588458
-0.0588458
0.071378
0.071378
0.135105
0.135105
-0.0937147
-0.0937147
-0.169607
-0.169607
-0.208738
-0.208738
0.294624
0.294624
0.315449
0.315449
0.333611
0.333611
0.30313
0.30313
0.32635
0.32635
0.250648
0.250648
0.24154
0.24154
0.26038
0.26038
0.270726
0.270726
0.264174
0.264174
-1.11366
-1.11366
-0.823846
-0.823846
-1.76391
-1.76391
-1.07101
-1.07101
-0.626498
-0.626498
0.177939
0.177939
0.131529
0.131529
0.429128
0.429128
0.315359
0.315359
0.395353
0.395353
0.376685
0.376685
0.332638
0.332638
0.29516
0.29516
0.305317
0.305317
0.342528
0.342528
0.0444495
0.0444495
0.151744
0.151744
0.126092
0.126092
0.134562
0.134562
0.0391718
0.0391718
-0.0282732
-0.0282732
0.269227
0.269227
0.262772
0.262772
0.299649
0.299649
0.324104
0.324104
0.291301
0.291301
0.325055
0.325055
0.183002
0.183002
0.182554
0.182554
0.181643
0.181643
0.17867
0.17867
0.176845
0.176845
0.179065
0.179065
-0.249491
-0.249491
-0.302992
-0.302992
-0.239493
-0.239493
-0.250274
-0.250274
-0.271393
-0.271393
-0.302501
-0.302501
-0.240034
-0.240034
-0.238255
-0.238255
-0.174248
-0.174248
-0.165982
-0.165982
-0.1519
-0.1519
-0.216319
-0.216319
-0.185387
-0.185387
-0.239433
-0.239433
-0.306333
-0.306333
-0.278246
-0.278246
-0.33653
-0.33653
-0.399976
-0.399976
-0.422224
-0.422224
-0.321182
-0.321182
-0.235153
-0.235153
-0.240491
-0.240491
0.0655103
0.0655103
0.315015
0.315015
0.14335
0.14335
0.309739
0.309739
0.146994
0.146994
0.205916
0.205916
0.142086
0.142086
0.140214
0.140214
0.176115
0.176115
0.037717
0.037717
0.111596
0.111596
-0.13646
-0.13646
-0.636374
-0.636374
-0.543654
-0.543654
0.439075
0.439075
0.459285
0.459285
0.243786
0.243786
0.0492198
0.0492198
-0.175788
-0.175788
0.0224809
0.0224809
0.21484
0.21484
0.153299
0.153299
0.193549
0.193549
0.261375
0.261375
0.25436
0.25436
-0.34635
-0.34635
-0.271167
-0.271167
-0.0375905
-0.0375905
0.189877
0.189877
-0.114736
-0.114736
-0.122599
-0.122599
-0.126889
-0.126889
0.0363494
0.0363494
-0.0331403
-0.0331403
))
(300 (2 1 3 0 0 1 918)(
0.985161 -0.000514268 0 
0.00500508 2.96625 0 
-0.0178779 1.53344 0 
0.979702 0.00215443 0 
-0.000892004 1.5226 2.58641e-20 
-0.00703427 2.94878 -1.85094e-18 
0.849042 1.19051 7.33303e-19 
0.389784 0.176471 -8.90865e-21 
0.999907 -0.00029128 0 
0.0524651 0.849676 0 
-0.0463991 0.701653 0 
0.739253 -0.0109198 0 
0.0110987 2.93035 0 
0.00200135 2.79451 0 
-0.0175124 3.16554 1.08486e-18 
0.017088 1.3707 9.07155e-20 
0.496881 0.0759346 5.56633e-19 
0.192243 1.21587 6.37998e-19 
0.96301 0.00504083 0 
-0.00948249 1.18996 0 
0.118416 0.227026 -4.62138e-19 
1.00204 -0.00498554 0 
1.00021 -0.00978975 0 
0.975717 -0.00645485 0 
0.645722 -0.0408448 0 
0.0167155 2.63459 0 
-0.0150347 2.91012 6.37964e-19 
-0.0277726 1.54887 0 
-0.0407708 1.70059 0 
-0.0261589 1.54285 0 
-0.00765004 1.9058 0 
0.0134225 1.55422 -2.04507e-20 
0.00660849 1.39827 0 
-0.0206261 2.98759 -6.46605e-23 
-0.0167016 3.00531 1.43875e-18 
0.00210609 3.00021 0 
0.870098 -0.00956732 0 
0.399108 0.937198 -3.51209e-20 
0.824736 1.20999 -1.02701e-18 
0.972624 1.04269 9.63108e-19 
0.69327 1.30682 -1.70124e-19 
0.691994 1.29701 9.51594e-19 
0.429168 0.270261 8.69185e-21 
0.422324 0.162094 0 
1.15935 0.560117 0 
0.391173 0.277232 4.04636e-20 
0.342186 0.174756 -4.19938e-20 
0.919574 -0.00745705 0 
1.00028 0.000145484 0 
0.999908 0.000345627 0 
1.00362 -0.00779884 0 
1.00096 -0.000984859 0 
1.00017 1.36258e-05 0 
0.0854771 1.78132 -2.04554e-19 
0.0235981 0.982486 0 
0.104231 0.931393 0 
0.0319029 0.920972 0 
0.0313802 0.769762 0 
-0.099257 1.79621 0 
-0.0336715 0.778968 0 
-0.00524734 0.626129 0 
-0.0491796 0.860566 0 
-0.0467175 0.817578 0 
0.831042 -0.0107101 0 
0.853542 0.018966 0 
0.765682 0.00196923 0 
0.837609 0.0210977 0 
0.724315 -0.0169784 0 
0.0147018 3.00039 6.77259e-19 
0.011528 3.00789 0 
0.00613867 3.00284 0 
0.0135415 2.99732 7.54614e-24 
0.00799815 2.95847 -1.00657e-18 
0.0144803 2.98208 0 
0.0107775 2.90366 0 
0.0251577 2.93045 1.3439e-24 
0.00421125 2.82483 0 
0.0312476 2.91564 0 
-0.00641623 2.7446 0 
0.311578 3.56616 0 
-0.132321 3.64847 0 
0.141406 3.25636 -1.00962e-18 
-0.0112283 2.98855 0 
-0.0616652 1.85527 0 
0.0546885 1.5429 -8.94992e-20 
0.014827 1.3342 1.35035e-19 
0.564078 0.157087 -1.91815e-19 
0.500247 0.0454766 -1.86015e-19 
0.545154 0.177701 -5.77704e-19 
0.487598 0.0981771 -3.89662e-19 
0.219364 0.906574 0 
0.271751 1.36053 -6.64984e-19 
0.392097 1.31453 1.09196e-18 
0.987693 0.0086045 0 
0.942153 0.00596043 0 
1.0003 0.000580724 0 
1.00286 0.00930507 0 
1.003 0.00845251 -1.07406e-18 
0.991929 0.00968635 8.11011e-19 
-0.0335767 1.3199 0 
-0.0335833 1.1288 0 
-0.0425155 1.5491 0 
-0.0303091 1.41098 0 
-0.00653001 1.26498 0 
0.174736 0.235998 1.42433e-19 
0.222669 0.212452 0 
0.993524 -0.00835061 0 
0.954368 -0.00641523 0 
0.804337 0.0274639 0 
0.769636 0.0386217 0 
0.699609 -0.0317466 0 
0.975272 -0.00372502 0 
0.708439 0.0554114 0 
0.551375 -0.0197397 7.4122e-19 
-0.0360267 2.86542 3.22971e-19 
0.043158 2.90831 0 
0.0559654 2.88365 0 
-0.00513697 2.69745 0 
-0.0132301 2.98522 5.85478e-19 
-0.0182128 2.8954 0 
-0.0153743 2.98813 -1.8542e-18 
-0.0134206 2.92522 6.40626e-19 
-0.0550741 1.77755 0 
-0.0531259 1.79326 0 
0.0322237 1.54314 1.94042e-21 
0.0207209 1.52943 0 
0.000190272 1.38582 0 
0.937219 -0.00707403 0 
0.855571 -0.00918417 0 
0.864848 0.00790847 0 
0.948637 -0.00769495 0 
0.883262 -0.00872883 0 
0.512931 1.13248 3.28918e-20 
0.56419 1.1864 0 
0.359393 0.877123 3.90735e-21 
0.30216 0.738518 0 
0.932453 1.08097 -2.7866e-19 
1.04581 0.879658 5.7063e-19 
0.386203 1.40262 0 
0.547034 1.37418 0 
0.549043 1.33408 0 
0.100195 0.161657 -1.28645e-19 
0.472514 0.254947 0 
0.456499 0.152139 1.1202e-19 
1.01588 0.933875 0 
1.08349 0.779042 0 
1.10865 0.721497 -5.00622e-19 
1.13951 0.619379 0 
1.19067 0.403798 5.78084e-20 
0.957287 -0.00872608 0 
0.962181 -0.0101092 0 
0.901175 -0.00809003 0 
0.984159 -0.00914924 0 
0.974526 -0.00944685 0 
0.936961 -0.00627539 0 
1.00018 0.0023446 0 
1.00086 0.00138426 0 
0.999918 0.000855963 0 
0.0377737 2.02659 1.36099e-19 
0.1233 1.70707 0 
0.0169763 2.12661 9.7162e-20 
0.0448066 1.85937 -1.58906e-20 
0.136428 1.20585 -5.28663e-19 
0.0494773 1.06996 0 
0.0968926 1.07195 0 
-0.00212296 0.852979 0 
-0.00620423 0.709306 0 
-0.0690172 2.05638 3.30735e-21 
-0.0374478 1.90148 0 
-0.0863811 1.91946 2.0684e-19 
-0.101388 1.62543 -4.24879e-19 
0.0208116 0.807707 0 
0.0110646 0.768554 0 
0.000171278 0.649075 0 
-0.0599554 0.968854 0 
-0.0484805 0.915848 0 
0.926308 0.0114315 0 
0.844278 -0.00586119 0 
0.917745 0.000693314 0 
0.835078 -0.0118942 0 
0.813422 0.00557876 0 
0.903948 0.0166499 0 
0.881646 0.0195978 0 
0.788506 0.00378248 0 
0.0059146 3.06493 -5.93733e-21 
0.0164661 3.0579 0 
0.0147022 2.96914 0 
0.00859749 2.87636 0 
0.930183 3.98662 0 
1.24621 3.31715 1.01619e-18 
0.0714475 3.08056 0 
-0.0267218 2.90936 0 
-0.077133 1.78358 0 
-0.0830484 1.8382 0 
-0.0652963 1.81007 0 
-0.0315616 1.89947 4.04679e-21 
-0.0733451 1.87533 0 
-0.0457991 1.86832 0 
-0.00931288 1.37445 -2.39211e-20 
0.0487344 1.56945 -2.20687e-19 
0.0633471 1.54271 -1.37872e-19 
0.00246593 1.3184 0 
0.59488 0.12449 2.81863e-19 
0.51593 0.0173495 -2.75101e-19 
0.259949 1.535 0 
0.260053 0.676155 -2.07445e-19 
0.171953 1.62409 -6.9507e-19 
0.230629 1.15646 6.96932e-19 
0.902936 0.00663058 0 
0.967683 0.0108436 0 
0.974779 0.0108097 0 
0.923824 0.00668198 0 
-0.0642742 1.09379 0 
-0.0474792 1.21839 0 
-0.0517632 1.0331 0 
0.340284 0.271077 3.70567e-19 
0.284183 0.250466 -4.50669e-19 
0.292081 0.192672 0 
1.10156 0.086358 -4.10661e-21 
1.08604 0.0402399 0 
1.01373 0.0402138 0 
0.912417 0.00378816 0 
0.617536 0.0953053 0 
0.648871 0.068959 -1.1934e-18 
0.531678 0.00262381 4.56078e-19 
0.00963818 2.9822 4.13118e-19 
-0.0319736 2.86756 4.90078e-20 
0.00372246 3.05022 -1.28406e-20 
0.0200242 3.04346 4.61651e-19 
-0.0150102 2.99655 2.1313e-20 
-0.0129651 2.94942 -8.63085e-23 
-0.017278 3.01201 -4.04597e-19 
0.0147919 3.02406 2.92695e-19 
0.00730518 3.03677 -4.56788e-19 
0.928769 -0.00149289 0 
0.936792 -0.00325547 0 
0.843097 -0.00740676 0 
0.957072 0.0113557 0 
0.943774 0.0126645 0 
0.883007 0.00644789 0 
0.919715 0.0153431 0 
0.927851 0.0144825 0 
0.840364 0.00681949 0 
0.720154 1.41577 3.32875e-19 
0.755074 1.52641 0 
0.218627 0.353578 2.43984e-20 
0.178452 0.609774 2.10635e-19 
0.26528 0.698729 -1.17471e-19 
0.246403 0.574293 2.17861e-19 
0.302816 0.717581 7.36698e-19 
0.111024 0.192355 2.13931e-19 
0.528394 0.205119 4.17801e-19 
0.505424 0.235342 1.055e-19 
0.480779 0.130609 2.11133e-19 
1.17961 0.460719 3.00495e-19 
1.19554 0.256194 3.12932e-19 
0.0151143 2.14283 -9.21633e-21 
0.0270978 1.93586 0 
0.965071 0.0312699 0 
0.932983 0.0187644 0 
0.868598 -0.00498153 0 
0.0111017 3.07451 0 
0.0199645 2.94423 7.90259e-19 
0.0165007 2.95643 0 
0.00617652 2.85065 -7.83774e-19 
0.00624049 3.09205 1.87065e-19 
0.00718052 3.08236 0 
0.788878 1.83115 -2.40915e-19 
1.25362 2.51366 6.64118e-19 
0.771494 1.97204 -1.49866e-18 
0.0207575 2.98345 -2.99927e-19 
0.0368633 3.00541 0 
-0.0328729 2.88087 0 
-0.0582905 1.75318 -1.83e-20 
0.0137545 1.65533 5.04771e-19 
-0.0179733 1.48755 -1.96275e-20 
0.276114 1.34411 6.75099e-19 
0.210797 0.452338 -4.65488e-19 
0.0621194 1.95369 4.49436e-19 
0.135743 1.84585 -5.67112e-19 
0.180225 1.44644 8.56465e-20 
0.00585889 3.11797 -9.8211e-19 
0.0139961 3.11851 1.06344e-18 
-0.00892884 2.98065 5.08707e-19 
-0.00329817 2.97752 -4.49914e-19 
-0.0216652 2.88174 -5.18107e-19 
0.0086058 3.09871 -1.3672e-18 
0.00187972 3.10638 1.35789e-18 
0.242014 0.632724 0 
0.197242 0.622954 -3.90214e-19 
0.109001 0.208741 1.77201e-19 
0.325801 0.838611 6.40781e-19 
0.172434 0.231994 -9.8023e-19 
1.18778 0.172943 -5.90517e-20 
1.19481 0.309117 0 
1.17656 0.120796 1.22655e-19 
-0.066509 2.12367 2.52457e-21 
-0.0266123 2.16647 0 
-0.0187875 1.95756 0 
0.335793 1.23677 -2.45278e-19 
0.351897 1.05187 -5.20043e-19 
0.186194 0.325903 8.93146e-19 
1.00583 -0.0109544 0 
1.00762 -0.0076486 1.95788e-19 
-0.0669115 1.7405 0 
-0.0732315 1.73951 0 
1.00224 0.00352128 1.82901e-21 
1.00357 0.00930284 4.03188e-19 
-0.030082 1.92071 -5.21223e-21 
-0.0179204 1.93645 0 
0.0385684 3.18218 1.10636e-19 
0.400252 3.50081 0 
1.12246 0.643369 6.72592e-20 
1.01308 0.0129887 -2.01526e-21 
1.02098 -0.0106806 0 
1.00174 6.17649e-05 8.90467e-23 
0.117297 1.35724 0 
0.136162 2.57174 0 
-0.093524 1.02964 0 
-0.0923663 2.6839 -2.80331e-19 
-0.235396 2.57368 -2.00325e-19 
1.00793 0.0238605 2.87627e-21 
1.05411 -0.00316336 0 
1.07821 0.0269893 0 
-0.0958809 1.83495 0 
-0.0391872 2.07615 0 
-0.161842 1.56904 0 
0.284943 1.46622 -4.39396e-19 
1.01123 -0.00965155 0 
1.00942 -0.0150926 0 
1.00252 0.000583778 2.49984e-19 
1.00547 -0.0049586 -2.94211e-19 
1.00122 -0.00103965 0 
-0.125364 1.79739 0 
-0.0930179 1.73956 0 
-0.0967868 1.77914 0 
-0.140845 1.58197 0 
-0.0925332 1.66506 0 
-0.102186 1.6434 0 
1.03449 -0.00757213 0 
1.02063 0.0149945 -1.14224e-21 
0.780424 1.25868 5.21883e-19 
1.00218 0.000339939 -2.47767e-19 
1.00408 0.00525621 2.93932e-19 
1.00119 0.00207366 0 
1.01293 0.0102572 2.4289e-19 
1.00801 0.00815755 -3.01686e-19 
1.00876 0.0145563 0 
-0.0327788 2.06478 0 
-0.0297294 1.99061 -4.09218e-20 
-0.0187691 2.00452 3.47292e-20 
1.19471 0.259505 -7.94207e-20 
1.13271 0.088482 0 
0.0498506 3.07764 -5.08584e-19 
0.0676149 2.85181 -4.06623e-20 
0.146788 3.19595 8.13237e-19 
0.14128 3.22513 6.7601e-22 
0.139322 3.24035 0 
0.0206135 3.13813 1.10158e-19 
0.0794748 3.16171 4.95394e-19 
0.0722061 3.18858 -2.12974e-19 
0.0240734 3.12904 0 
0.659695 0.324219 0 
0.581663 0.372706 0 
1.09458 0.673186 -2.56836e-19 
1.09314 0.809035 3.96278e-19 
1.15227 0.561772 0 
1.18384 0.506933 0 
1.01616 0.0131068 -4.49243e-19 
1.01499 0.0140228 5.60895e-19 
1.02505 -0.0105573 0 
1.02317 -0.0122212 0 
1.0068 0.00244653 0 
1.01057 0.0035554 0 
1.00449 0.00166226 0 
1.00992 0.0062581 0 
1.0079 0.00603568 0 
1.00436 0.00435895 0 
0.109631 1.35272 0 
0.105304 1.29173 0 
0.119581 1.38899 0 
0.141801 1.39964 0 
0.140649 2.59385 0 
0.184763 2.6519 -1.98787e-19 
0.105991 2.64692 0 
0.0801577 2.65283 -2.09756e-20 
0.0342892 2.66541 2.20394e-19 
-0.102178 1.02838 0 
-0.137949 1.00943 0 
0.0141842 1.04109 0 
0.0318623 0.956272 0 
-0.00824325 2.26875 4.55106e-19 
-0.228345 2.63136 -3.38464e-19 
-0.158137 2.71173 -4.02032e-19 
-0.190369 2.67683 0 
-0.225573 2.57098 4.86924e-19 
-0.204923 2.49987 3.61299e-19 
-0.0268335 2.30467 -3.34028e-19 
-0.230062 2.59098 4.76506e-19 
-0.188998 2.58282 5.11491e-19 
1.01642 0.0328695 4.43658e-19 
1.00907 0.0206761 -5.47966e-19 
1.00849 0.0328511 -4.57317e-19 
0.990617 0.0137682 5.91139e-19 
1.05472 0.00069478 0 
1.04221 -0.0149277 0 
1.07598 0.0327943 0 
1.05988 0.00825548 0 
1.05681 0.00146636 0 
1.1168 0.079328 0 
1.089 0.0477369 0 
1.09078 0.040409 0 
-0.0787681 1.9157 -2.02848e-22 
-0.118831 1.88125 0 
-0.087677 1.88491 0 
-0.0705233 2.159 -3.75359e-20 
-0.0566965 2.18275 3.6197e-21 
-0.219329 1.83963 -1.04318e-20 
-0.152583 1.79601 1.05699e-20 
-0.19761 1.66649 0 
-0.154837 1.71497 0 
-0.132986 1.72729 0 
-0.203103 1.50043 0 
-0.132388 1.39517 0 
0.375593 1.4793 8.33949e-19 
0.404176 1.49315 3.28925e-19 
0.591952 2.43506 -1.53387e-19 
0.409753 2.52885 4.20244e-19 
0.357105 2.08723 -5.06808e-20 
1.02097 -0.00866848 0 
1.01543 -0.0100744 0 
1.01476 -0.0155976 0 
1.00784 -0.00138308 0 
1.00482 -0.00128042 0 
1.00767 -0.00479431 0 
1.00916 -0.00368734 0 
1.0141 -0.00461042 0 
1.02158 0.0155888 4.26944e-19 
1.01764 0.0156156 -5.49727e-19 
1.02251 0.0179584 -4.2689e-19 
1.01921 0.0171393 5.34525e-19 
0.752428 1.30917 0 
0.686866 1.36444 6.15613e-19 
0.858023 1.20054 3.59852e-19 
0.903568 1.15712 -4.78977e-19 
1.15445 2.61802 -5.57522e-19 
0.834584 0.102329 2.89839e-19 
1.13337 0.102384 0 
1.17672 0.183069 6.82659e-20 
1.16206 0.157853 3.01893e-21 
0.989653 0.124557 0 
0.144388 2.96469 1.36574e-19 
0.12229 2.8705 -6.62868e-19 
0.0332563 2.36156 4.7499e-19 
0.0988406 0.0663678 -1.99711e-19 
0.345016 3.42913 -4.41522e-19 
0.199124 3.31975 0 
0.240677 3.36385 5.75001e-19 
0.253155 3.03842 -7.63972e-19 
0.347645 3.19821 0 
0.00665425 3.12071 2.60211e-20 
0.0179727 3.12943 -3.30368e-19 
0.0155416 3.12542 4.86252e-19 
0.0369004 3.1399 0 
0.0353224 3.15137 0 
1.2188 2.6192 0 
0.535791 0.847513 -2.38092e-19 
1.02394 0.983816 -2.05335e-19 
0.961958 1.05032 0 
0.804507 0.948834 5.54624e-20 
1.0463 0.864785 2.98802e-20 
0.396153 0.432437 -5.31318e-19 
0.699242 0.340903 -2.42761e-20 
0.684516 0.27095 2.2635e-19 
0.595385 0.403378 1.75988e-20 
0.528723 0.378984 -7.20802e-19 
0.669637 0.357723 0 
0.693417 0.430163 3.70643e-19 
0.695235 0.428599 0 
0.628276 0.392246 0 
0.616303 0.325997 0 
0.776 0.598694 1.29245e-19 
1.19273 0.277006 5.11582e-20 
1.18937 0.411237 0 
1.20105 0.36131 0 
0.770419 0.200787 3.32525e-19 
0.823804 0.53903 -1.83993e-19 
0.733522 0.507703 2.99679e-19 
0.916117 0.419079 -2.79429e-19 
1.01964 0.0144753 2.95825e-19 
1.0179 0.0140259 -3.02527e-19 
1.01585 0.0153858 0 
1.0352 -0.00644635 0 
1.02934 -0.00918552 -2.71776e-19 
1.02709 -0.0131155 2.68975e-19 
1.02522 0.00911442 0 
1.02412 0.0127009 0 
1.01137 0.00378378 0 
1.01429 0.00860461 0 
1.01514 0.00325996 0 
1.01421 0.00238632 0 
0.105033 1.30385 0 
0.102322 1.1576 0 
0.13362 1.36765 3.38942e-19 
0.266894 1.46129 2.51557e-19 
0.171205 1.43456 5.36952e-19 
0.195933 1.43938 -8.7376e-19 
0.1686 1.38006 0 
0.115715 1.5945 2.73883e-19 
0.0728735 1.56208 0 
0.35334 2.04241 7.36622e-20 
0.352046 2.36548 2.28815e-19 
0.159513 1.45657 -2.39292e-19 
0.267924 1.36015 1.91484e-19 
0.189674 1.363 -1.53667e-19 
0.280612 1.30461 3.2097e-19 
0.254339 1.58167 0 
0.253938 1.62732 -2.13053e-19 
0.05388 2.29842 1.08396e-19 
0.0391741 2.66863 0 
0.0604646 2.39515 -1.67352e-19 
0.0439915 2.41925 0 
0.079448 2.65372 2.19311e-20 
0.0551623 2.68986 0 
-0.0131903 1.46043 5.35511e-19 
0.141258 1.63264 0 
0.141969 1.33941 0 
0.0184718 1.27097 -6.03617e-19 
-0.0823207 2.70195 -3.88831e-20 
0.022532 2.70342 -3.20052e-19 
-0.0528078 2.7306 -2.01008e-21 
-0.378823 2.20589 -2.65794e-19 
-0.196466 2.09977 -2.08246e-19 
-0.147964 1.0893 0 
-0.113297 1.08782 0 
0.167712 1.74282 -5.83136e-19 
0.188221 1.49642 -6.00756e-19 
0.155973 1.68039 7.55838e-19 
0.151491 1.73856 0 
-0.205438 2.04106 1.3771e-19 
-0.166292 2.16447 -6.15449e-20 
-0.204547 2.2264 2.4179e-20 
-0.38363 2.10253 3.21618e-19 
-0.258672 2.39346 7.39535e-20 
-0.267864 2.45417 -3.81855e-19 
1.02131 0.0219756 -2.9079e-19 
1.01793 0.0274249 2.92533e-19 
1.01408 0.020122 0 
1.01252 0.0503774 4.21375e-19 
0.995635 0.0391352 -4.95564e-19 
0.963341 0.0228673 5.74777e-19 
1.01218 0.0858304 -5.44646e-20 
1.04096 -0.00706429 0 
1.04563 -0.00690065 2.42561e-19 
1.03624 -0.0132367 -2.42575e-19 
1.06337 0.03879 -1.32774e-20 
1.05663 0.0178785 1.1852e-19 
1.06075 0.0495729 0 
1.05604 0.0409218 -4.44115e-20 
1.03966 0.0320713 0 
1.03485 0.0288868 0 
1.02714 0.0123255 0 
1.02507 0.0150661 0 
1.04695 0.0262994 9.25487e-20 
1.0433 0.0178298 -2.10609e-19 
1.05339 0.0224546 -9.28013e-20 
1.05207 0.0244481 -1.08429e-19 
1.06539 0.0581985 1.9242e-19 
1.08032 0.0517792 0 
1.08698 0.094876 0 
-0.196712 2.02027 4.80253e-20 
-0.145057 1.89808 9.11888e-22 
-0.159724 1.92866 0 
-0.110335 2.02143 -4.80588e-20 
-0.0774711 1.94204 -7.07982e-22 
-0.0942341 1.97699 6.26642e-21 
-0.178485 2.4688 -3.53194e-19 
-0.195566 2.30465 1.18069e-20 
-0.249648 2.37202 -7.09122e-20 
-0.113919 2.31876 1.43628e-19 
-0.126087 2.33775 -1.63567e-19 
-0.288934 1.75381 -3.11955e-21 
-0.257743 1.85617 -3.11749e-20 
0.370341 1.40274 -4.13141e-19 
0.368535 1.35278 -3.95281e-19 
0.637608 1.41293 -5.94525e-19 
0.508156 1.47735 -3.18737e-19 
0.555848 1.4514 0 
0.589524 2.40778 1.2232e-19 
0.656267 2.39485 2.21848e-19 
0.414002 2.50501 7.98004e-20 
0.408545 2.55068 -1.6278e-19 
0.517232 2.50727 2.66836e-19 
0.546648 2.44786 0 
0.490556 2.49508 -3.5193e-19 
0.246206 2.58132 5.77535e-19 
0.354542 2.55588 -8.14461e-20 
0.284506 2.63859 -8.81935e-19 
0.925502 2.37943 2.2186e-19 
0.824805 2.37343 0 
1.01038 0.000156523 9.84641e-21 
1.01479 -0.00568742 -8.02899e-21 
1.01787 -0.00386255 -1.45283e-19 
1.01487 -0.000693126 1.455e-19 
1.01214 0.0010002 0 
0.622237 1.2763 0 
0.633065 1.16157 0 
0.732913 1.07328 0 
0.627468 1.12261 0 
1.18401 2.63425 5.72129e-20 
1.0703 2.37119 0 
0.844286 2.23046 -1.83599e-21 
0.823755 2.48017 0 
0.918865 2.56664 2.62534e-20 
0.955316 2.52041 -1.75239e-20 
0.842822 0.146619 0 
0.812841 0.140214 8.36384e-20 
0.927519 0.124542 4.27677e-19 
0.863916 0.116427 -1.71014e-19 
0.846796 0.0649997 -5.1528e-19 
1.04329 0.21735 -2.41019e-19 
0.959639 0.272704 -1.57141e-20 
0.904564 0.272851 3.89548e-19 
0.976192 0.199425 2.87264e-19 
0.938485 0.159606 -5.38201e-19 
0.911878 0.169142 6.98012e-20 
0.93955 0.23301 -1.35196e-19 
0.915943 0.1927 0 
0.974745 0.157297 2.57702e-19 
1.02013 0.165189 0 
1.01314 0.191466 0 
1.07976 0.110309 8.12022e-20 
1.04433 0.158116 -1.30703e-20 
1.03757 0.220122 -4.55983e-20 
1.07331 0.192384 0 
1.02756 0.0326384 2.20086e-19 
1.04643 0.0477081 2.60887e-19 
1.0418 0.0328527 -2.174e-19 
1.04521 0.0535095 -1.7593e-19 
1.02369 0.0561553 -2.96342e-19 
0.976027 0.126716 0 
0.992724 0.0794839 0 
0.969167 0.0426703 -2.07908e-19 
0.931725 0.0588496 8.65212e-20 
1.03244 0.0861021 2.47295e-19 
1.04939 0.111204 -2.49519e-19 
1.05462 0.138385 2.28491e-19 
1.02043 0.125606 0 
1.05899 0.0989959 0 
1.04705 0.0809473 -1.03834e-19 
1.04237 0.0826321 -1.98151e-19 
0.579266 1.08457 -9.66585e-20 
0.618426 1.43731 1.98127e-19 
1.15782 2.75754 1.04491e-19 
1.2253 3.09553 -7.1477e-20 
1.24864 2.73472 5.68265e-19 
1.28119 2.71867 -3.42729e-19 
1.2083 2.35551 -8.57089e-21 
1.21145 2.99936 1.97164e-19 
1.2295 2.96438 -2.19218e-19 
1.21762 3.24924 -2.69744e-19 
1.38 2.98112 3.73486e-19 
1.37285 2.89853 0 
0.530789 0.857394 -1.29714e-20 
0.157596 1.27847 3.75279e-19 
0.52671 0.502345 3.49019e-19 
0.365392 0.270549 3.81816e-19 
0.545226 0.404325 4.04847e-19 
0.553671 0.486856 -6.27731e-19 
0.555438 0.489184 5.15457e-19 
0.512238 0.435808 -2.09825e-19 
0.452354 0.371926 4.81711e-19 
0.776229 0.251226 -1.86024e-19 
0.733515 0.291944 0 
0.728126 0.227435 1.07071e-20 
0.720688 0.516663 1.8972e-19 
0.687386 0.486542 -7.01222e-19 
0.6148 0.478302 1.79956e-20 
0.624931 0.466379 0 
0.666074 0.72067 1.50012e-19 
0.801927 0.752365 5.79451e-20 
0.725045 0.831116 -7.55537e-20 
0.843814 0.788942 -1.65311e-20 
0.875308 0.83252 1.42324e-20 
0.884074 0.83273 -1.45763e-20 
0.817336 0.634548 -2.21577e-19 
0.893059 0.688652 1.53737e-20 
0.946824 0.700901 0 
0.936876 0.678182 -1.39562e-20 
0.986023 0.312342 6.12847e-20 
1.10355 0.285822 1.82828e-21 
1.02738 0.252038 9.84007e-20 
0.968237 0.344514 -1.41578e-19 
1.01543 0.406096 0 
1.06585 0.395618 0 
0.890707 0.35287 4.9256e-21 
0.834448 0.283083 0 
0.85272 0.276189 2.00615e-19 
0.886774 0.279327 -5.86625e-21 
0.907655 0.42283 7.64658e-19 
0.869041 0.485479 1.93303e-19 
0.870392 0.450767 -2.50137e-19 
0.800425 0.438281 2.68392e-19 
0.785417 0.438838 1.83193e-19 
0.752414 0.421831 -1.79768e-19 
1.02678 -0.000736073 2.32809e-19 
1.01992 -0.000134747 0 
1.01839 0.000898824 1.55299e-19 
1.02215 -0.00156002 -3.49498e-19 
1.02211 0.00407369 1.69526e-19 
1.02047 0.0107089 -3.55915e-19 
1.02138 0.0102557 0 
1.02087 0.010729 -7.5225e-20 
1.01584 0.00752012 1.88452e-19 
1.01669 0.0101752 -9.48487e-20 
1.01772 0.00933378 7.00816e-20 
0.0735452 1.08214 0 
0.179198 1.23818 0 
0.0971454 1.16098 0 
0.0792599 1.02463 0 
0.130011 1.37836 -7.00017e-19 
0.120959 1.3518 2.16661e-19 
0.12392 1.48117 1.57697e-19 
0.0970032 1.38676 -1.85873e-19 
0.184691 1.51446 5.07263e-19 
0.187145 1.48626 -3.90289e-19 
0.170128 1.36308 -3.00659e-20 
0.207787 1.35281 4.88774e-19 
0.195805 1.27698 7.31934e-20 
0.208151 1.27744 6.84814e-20 
0.0916759 2.36588 1.90614e-19 
0.0891245 2.42335 0 
0.151298 2.06806 -5.00445e-20 
0.0745373 1.71857 -1.18407e-19 
0.232561 2.05499 3.0382e-20 
0.21333 2.45637 0 
0.268689 2.40812 -1.12007e-19 
0.303705 2.40778 7.98094e-20 
0.241904 2.01103 9.74737e-20 
0.147494 2.1896 -4.72919e-21 
0.138147 2.31626 0 
0.122801 2.01124 5.52764e-19 
-0.0318744 2.53763 6.35636e-19 
0.0317142 2.36019 0 
0.0293299 2.51437 -2.682e-20 
0.0202361 2.35554 -2.52427e-19 
-0.169763 1.28161 -8.11615e-20 
-0.214114 1.27912 1.23722e-18 
-0.25459 1.34979 -2.80922e-19 
-0.234649 1.43632 -4.96443e-19 
-0.0585935 1.43954 0 
-0.284428 1.29843 0 
-0.216453 1.34037 -1.53881e-19 
-0.30722 1.37052 4.87074e-20 
-0.284926 1.30669 0 
-0.198692 1.19108 -1.43275e-19 
-0.146512 1.23665 2.55295e-19 
1.04121 0.00478799 0 
1.04305 0.00185171 -2.26308e-20 
1.04335 0.0143197 -1.67416e-19 
1.05049 0.0104791 0 
1.04984 0.00842687 0 
1.03669 0.00604845 -6.44451e-21 
1.0323 0.00793152 2.75884e-19 
1.03262 0.0121606 3.33222e-19 
1.02691 0.0186907 0 
1.02526 0.0198735 0 
1.0383 0.020206 1.68446e-19 
1.03061 0.0245091 0 
1.02803 0.0233495 0 
-0.373811 2.07179 0 
-0.308619 1.87934 -1.659e-20 
-0.325698 2.01479 -3.61625e-20 
-0.310202 1.48924 0 
-0.382037 1.81842 -7.64097e-20 
-0.319634 1.70945 9.58537e-21 
-0.307505 1.56841 0 
0.387312 1.68748 0 
0.367769 1.28293 6.50228e-19 
0.303567 1.33722 0 
0.41559 1.27609 -8.46139e-19 
0.459696 1.44264 0 
0.43874 1.39129 3.97202e-19 
1.02767 2.70526 -4.06644e-21 
0.950154 2.41464 -2.80268e-19 
0.888928 2.1705 3.17108e-19 
0.838263 2.36708 1.17629e-19 
0.843102 2.51975 0 
0.908669 2.51473 0 
0.904086 2.37323 0 
0.894529 2.34741 -4.42916e-19 
0.689475 2.49482 -1.46315e-20 
0.79958 2.48753 -1.30284e-20 
0.808477 2.45985 9.98159e-21 
0.68779 2.37479 0 
0.789314 2.37447 0 
0.75138 2.38316 -2.26179e-19 
0.766537 2.50535 0 
0.586893 1.09003 0 
0.483518 0.94234 2.2772e-21 
0.535081 0.971395 -1.16944e-21 
0.514142 1.06379 0 
0.51497 1.02048 -7.69089e-22 
0.747158 0.854539 1.40008e-20 
0.760364 0.998021 0 
0.733945 0.95388 -6.37977e-20 
0.610485 1.02121 0 
0.619449 0.936753 0 
1.16248 2.77737 5.83912e-20 
1.14053 2.84175 1.25462e-19 
0.934846 2.36926 -2.8606e-19 
0.901893 2.34366 3.64812e-20 
1.12589 2.74855 0 
1.077 2.71912 -4.36423e-20 
1.0828 2.49514 -7.41435e-20 
0.978668 2.23211 -2.97635e-20 
0.492559 1.37066 0 
0.502209 1.07288 8.51974e-20 
0.541411 1.14999 0 
0.857783 0.218853 0 
0.819915 0.173829 0 
0.777832 0.163105 0 
0.849752 0.2243 -3.15513e-19 
0.796189 0.222928 1.94568e-19 
0.93968 0.0505647 -1.77704e-19 
0.952987 0.0994073 0 
0.925454 0.10468 7.98766e-20 
0.887577 0.0810773 3.27419e-19 
0.875618 0.0463317 -2.00906e-19 
1.16768 3.37462 -9.84443e-19 
1.21375 3.29404 0 
1.16733 3.40118 -1.93544e-18 
0.653881 3.56126 1.66216e-18 
0.881757 3.12636 3.78544e-19 
0.510686 0.885068 2.295e-19 
0.43593 0.876357 0 
0.360335 0.535604 -8.48103e-20 
0.45799 0.691473 3.86153e-19 
0.534183 0.501587 -1.11951e-19 
0.516319 0.530966 1.31077e-19 
0.659491 0.530622 2.67345e-19 
0.686814 0.549633 0 
0.646361 0.615834 0 
0.597069 0.551165 0 
0.945041 0.585128 -5.34177e-20 
0.873091 0.5306 -1.86833e-19 
0.898247 0.563901 8.64821e-20 
0.925818 0.501789 -1.37324e-19 
1.03003 0.463085 0 
1.04102 0.554551 -5.04744e-21 
0.824679 0.39063 -4.04944e-19 
0.829274 0.373647 -4.67147e-19 
0.780687 0.390162 3.17668e-19 
0.774071 0.35628 -3.59673e-19 
0.828817 0.306158 -2.66092e-19 
0.782374 0.310051 3.27303e-19 
1.02595 0.00555436 -1.79812e-19 
1.0258 0.00564421 3.68694e-19 
1.03058 -0.000806304 2.20403e-19 
1.03272 0.000701495 -2.68035e-19 
1.03373 0.00458816 0 
1.03031 0.00552511 -4.31178e-19 
0.109682 1.70221 -6.66978e-20 
0.120959 1.63852 0 
0.0979443 1.72078 -5.19181e-19 
0.0906199 1.69587 4.75942e-19 
0.117177 1.52802 -2.89401e-19 
0.176286 1.54314 0 
-0.465761 2.07434 0 
-0.427946 1.71446 6.85667e-20 
-0.450681 1.67523 -6.20738e-20 
-0.385726 1.83932 -2.59845e-20 
-0.37914 2.0973 8.8721e-20 
-0.415414 2.11997 -6.37654e-20 
0.486565 1.38243 4.24279e-19 
0.47735 1.38707 -4.55788e-19 
0.431361 1.27495 4.21636e-19 
0.421185 1.29661 -2.5882e-20 
0.612053 1.27632 0 
0.532343 1.37336 5.40037e-19 
0.552851 1.3935 -5.25146e-19 
0.440682 1.25949 -4.07557e-19 
0.489032 1.21538 0 
0.544826 1.17814 0 
0.656868 2.45347 2.14822e-20 
0.668877 2.47476 5.31318e-19 
0.716025 2.49132 -3.65562e-19 
0.626433 2.47393 -1.19088e-19 
0.562889 2.57024 9.85565e-20 
0.514634 2.54097 -2.98853e-19 
0.962703 2.37577 -1.70835e-19 
1.00698 2.39729 0 
0.903484 2.14716 -2.43623e-19 
1.04554 2.69967 0 
1.04745 2.6869 0 
0.626642 2.29265 2.41936e-19 
1.04744 3.17536 4.84492e-19 
0.918453 3.04433 -4.30365e-19 
0.294196 0.960907 0 
0.348497 0.83337 -1.56091e-19 
0.498961 0.787011 -7.12548e-20 
0.407227 2.04048 0 
0.47334 2.79158 -2.635e-19 
0.434077 2.55632 0 
0.679544 0.663112 -3.11053e-19 
0.749287 0.658616 3.94357e-19 
0.773928 0.610949 -3.85077e-19 
0.672045 0.636216 -4.6238e-20 
0.719834 0.590055 -1.8827e-19 
1.00757 2.78232 -3.68321e-19 
1.0406 2.8375 2.90203e-19 
0.652057 2.18873 5.0952e-20 
0.60863 1.73914 -6.72733e-20 
0.703757 1.92746 1.13353e-19 
0.991786 2.46528 -6.82469e-20 
0.994445 2.46339 -1.65698e-19 
0.67391 1.87583 -5.35515e-21 
0.458857 1.35338 -7.98936e-20 
))
(300 (2 10 3 0 0 919 1018)(
0 0 0 
0 0 0 
0 0 0 
0 0 0 
0 0 0 
0 0 0 
0 0 0 
0 0 0 
0 0 0 
0 0 0 
0 0 0 
0 0 0 
0 0 0 
0 0 0 
0 0 0 
0 0 0 
0 0 0 
0 0 0 
0 0 0 
0 0 0 
0 0 0 
0 0 0 
0 0 0 
0 0 0 
0 0 0 
0 0 0 
0 0 0 
0 0 0 
0 0 0 
0 0 0 
0 0 0 
0 0 0 
0 0 0 
0 0 0 
0 0 0 
0 0 0 
0 0 0 
0 0 0 
0 0 0 
0 0 0 
0 0 0 
0 0 0 
0 0 0 
0 0 0 
0 0 0 
0 0 0 
0 0 0 
0 0 0 
0 0 0 
0 0 0 
0 0 0 
0 0 0 
0 0 0 
0 0 0 
0 0 0 
0 0 0 
0 0 0 
0 0 0 
0 0 0 
0 0 0 
0 0 0 
0 0 0 
0 0 0 
0 0 0 
0 0 0 
0 0 0 
0 0 0 
0 0 0 
0 0 0 
0 0 0 
0 0 0 
0 0 0 
0 0 0 
0 0 0 
0 0 0 
0 0 0 
0 0 0 
0 0 0 
0 0 0 
0 0 0 
0 0 0 
0 0 0 
0 0 0 
0 0 0 
0 0 0 
0 0 0 
0 0 0 
0 0 0 
0 0 0 
0 0 0 
0 0 0 
0 0 0 
0 0 0 
0 0 0 
0 0 0 
0 0 0 
0 0 0 
0 0 0 
0 0 0 
0 0 0 
))
(300 (2 11 3 0 0 1019 1026)(
1 0 0 
1 0 0 
1 0 0 
1 0 0 
1 0 0 
1 0 0 
1 0 0 
1 0 0 
))
(300 (2 12 3 0 0 1027 1030)(
0 3 0 
0 3 0 
0 3 0 
0 3 0 
))
(300 (2 13 3 0 0 1031 1038)(
-0.0178779 1.53344 0 
-0.000892004 1.5226 2.58641e-20 
-0.0407708 1.70059 0 
-0.00765004 1.9058 0 
-0.0616652 1.85527 0 
-0.0531259 1.79326 0 
-0.0652963 1.81007 0 
-0.0457991 1.86832 0 
))
(300 (2 14 3 0 0 1039 1072)(
0 0 0 
0 0 0 
0 0 0 
0 0 0 
0 0 0 
0 0 0 
0 0 0 
0 0 0 
0 0 0 
0 0 0 
0 0 0 
0 0 0 
0 0 0 
0 0 0 
0 0 0 
0 0 0 
0 0 0 
0 0 0 
0 0 0 
0 0 0 
0 0 0 
0 0 0 
0 0 0 
0 0 0 
0 0 0 
0 0 0 
0 0 0 
0 0 0 
0 0 0 
0 0 0 
0 0 0 
0 0 0 
0 0 0 
0 0 0 
))
(300 (2 15 3 0 0 1073 1072)(
))
