(0 "FOAM to Fluent data File")

(33 (918 3444 1074))
(300 (1 1 1 0 0 1 918)(
0.556914
1.18237
0.00129339
0.556364
-0.012556
1.1494
-0.510673
0.661702
0.537114
-0.109076
-0.0490747
0.539314
1.0099
0.775795
-1.12435
-0.0101243
0.651515
-0.381731
0.536229
-0.0583256
0.690157
0.543653
0.546678
0.537256
0.59797
0.751106
0.890793
0.0234114
0.00927823
0.00484299
-0.0118834
-0.0388486
-0.0329606
1.03306
1.08413
1.10681
0.50486
0.333009
-0.376111
-0.448913
-0.436566
-0.545245
0.659385
0.658253
-0.211577
0.664954
0.667053
0.524135
0.536484
0.537396
0.538414
0.5374
0.538779
0.404251
-0.109165
-0.140505
-0.0903744
-0.0836845
0.0532935
-0.0509754
-0.053149
-0.0472076
-0.0473053
0.453975
0.533515
0.52991
0.543539
0.553478
1.12192
1.09385
1.11999
1.03358
1.05013
0.987904
0.960571
0.796589
0.818237
0.760621
0.749092
-1.55572
-2.50675
-0.534795
-0.284214
-0.0106138
-0.00787813
-0.00223314
0.648472
0.649807
0.650976
0.653235
1.0797
-0.379266
-0.479615
0.536371
0.535181
0.543499
0.544201
0.54022
0.539311
-0.0498037
-0.046755
-0.0490354
-0.0547759
-0.0529405
0.678082
0.678728
0.537784
0.534786
0.561062
0.58085
0.571046
0.277547
0.608678
0.624552
0.582579
0.74564
0.737876
0.747494
0.864298
0.827763
0.928086
0.951218
0.0166573
3.97568e-05
-0.014981
-0.0195659
-0.0182303
0.500687
0.493222
0.52069
0.508299
0.510809
0.249733
0.116366
0.417972
0.442807
-0.295103
-0.361466
-0.429363
-0.460032
-0.568537
0.611671
0.656785
0.655271
-0.22189
-0.150018
-0.283216
-0.0769302
-0.13984
0.514391
0.521411
0.516406
0.53197
0.526433
0.528398
0.540756
0.537826
0.539386
0.466361
0.589899
0.330518
0.29516
-0.242983
-0.155521
-0.242755
-0.0728612
-0.0697281
0.0672928
0.0928933
0.0401128
0.0284132
-0.0643616
-0.0569412
-0.0603496
-0.0454102
-0.0450752
0.44672
0.435505
0.466672
0.47424
0.519933
0.52148
0.525936
0.523683
0.911415
0.933645
0.941278
0.915173
-3.49588
-6.27699
0.0403474
0.17669
-0.00669236
-0.00935962
0.00200751
-0.00570777
0.000301504
-0.0018947
-0.00712603
-0.00855712
-0.00363892
-0.00245258
0.642949
0.644135
1.00186
1.00865
0.977557
0.930494
0.524592
0.526662
0.532157
0.528042
-0.0447351
-0.0451694
-0.0442414
0.6704
0.67578
0.673307
0.239045
0.149297
0.328621
0.357765
0.636729
0.625129
0.63489
0.642113
0.678335
0.958573
0.976798
0.97508
0.983521
1.02763
1.0441
1.00933
0.480085
0.490092
0.485026
0.523785
0.521562
0.522459
0.518556
0.519649
0.517743
-0.0340691
-0.413925
0.490073
0.506984
0.492368
0.494792
0.691839
0.770489
0.65294
0.654568
0.654053
-0.00777507
-0.0662688
0.250416
0.216307
0.386227
0.422666
0.401622
0.882489
0.843132
0.893169
0.866468
0.827982
0.853429
-0.365448
-1.8647
-0.983968
0.525642
0.34016
0.426951
0.0102102
-0.00653423
-0.00202331
1.0013
1.07362
0.645622
0.820415
0.823139
0.716094
0.746055
0.800874
0.727437
0.761468
0.795728
0.776985
0.567622
0.503143
0.519077
0.839647
0.895426
0.119176
0.0576258
0.0137499
0.111752
0.16905
0.143169
1.03364
0.949233
1.01947
0.534548
0.53527
-0.00504639
-0.0189552
0.539518
0.539574
-0.0122273
-0.00139415
0.410551
-0.831917
0.0986188
0.528102
0.51799
0.535132
-0.0935761
0.355687
-0.0490469
0.0484151
-0.00807498
0.530004
0.465121
0.424181
0.000923485
-0.0191147
-0.049885
-0.213413
0.532218
0.530521
0.534599
0.53554
0.536221
-0.0183053
-0.0138058
-0.0101075
-0.0466464
-0.0406511
-0.0521881
0.499019
0.518376
-0.170613
0.534746
0.536881
0.5367
0.529964
0.535593
0.533846
-0.00997414
-0.0152208
-0.0174591
0.219376
0.351322
0.649861
0.736635
0.621602
0.397818
0.163099
0.553378
0.61661
0.522421
0.675915
0.652669
0.66195
0.164131
0.0138752
0.172905
0.114561
0.525962
0.52468
0.516243
0.513202
0.529999
0.528112
0.532672
0.529694
0.532644
0.534025
-0.0496197
-0.0775222
-0.0862372
-0.153713
0.310309
0.571476
0.254585
0.284382
0.142096
-0.0436149
-0.0444978
-0.0475037
-0.0562491
0.000861806
-0.0234143
0.0432993
0.0435139
0.0151513
-0.0105209
-0.00763123
-0.0184677
-0.0131209
0.523496
0.523452
0.527251
0.536097
0.47478
0.478569
0.443392
0.464151
0.449404
0.388092
0.423409
0.398625
-0.00503651
0.00362901
-0.00208447
-0.0169883
-0.0137785
-0.0326928
-0.0295075
-0.0251213
-0.021113
-0.0278246
-0.0441258
-0.0462824
-0.17145
-0.287376
0.988128
0.909465
0.136642
0.521362
0.527821
0.52458
0.52951
0.532638
0.533437
0.531145
0.527691
0.518623
0.520049
0.517019
0.518022
-0.102111
-0.243424
-0.0717116
-0.146079
0.144739
0.627957
0.363225
0.298683
0.293977
0.522663
0.916955
0.700106
0.670796
0.672894
-0.343487
0.0454214
-0.279972
0.335194
0.162283
0.6491
0.698566
0.720908
0.668386
0.621355
-0.101475
0.555473
-0.0734243
-0.021294
0.180133
0.0563506
0.662735
0.640253
0.647004
0.65507
0.669694
0.64412
0.62774
0.627094
0.649575
0.652591
0.483734
0.250094
0.200841
0.162379
0.642223
0.517829
0.568985
0.490267
0.521228
0.52378
0.522428
0.503859
0.511458
0.506971
0.51357
0.517172
0.525717
0.526191
0.521455
0.523586
-0.0570434
-0.0634
-0.0275219
-0.135764
-0.128543
-0.190641
-0.0610824
0.0751615
0.0360029
0.23709
0.341406
0.0520788
-0.0575136
-0.0304409
0.0120397
0.17987
0.20801
0.0751484
0.162419
0.153828
0.135325
0.237713
0.241083
-0.0278222
-0.0304159
-0.0346065
-0.0363267
0.0191994
0.0903667
0.0999159
-0.00592045
-0.0118634
-0.0423021
-0.0427765
-0.0207999
-0.0271136
-0.0220007
0.00654584
-0.0521856
-0.0195643
-0.00563933
-0.0030798
-0.00458415
-0.0101399
0.518038
0.519924
0.520265
0.526947
0.540313
0.555154
0.520351
0.497017
0.487789
0.490813
0.463664
0.473986
0.469731
0.483395
0.504407
0.513537
0.511649
0.51452
0.496535
0.498348
0.484907
0.488575
0.46359
0.44428
0.432358
-0.0417545
-0.00297561
-0.0111083
-0.0371211
-0.00737742
-0.0194456
-0.0102158
0.00876056
-0.007567
-0.00905801
-0.0192502
-0.025427
-0.0249515
-0.0733689
0.0132698
-0.184538
-0.220271
-0.29316
0.890298
1.01444
0.809877
0.582941
0.603111
0.846216
0.930871
0.543247
0.735451
0.758685
0.586432
0.853962
0.526213
0.525808
0.523408
0.522888
0.524109
-0.0075028
0.098637
0.097198
0.160286
0.276468
0.388166
0.318712
0.19378
0.323943
0.326432
0.620616
0.632877
0.588226
0.61241
0.612396
0.424866
0.500482
0.552173
0.512888
0.564963
0.586408
0.54042
0.573329
0.523154
0.478479
0.474545
0.424375
0.444031
0.419725
0.402826
0.51522
0.492898
0.503409
0.494041
0.514445
0.542674
0.53908
0.561208
0.576108
0.497632
0.452556
0.461944
0.492151
0.453483
0.468999
0.485153
0.232027
0.133929
0.216876
-0.0684812
0.00276052
-0.00985979
-0.0585129
-0.00745298
0.276818
-0.414405
-0.390868
-1.01819
0.503088
0.953903
0.595911
0.570809
0.669759
0.653922
0.660003
0.676858
0.676784
0.630666
0.640232
0.645077
0.599014
0.61979
0.638603
0.634894
0.524245
0.382659
0.38161
0.32979
0.199964
0.239677
0.436157
0.360184
0.285209
0.285383
0.456436
0.343113
0.412944
0.446662
0.378021
0.332634
0.535135
0.60126
0.59494
0.568014
0.479558
0.49189
0.51628
0.549907
0.574305
0.60633
0.512968
0.518912
0.520142
0.517611
0.51489
0.517983
0.518266
0.520824
0.521423
0.524435
0.523496
-0.0509147
-0.036852
-0.0505512
-0.0616187
-0.019107
-0.0212344
0.0222482
0.00940899
-0.0144109
-0.00942602
-0.0322934
-0.036679
-0.0332625
-0.0249084
0.102099
0.114467
0.0982781
0.0590728
0.251022
0.380567
0.454951
0.3303
0.224103
0.247484
0.266698
-0.0110812
0.0137755
0.00097815
0.0405774
0.0329083
-0.0371367
-0.0405917
-0.0370551
-0.0297952
-0.0209545
-0.0366225
-0.0417508
-0.0326827
-0.0373092
-0.0399533
-0.0433936
0.499281
0.49272
0.494362
0.488198
0.486927
0.501358
0.505672
0.507617
0.513166
0.515612
0.50541
0.511049
0.515076
-0.0109372
-0.033922
-0.037524
-0.0280407
-0.0303536
-0.027959
-0.0294518
0.123013
0.0539217
0.0578451
0.0104231
-0.121677
-0.0636821
0.491117
0.489861
0.479315
0.720574
0.569824
0.490491
0.587516
0.693237
0.275599
0.472462
0.30747
0.888059
0.784529
0.930882
0.54196
0.245081
0.4086
0.451641
0.26496
0.340493
0.324481
0.213495
0.244274
0.282191
0.381166
0.265163
0.241889
-0.00148622
0.189066
0.301222
0.283056
0.407718
0.468386
0.26597
0.185711
0.140791
0.605606
0.625061
0.638079
0.610997
0.632169
0.580476
0.572551
0.587994
0.595913
0.590525
-0.74651
-0.452977
-1.39956
-0.721643
-0.266549
0.533556
0.505101
0.768934
0.645672
0.682266
0.667175
0.625884
0.595629
0.619569
0.64258
0.340972
0.451715
0.426901
0.432545
0.335056
0.265427
0.563277
0.560193
0.593444
0.616699
0.588672
0.618421
0.510795
0.510523
0.509972
0.506203
0.504467
0.50684
0.059094
0.0267767
0.0661597
0.0486574
0.0256368
0.0134443
-0.00904368
-0.0189728
-0.026166
-0.0258558
-0.0117379
-0.00766506
0.171133
0.108719
0.0292682
0.0582192
-0.00248509
-0.0708768
-0.0898715
0.0153066
0.111366
0.101573
0.404945
0.654702
0.474703
0.642185
0.484633
0.540495
0.467839
0.459233
0.484196
0.379205
0.459609
0.248453
-0.259544
-0.168577
0.7937
0.804747
0.58061
0.405093
0.17314
0.351361
0.541347
0.471669
0.507163
0.576094
0.563391
0.0281425
0.086162
0.372
0.598813
0.239969
0.23105
0.224526
0.40846
0.326897
))
(300 (1 10 1 0 0 919 1018)(
0.556914
1.18237
0.00129339
0.556364
1.1494
-0.510673
0.661702
-0.109076
-0.0490747
0.539314
1.0099
0.775795
-1.12435
0.651515
-0.381731
0.536229
-0.0583256
0.690157
0.537256
0.59797
0.751106
0.890793
0.0234114
1.03306
0.50486
-0.448913
-0.545245
0.658253
-0.211577
0.667053
0.524135
-0.140505
-0.0836845
-0.053149
-0.0473053
0.453975
0.52991
0.553478
1.05013
0.960571
0.818237
0.749092
-2.50675
-0.284214
0.649807
0.653235
-0.479615
0.535181
0.539311
-0.046755
-0.0529405
0.678728
0.534786
0.571046
0.277547
0.624552
0.582579
0.747494
0.827763
0.951218
0.493222
0.52069
0.510809
-0.361466
-0.568537
0.655271
-0.283216
-0.13984
0.516406
0.528398
-0.242755
-0.0697281
-0.0603496
-0.0450752
0.435505
0.47424
0.519933
0.523683
0.915173
0.17669
0.644135
0.524592
0.528042
-0.0442414
0.673307
0.149297
0.357765
0.63489
0.678335
0.983521
0.485026
0.522459
0.517743
0.654053
-0.0662688
0.401622
0.866468
0.426951
0.761468
0.0137499
))
(300 (1 11 1 0 0 919 926)(
0.556914
0.556364
0.537114
0.543653
0.537396
0.538779
0.543499
0.539386
))
(300 (1 12 1 0 0 919 922)(
1.18237
1.1494
1.10681
1.11999
))
(300 (1 13 1 0 0 919 926)(
0
0
0
0
0
0
0
0
))
(300 (1 14 1 0 0 919 952)(
-0.012556
-0.0101243
-0.0329606
0.333009
0.404251
0.0532935
-0.00223314
1.0797
-0.0182303
0.116366
0.442807
0.611671
0.589899
0.29516
0.0928933
0.0284132
-6.27699
-0.00712603
-0.00245258
1.00865
0.930494
-0.413925
0.490073
0.494792
0.770489
0.216307
-0.983968
-0.00202331
1.07362
0.823139
0.519077
0.895426
0.143169
1.01947
))
(300 (1 15 1 0 0 919 2754)(
0.556914
0.556914
1.18237
1.18237
0.00129339
0.00129339
0.556364
0.556364
-0.012556
-0.012556
1.1494
1.1494
-0.510673
-0.510673
0.661702
0.661702
0.537114
0.537114
-0.109076
-0.109076
-0.0490747
-0.0490747
0.539314
0.539314
1.0099
1.0099
0.775795
0.775795
-1.12435
-1.12435
-0.0101243
-0.0101243
0.651515
0.651515
-0.381731
-0.381731
0.536229
0.536229
-0.0583256
-0.0583256
0.690157
0.690157
0.543653
0.543653
0.546678
0.546678
0.537256
0.537256
0.59797
0.59797
0.751106
0.751106
0.890793
0.890793
0.0234114
0.0234114
0.00927823
0.00927823
0.00484299
0.00484299
-0.0118834
-0.0118834
-0.0388486
-0.0388486
-0.0329606
-0.0329606
1.03306
1.03306
1.08413
1.08413
1.10681
1.10681
0.50486
0.50486
0.333009
0.333009
-0.376111
-0.376111
-0.448913
-0.448913
-0.436566
-0.436566
-0.545245
-0.545245
0.659385
0.659385
0.658253
0.658253
-0.211577
-0.211577
0.664954
0.664954
0.667053
0.667053
0.524135
0.524135
0.536484
0.536484
0.537396
0.537396
0.538414
0.538414
0.5374
0.5374
0.538779
0.538779
0.404251
0.404251
-0.109165
-0.109165
-0.140505
-0.140505
-0.0903744
-0.0903744
-0.0836845
-0.0836845
0.0532935
0.0532935
-0.0509754
-0.0509754
-0.053149
-0.053149
-0.0472076
-0.0472076
-0.0473053
-0.0473053
0.453975
0.453975
0.533515
0.533515
0.52991
0.52991
0.543539
0.543539
0.553478
0.553478
1.12192
1.12192
1.09385
1.09385
1.11999
1.11999
1.03358
1.03358
1.05013
1.05013
0.987904
0.987904
0.960571
0.960571
0.796589
0.796589
0.818237
0.818237
0.760621
0.760621
0.749092
0.749092
-1.55572
-1.55572
-2.50675
-2.50675
-0.534795
-0.534795
-0.284214
-0.284214
-0.0106138
-0.0106138
-0.00787813
-0.00787813
-0.00223314
-0.00223314
0.648472
0.648472
0.649807
0.649807
0.650976
0.650976
0.653235
0.653235
1.0797
1.0797
-0.379266
-0.379266
-0.479615
-0.479615
0.536371
0.536371
0.535181
0.535181
0.543499
0.543499
0.544201
0.544201
0.54022
0.54022
0.539311
0.539311
-0.0498037
-0.0498037
-0.046755
-0.046755
-0.0490354
-0.0490354
-0.0547759
-0.0547759
-0.0529405
-0.0529405
0.678082
0.678082
0.678728
0.678728
0.537784
0.537784
0.534786
0.534786
0.561062
0.561062
0.58085
0.58085
0.571046
0.571046
0.277547
0.277547
0.608678
0.608678
0.624552
0.624552
0.582579
0.582579
0.74564
0.74564
0.737876
0.737876
0.747494
0.747494
0.864298
0.864298
0.827763
0.827763
0.928086
0.928086
0.951218
0.951218
0.0166573
0.0166573
3.97568e-05
3.97568e-05
-0.014981
-0.014981
-0.0195659
-0.0195659
-0.0182303
-0.0182303
0.500687
0.500687
0.493222
0.493222
0.52069
0.52069
0.508299
0.508299
0.510809
0.510809
0.249733
0.249733
0.116366
0.116366
0.417972
0.417972
0.442807
0.442807
-0.295103
-0.295103
-0.361466
-0.361466
-0.429363
-0.429363
-0.460032
-0.460032
-0.568537
-0.568537
0.611671
0.611671
0.656785
0.656785
0.655271
0.655271
-0.22189
-0.22189
-0.150018
-0.150018
-0.283216
-0.283216
-0.0769302
-0.0769302
-0.13984
-0.13984
0.514391
0.514391
0.521411
0.521411
0.516406
0.516406
0.53197
0.53197
0.526433
0.526433
0.528398
0.528398
0.540756
0.540756
0.537826
0.537826
0.539386
0.539386
0.466361
0.466361
0.589899
0.589899
0.330518
0.330518
0.29516
0.29516
-0.242983
-0.242983
-0.155521
-0.155521
-0.242755
-0.242755
-0.0728612
-0.0728612
-0.0697281
-0.0697281
0.0672928
0.0672928
0.0928933
0.0928933
0.0401128
0.0401128
0.0284132
0.0284132
-0.0643616
-0.0643616
-0.0569412
-0.0569412
-0.0603496
-0.0603496
-0.0454102
-0.0454102
-0.0450752
-0.0450752
0.44672
0.44672
0.435505
0.435505
0.466672
0.466672
0.47424
0.47424
0.519933
0.519933
0.52148
0.52148
0.525936
0.525936
0.523683
0.523683
0.911415
0.911415
0.933645
0.933645
0.941278
0.941278
0.915173
0.915173
-3.49588
-3.49588
-6.27699
-6.27699
0.0403474
0.0403474
0.17669
0.17669
-0.00669236
-0.00669236
-0.00935962
-0.00935962
0.00200751
0.00200751
-0.00570777
-0.00570777
0.000301504
0.000301504
-0.0018947
-0.0018947
-0.00712603
-0.00712603
-0.00855712
-0.00855712
-0.00363892
-0.00363892
-0.00245258
-0.00245258
0.642949
0.642949
0.644135
0.644135
1.00186
1.00186
1.00865
1.00865
0.977557
0.977557
0.930494
0.930494
0.524592
0.524592
0.526662
0.526662
0.532157
0.532157
0.528042
0.528042
-0.0447351
-0.0447351
-0.0451694
-0.0451694
-0.0442414
-0.0442414
0.6704
0.6704
0.67578
0.67578
0.673307
0.673307
0.239045
0.239045
0.149297
0.149297
0.328621
0.328621
0.357765
0.357765
0.636729
0.636729
0.625129
0.625129
0.63489
0.63489
0.642113
0.642113
0.678335
0.678335
0.958573
0.958573
0.976798
0.976798
0.97508
0.97508
0.983521
0.983521
1.02763
1.02763
1.0441
1.0441
1.00933
1.00933
0.480085
0.480085
0.490092
0.490092
0.485026
0.485026
0.523785
0.523785
0.521562
0.521562
0.522459
0.522459
0.518556
0.518556
0.519649
0.519649
0.517743
0.517743
-0.0340691
-0.0340691
-0.413925
-0.413925
0.490073
0.490073
0.506984
0.506984
0.492368
0.492368
0.494792
0.494792
0.691839
0.691839
0.770489
0.770489
0.65294
0.65294
0.654568
0.654568
0.654053
0.654053
-0.00777507
-0.00777507
-0.0662688
-0.0662688
0.250416
0.250416
0.216307
0.216307
0.386227
0.386227
0.422666
0.422666
0.401622
0.401622
0.882489
0.882489
0.843132
0.843132
0.893169
0.893169
0.866468
0.866468
0.827982
0.827982
0.853429
0.853429
-0.365448
-0.365448
-1.8647
-1.8647
-0.983968
-0.983968
0.525642
0.525642
0.34016
0.34016
0.426951
0.426951
0.0102102
0.0102102
-0.00653423
-0.00653423
-0.00202331
-0.00202331
1.0013
1.0013
1.07362
1.07362
0.645622
0.645622
0.820415
0.820415
0.823139
0.823139
0.716094
0.716094
0.746055
0.746055
0.800874
0.800874
0.727437
0.727437
0.761468
0.761468
0.795728
0.795728
0.776985
0.776985
0.567622
0.567622
0.503143
0.503143
0.519077
0.519077
0.839647
0.839647
0.895426
0.895426
0.119176
0.119176
0.0576258
0.0576258
0.0137499
0.0137499
0.111752
0.111752
0.16905
0.16905
0.143169
0.143169
1.03364
1.03364
0.949233
0.949233
1.01947
1.01947
0.534548
0.534548
0.53527
0.53527
-0.00504639
-0.00504639
-0.0189552
-0.0189552
0.539518
0.539518
0.539574
0.539574
-0.0122273
-0.0122273
-0.00139415
-0.00139415
0.410551
0.410551
-0.831917
-0.831917
0.0986188
0.0986188
0.528102
0.528102
0.51799
0.51799
0.535132
0.535132
-0.0935761
-0.0935761
0.355687
0.355687
-0.0490469
-0.0490469
0.0484151
0.0484151
-0.00807498
-0.00807498
0.530004
0.530004
0.465121
0.465121
0.424181
0.424181
0.000923485
0.000923485
-0.0191147
-0.0191147
-0.049885
-0.049885
-0.213413
-0.213413
0.532218
0.532218
0.530521
0.530521
0.534599
0.534599
0.53554
0.53554
0.536221
0.536221
-0.0183053
-0.0183053
-0.0138058
-0.0138058
-0.0101075
-0.0101075
-0.0466464
-0.0466464
-0.0406511
-0.0406511
-0.0521881
-0.0521881
0.499019
0.499019
0.518376
0.518376
-0.170613
-0.170613
0.534746
0.534746
0.536881
0.536881
0.5367
0.5367
0.529964
0.529964
0.535593
0.535593
0.533846
0.533846
-0.00997414
-0.00997414
-0.0152208
-0.0152208
-0.0174591
-0.0174591
0.219376
0.219376
0.351322
0.351322
0.649861
0.649861
0.736635
0.736635
0.621602
0.621602
0.397818
0.397818
0.163099
0.163099
0.553378
0.553378
0.61661
0.61661
0.522421
0.522421
0.675915
0.675915
0.652669
0.652669
0.66195
0.66195
0.164131
0.164131
0.0138752
0.0138752
0.172905
0.172905
0.114561
0.114561
0.525962
0.525962
0.52468
0.52468
0.516243
0.516243
0.513202
0.513202
0.529999
0.529999
0.528112
0.528112
0.532672
0.532672
0.529694
0.529694
0.532644
0.532644
0.534025
0.534025
-0.0496197
-0.0496197
-0.0775222
-0.0775222
-0.0862372
-0.0862372
-0.153713
-0.153713
0.310309
0.310309
0.571476
0.571476
0.254585
0.254585
0.284382
0.284382
0.142096
0.142096
-0.0436149
-0.0436149
-0.0444978
-0.0444978
-0.0475037
-0.0475037
-0.0562491
-0.0562491
0.000861806
0.000861806
-0.0234143
-0.0234143
0.0432993
0.0432993
0.0435139
0.0435139
0.0151513
0.0151513
-0.0105209
-0.0105209
-0.00763123
-0.00763123
-0.0184677
-0.0184677
-0.0131209
-0.0131209
0.523496
0.523496
0.523452
0.523452
0.527251
0.527251
0.536097
0.536097
0.47478
0.47478
0.478569
0.478569
0.443392
0.443392
0.464151
0.464151
0.449404
0.449404
0.388092
0.388092
0.423409
0.423409
0.398625
0.398625
-0.00503651
-0.00503651
0.00362901
0.00362901
-0.00208447
-0.00208447
-0.0169883
-0.0169883
-0.0137785
-0.0137785
-0.0326928
-0.0326928
-0.0295075
-0.0295075
-0.0251213
-0.0251213
-0.021113
-0.021113
-0.0278246
-0.0278246
-0.0441258
-0.0441258
-0.0462824
-0.0462824
-0.17145
-0.17145
-0.287376
-0.287376
0.988128
0.988128
0.909465
0.909465
0.136642
0.136642
0.521362
0.521362
0.527821
0.527821
0.52458
0.52458
0.52951
0.52951
0.532638
0.532638
0.533437
0.533437
0.531145
0.531145
0.527691
0.527691
0.518623
0.518623
0.520049
0.520049
0.517019
0.517019
0.518022
0.518022
-0.102111
-0.102111
-0.243424
-0.243424
-0.0717116
-0.0717116
-0.146079
-0.146079
0.144739
0.144739
0.627957
0.627957
0.363225
0.363225
0.298683
0.298683
0.293977
0.293977
0.522663
0.522663
0.916955
0.916955
0.700106
0.700106
0.670796
0.670796
0.672894
0.672894
-0.343487
-0.343487
0.0454214
0.0454214
-0.279972
-0.279972
0.335194
0.335194
0.162283
0.162283
0.6491
0.6491
0.698566
0.698566
0.720908
0.720908
0.668386
0.668386
0.621355
0.621355
-0.101475
-0.101475
0.555473
0.555473
-0.0734243
-0.0734243
-0.021294
-0.021294
0.180133
0.180133
0.0563506
0.0563506
0.662735
0.662735
0.640253
0.640253
0.647004
0.647004
0.65507
0.65507
0.669694
0.669694
0.64412
0.64412
0.62774
0.62774
0.627094
0.627094
0.649575
0.649575
0.652591
0.652591
0.483734
0.483734
0.250094
0.250094
0.200841
0.200841
0.162379
0.162379
0.642223
0.642223
0.517829
0.517829
0.568985
0.568985
0.490267
0.490267
0.521228
0.521228
0.52378
0.52378
0.522428
0.522428
0.503859
0.503859
0.511458
0.511458
0.506971
0.506971
0.51357
0.51357
0.517172
0.517172
0.525717
0.525717
0.526191
0.526191
0.521455
0.521455
0.523586
0.523586
-0.0570434
-0.0570434
-0.0634
-0.0634
-0.0275219
-0.0275219
-0.135764
-0.135764
-0.128543
-0.128543
-0.190641
-0.190641
-0.0610824
-0.0610824
0.0751615
0.0751615
0.0360029
0.0360029
0.23709
0.23709
0.341406
0.341406
0.0520788
0.0520788
-0.0575136
-0.0575136
-0.0304409
-0.0304409
0.0120397
0.0120397
0.17987
0.17987
0.20801
0.20801
0.0751484
0.0751484
0.162419
0.162419
0.153828
0.153828
0.135325
0.135325
0.237713
0.237713
0.241083
0.241083
-0.0278222
-0.0278222
-0.0304159
-0.0304159
-0.0346065
-0.0346065
-0.0363267
-0.0363267
0.0191994
0.0191994
0.0903667
0.0903667
0.0999159
0.0999159
-0.00592045
-0.00592045
-0.0118634
-0.0118634
-0.0423021
-0.0423021
-0.0427765
-0.0427765
-0.0207999
-0.0207999
-0.0271136
-0.0271136
-0.0220007
-0.0220007
0.00654584
0.00654584
-0.0521856
-0.0521856
-0.0195643
-0.0195643
-0.00563933
-0.00563933
-0.0030798
-0.0030798
-0.00458415
-0.00458415
-0.0101399
-0.0101399
0.518038
0.518038
0.519924
0.519924
0.520265
0.520265
0.526947
0.526947
0.540313
0.540313
0.555154
0.555154
0.520351
0.520351
0.497017
0.497017
0.487789
0.487789
0.490813
0.490813
0.463664
0.463664
0.473986
0.473986
0.469731
0.469731
0.483395
0.483395
0.504407
0.504407
0.513537
0.513537
0.511649
0.511649
0.51452
0.51452
0.496535
0.496535
0.498348
0.498348
0.484907
0.484907
0.488575
0.488575
0.46359
0.46359
0.44428
0.44428
0.432358
0.432358
-0.0417545
-0.0417545
-0.00297561
-0.00297561
-0.0111083
-0.0111083
-0.0371211
-0.0371211
-0.00737742
-0.00737742
-0.0194456
-0.0194456
-0.0102158
-0.0102158
0.00876056
0.00876056
-0.007567
-0.007567
-0.00905801
-0.00905801
-0.0192502
-0.0192502
-0.025427
-0.025427
-0.0249515
-0.0249515
-0.0733689
-0.0733689
0.0132698
0.0132698
-0.184538
-0.184538
-0.220271
-0.220271
-0.29316
-0.29316
0.890298
0.890298
1.01444
1.01444
0.809877
0.809877
0.582941
0.582941
0.603111
0.603111
0.846216
0.846216
0.930871
0.930871
0.543247
0.543247
0.735451
0.735451
0.758685
0.758685
0.586432
0.586432
0.853962
0.853962
0.526213
0.526213
0.525808
0.525808
0.523408
0.523408
0.522888
0.522888
0.524109
0.524109
-0.0075028
-0.0075028
0.098637
0.098637
0.097198
0.097198
0.160286
0.160286
0.276468
0.276468
0.388166
0.388166
0.318712
0.318712
0.19378
0.19378
0.323943
0.323943
0.326432
0.326432
0.620616
0.620616
0.632877
0.632877
0.588226
0.588226
0.61241
0.61241
0.612396
0.612396
0.424866
0.424866
0.500482
0.500482
0.552173
0.552173
0.512888
0.512888
0.564963
0.564963
0.586408
0.586408
0.54042
0.54042
0.573329
0.573329
0.523154
0.523154
0.478479
0.478479
0.474545
0.474545
0.424375
0.424375
0.444031
0.444031
0.419725
0.419725
0.402826
0.402826
0.51522
0.51522
0.492898
0.492898
0.503409
0.503409
0.494041
0.494041
0.514445
0.514445
0.542674
0.542674
0.53908
0.53908
0.561208
0.561208
0.576108
0.576108
0.497632
0.497632
0.452556
0.452556
0.461944
0.461944
0.492151
0.492151
0.453483
0.453483
0.468999
0.468999
0.485153
0.485153
0.232027
0.232027
0.133929
0.133929
0.216876
0.216876
-0.0684812
-0.0684812
0.00276052
0.00276052
-0.00985979
-0.00985979
-0.0585129
-0.0585129
-0.00745298
-0.00745298
0.276818
0.276818
-0.414405
-0.414405
-0.390868
-0.390868
-1.01819
-1.01819
0.503088
0.503088
0.953903
0.953903
0.595911
0.595911
0.570809
0.570809
0.669759
0.669759
0.653922
0.653922
0.660003
0.660003
0.676858
0.676858
0.676784
0.676784
0.630666
0.630666
0.640232
0.640232
0.645077
0.645077
0.599014
0.599014
0.61979
0.61979
0.638603
0.638603
0.634894
0.634894
0.524245
0.524245
0.382659
0.382659
0.38161
0.38161
0.32979
0.32979
0.199964
0.199964
0.239677
0.239677
0.436157
0.436157
0.360184
0.360184
0.285209
0.285209
0.285383
0.285383
0.456436
0.456436
0.343113
0.343113
0.412944
0.412944
0.446662
0.446662
0.378021
0.378021
0.332634
0.332634
0.535135
0.535135
0.60126
0.60126
0.59494
0.59494
0.568014
0.568014
0.479558
0.479558
0.49189
0.49189
0.51628
0.51628
0.549907
0.549907
0.574305
0.574305
0.60633
0.60633
0.512968
0.512968
0.518912
0.518912
0.520142
0.520142
0.517611
0.517611
0.51489
0.51489
0.517983
0.517983
0.518266
0.518266
0.520824
0.520824
0.521423
0.521423
0.524435
0.524435
0.523496
0.523496
-0.0509147
-0.0509147
-0.036852
-0.036852
-0.0505512
-0.0505512
-0.0616187
-0.0616187
-0.019107
-0.019107
-0.0212344
-0.0212344
0.0222482
0.0222482
0.00940899
0.00940899
-0.0144109
-0.0144109
-0.00942602
-0.00942602
-0.0322934
-0.0322934
-0.036679
-0.036679
-0.0332625
-0.0332625
-0.0249084
-0.0249084
0.102099
0.102099
0.114467
0.114467
0.0982781
0.0982781
0.0590728
0.0590728
0.251022
0.251022
0.380567
0.380567
0.454951
0.454951
0.3303
0.3303
0.224103
0.224103
0.247484
0.247484
0.266698
0.266698
-0.0110812
-0.0110812
0.0137755
0.0137755
0.00097815
0.00097815
0.0405774
0.0405774
0.0329083
0.0329083
-0.0371367
-0.0371367
-0.0405917
-0.0405917
-0.0370551
-0.0370551
-0.0297952
-0.0297952
-0.0209545
-0.0209545
-0.0366225
-0.0366225
-0.0417508
-0.0417508
-0.0326827
-0.0326827
-0.0373092
-0.0373092
-0.0399533
-0.0399533
-0.0433936
-0.0433936
0.499281
0.499281
0.49272
0.49272
0.494362
0.494362
0.488198
0.488198
0.486927
0.486927
0.501358
0.501358
0.505672
0.505672
0.507617
0.507617
0.513166
0.513166
0.515612
0.515612
0.50541
0.50541
0.511049
0.511049
0.515076
0.515076
-0.0109372
-0.0109372
-0.033922
-0.033922
-0.037524
-0.037524
-0.0280407
-0.0280407
-0.0303536
-0.0303536
-0.027959
-0.027959
-0.0294518
-0.0294518
0.123013
0.123013
0.0539217
0.0539217
0.0578451
0.0578451
0.0104231
0.0104231
-0.121677
-0.121677
-0.0636821
-0.0636821
0.491117
0.491117
0.489861
0.489861
0.479315
0.479315
0.720574
0.720574
0.569824
0.569824
0.490491
0.490491
0.587516
0.587516
0.693237
0.693237
0.275599
0.275599
0.472462
0.472462
0.30747
0.30747
0.888059
0.888059
0.784529
0.784529
0.930882
0.930882
0.54196
0.54196
0.245081
0.245081
0.4086
0.4086
0.451641
0.451641
0.26496
0.26496
0.340493
0.340493
0.324481
0.324481
0.213495
0.213495
0.244274
0.244274
0.282191
0.282191
0.381166
0.381166
0.265163
0.265163
0.241889
0.241889
-0.00148622
-0.00148622
0.189066
0.189066
0.301222
0.301222
0.283056
0.283056
0.407718
0.407718
0.468386
0.468386
0.26597
0.26597
0.185711
0.185711
0.140791
0.140791
0.605606
0.605606
0.625061
0.625061
0.638079
0.638079
0.610997
0.610997
0.632169
0.632169
0.580476
0.580476
0.572551
0.572551
0.587994
0.587994
0.595913
0.595913
0.590525
0.590525
-0.74651
-0.74651
-0.452977
-0.452977
-1.39956
-1.39956
-0.721643
-0.721643
-0.266549
-0.266549
0.533556
0.533556
0.505101
0.505101
0.768934
0.768934
0.645672
0.645672
0.682266
0.682266
0.667175
0.667175
0.625884
0.625884
0.595629
0.595629
0.619569
0.619569
0.64258
0.64258
0.340972
0.340972
0.451715
0.451715
0.426901
0.426901
0.432545
0.432545
0.335056
0.335056
0.265427
0.265427
0.563277
0.563277
0.560193
0.560193
0.593444
0.593444
0.616699
0.616699
0.588672
0.588672
0.618421
0.618421
0.510795
0.510795
0.510523
0.510523
0.509972
0.509972
0.506203
0.506203
0.504467
0.504467
0.50684
0.50684
0.059094
0.059094
0.0267767
0.0267767
0.0661597
0.0661597
0.0486574
0.0486574
0.0256368
0.0256368
0.0134443
0.0134443
-0.00904368
-0.00904368
-0.0189728
-0.0189728
-0.026166
-0.026166
-0.0258558
-0.0258558
-0.0117379
-0.0117379
-0.00766506
-0.00766506
0.171133
0.171133
0.108719
0.108719
0.0292682
0.0292682
0.0582192
0.0582192
-0.00248509
-0.00248509
-0.0708768
-0.0708768
-0.0898715
-0.0898715
0.0153066
0.0153066
0.111366
0.111366
0.101573
0.101573
0.404945
0.404945
0.654702
0.654702
0.474703
0.474703
0.642185
0.642185
0.484633
0.484633
0.540495
0.540495
0.467839
0.467839
0.459233
0.459233
0.484196
0.484196
0.379205
0.379205
0.459609
0.459609
0.248453
0.248453
-0.259544
-0.259544
-0.168577
-0.168577
0.7937
0.7937
0.804747
0.804747
0.58061
0.58061
0.405093
0.405093
0.17314
0.17314
0.351361
0.351361
0.541347
0.541347
0.471669
0.471669
0.507163
0.507163
0.576094
0.576094
0.563391
0.563391
0.0281425
0.0281425
0.086162
0.086162
0.372
0.372
0.598813
0.598813
0.239969
0.239969
0.23105
0.23105
0.224526
0.224526
0.40846
0.40846
0.326897
0.326897
))
(300 (2 1 3 0 0 1 918)(
0.98516 -0.000507254 0 
0.00501551 2.96625 0 
0.00779814 0.888511 0 
0.979704 0.00214567 0 
-0.0121508 2.0624 3.76002e-20 
-0.00704872 2.9488 -2.46022e-18 
0.819586 1.16311 4.49282e-19 
0.11566 0.0702736 -1.47368e-20 
0.999909 -0.000276743 0 
0.066285 0.731336 0 
0.0112952 0.509249 0 
0.732838 -0.00460443 0 
0.0111099 2.93039 0 
0.00251242 2.79518 0 
-0.0179005 3.14916 7.80713e-19 
-0.0218048 1.91486 8.46605e-21 
0.282026 0.0499831 1.01778e-18 
0.188829 1.14255 3.16779e-19 
0.962725 0.00501674 0 
0.00739593 0.479553 0 
-0.0183333 0.0883392 -6.94125e-19 
1.00197 -0.00497521 0 
1.00023 -0.00978461 0 
0.975738 -0.00643884 0 
0.59843 0.0271489 0 
0.0148453 2.64145 0 
-0.014915 2.91002 9.04509e-19 
0.00965293 0.936083 0 
-0.0172778 1.17996 0 
0.0114835 0.918951 0 
-0.0143196 2.59402 0 
-0.00109413 2.11665 -3.00294e-20 
-0.0113419 1.89494 0 
-0.0206023 2.98761 -8.84059e-23 
-0.0166846 3.00529 1.91195e-18 
0.00209747 3.00017 0 
0.871384 -0.00965503 0 
0.402724 0.933254 1.8006e-19 
0.804628 1.17741 -5.13004e-19 
0.956295 1.02267 5.57397e-19 
0.67329 1.26922 -1.04105e-19 
0.674195 1.24357 5.99284e-19 
0.154023 0.124658 1.43769e-20 
0.140615 0.0539558 0 
1.15976 0.562833 0 
0.128828 0.103979 6.53905e-20 
0.0904799 0.0597136 -6.78524e-20 
0.919908 -0.00745785 0 
1.00027 0.000161336 0 
0.999909 0.000338582 0 
1.00363 -0.0077595 0 
1.00096 -0.000918632 0 
1.00017 3.70284e-05 0 
0.0731823 1.82623 -7.72736e-19 
0.0319521 0.946124 0 
0.0997825 0.811601 0 
0.0125018 0.895503 0 
0.0390267 0.650625 0 
0.00646731 2.01426 0 
-0.00356445 0.80096 0 
0.0117003 0.518792 0 
-0.0025529 0.791789 0 
0.00820381 0.499967 0 
0.841737 -0.0156847 0 
0.840626 0.0303262 0 
0.762989 -0.0064826 0 
0.801872 0.0311015 0 
0.702155 0.00826204 0 
0.0146825 3.00041 9.11818e-19 
0.0114846 3.00807 0 
0.00610497 3.00274 0 
0.0135362 2.99737 1.03414e-23 
0.00796236 2.95848 -1.35519e-18 
0.0145043 2.98205 0 
0.0108888 2.90354 0 
0.024225 2.93089 2.07161e-24 
0.00474526 2.82511 0 
0.0302615 2.91661 0 
-0.00465891 2.7453 0 
0.305128 3.54205 0 
-0.131623 3.62268 0 
0.137684 3.23926 -7.26525e-19 
-0.013637 2.97766 0 
-0.0255911 1.98677 0 
-0.00713227 2.16932 -8.35002e-21 
-0.0157774 1.92304 2.67842e-21 
0.346128 0.142874 -3.5345e-19 
0.312363 0.0286859 -3.43483e-19 
0.301198 0.148612 -1.05802e-18 
0.24444 0.0577648 -6.87834e-19 
0.229239 0.983272 0 
0.272193 1.29329 -3.68057e-19 
0.365625 1.22728 6.13828e-19 
0.987434 0.00857289 0 
0.941857 0.00582585 0 
1.0003 0.000581049 0 
1.00286 0.00930952 0 
1.00301 0.00847168 -2.7437e-18 
0.991908 0.00969568 2.07194e-18 
-0.0100528 0.786207 0 
0.00879199 0.488733 0 
-0.0448073 1.00612 0 
-0.0248684 0.8288 0 
0.00585597 0.480787 0 
-0.0292442 0.109287 2.14809e-19 
0.0652507 0.072562 0 
0.993554 -0.00837047 0 
0.954466 -0.00653166 0 
0.743691 0.0303459 0 
0.680702 0.0246024 0 
0.662559 0.0166124 0 
0.971151 -0.00733572 0 
0.593122 0.0713726 0 
0.450922 -0.00991215 1.54105e-18 
-0.037389 2.86138 6.67001e-19 
0.0410415 2.90984 0 
0.0535572 2.88631 0 
-0.00452549 2.70066 0 
-0.0131199 2.98526 8.5587e-19 
-0.0178058 2.89508 0 
-0.0153706 2.98806 -2.65491e-18 
-0.0132942 2.92519 9.09053e-19 
-0.0273202 1.34495 0 
-0.00321909 1.37394 0 
-0.00742369 2.13403 4.8447e-22 
-0.00635448 2.09598 0 
-0.0238953 1.9024 0 
0.938629 -0.0073807 0 
0.857545 -0.00997778 0 
0.863292 0.00553932 0 
0.949617 -0.0078082 0 
0.884082 -0.00819316 0 
0.514172 1.12619 -2.27381e-19 
0.56334 1.17722 0 
0.367332 0.878225 3.36079e-20 
0.309984 0.736902 0 
0.917245 1.06014 -1.53771e-19 
1.03539 0.869398 3.12707e-19 
0.358392 1.35443 0 
0.525892 1.32507 0 
0.548838 1.26384 0 
0.120967 0.184775 -3.02111e-19 
0.178375 0.127464 0 
0.178241 0.0762959 1.91094e-19 
1.00635 0.924004 0 
1.08033 0.777925 0 
1.10547 0.719473 -2.48649e-19 
1.13917 0.622299 0 
1.1898 0.406182 5.72833e-20 
0.957772 -0.00869651 0 
0.962521 -0.0100304 0 
0.901769 -0.0079863 0 
0.984206 -0.0091448 0 
0.974716 -0.00932999 0 
0.937141 -0.00637362 0 
1.00019 0.00234019 0 
1.0009 0.00141543 0 
0.999909 0.000855268 0 
0.0355654 2.07324 4.28208e-19 
0.118817 1.76908 0 
0.0181076 2.18714 6.58392e-19 
0.0461038 1.88039 -5.49101e-19 
0.106359 1.14843 -2.59401e-19 
0.0494612 1.02758 0 
0.143006 0.978663 0 
0.00396802 0.851442 0 
0.0160285 0.589104 0 
-0.00107187 2.24228 -8.27645e-22 
0.0157721 2.0187 0 
-0.00196844 2.24475 -2.98479e-20 
0.00779746 2.0236 4.65541e-20 
-0.00112364 0.827529 0 
-0.00397238 0.813068 0 
0.0103339 0.544639 0 
-0.00773745 0.78755 0 
0.00645984 0.489686 0 
0.938507 0.00980651 0 
0.850319 -0.0146168 0 
0.927671 0.000440253 0 
0.842632 -0.0128787 0 
0.811919 -0.00268516 0 
0.89804 0.0232513 0 
0.872903 0.0280934 0 
0.788134 -0.00641462 0 
0.00562792 3.06478 -8.49462e-21 
0.0167338 3.05779 0 
0.0146903 2.96901 0 
0.00865226 2.87615 0 
0.920731 3.95455 0 
1.23407 3.28816 9.26507e-19 
0.0690474 3.06995 0 
-0.0292006 2.90275 0 
-0.00856503 1.39577 0 
-0.0306134 1.69558 0 
-0.0174233 1.53007 0 
-0.0301485 2.55223 -8.10599e-21 
-0.013744 2.24339 0 
-0.0198604 2.39113 0 
-0.0017067 1.95034 8.8686e-22 
-0.00370978 2.24077 -6.7646e-21 
-0.00549766 2.20451 -2.88901e-21 
-0.00958477 1.93519 0 
0.398953 0.124595 5.39924e-19 
0.361206 0.0180505 -5.29785e-19 
0.258823 1.58506 0 
0.277496 0.756316 -3.15672e-19 
0.177078 1.67236 -1.04832e-18 
0.225976 1.21996 1.05061e-18 
0.901995 0.00636038 0 
0.967386 0.0111377 0 
0.974536 0.0108153 0 
0.923287 0.00640794 0 
-0.00920203 0.785315 0 
-0.00862619 0.782168 0 
0.00510365 0.484045 0 
0.117439 0.089176 6.05619e-19 
0.104961 0.077385 -7.1666e-19 
0.0740941 0.0581365 0 
1.09929 0.0863423 2.7039e-20 
1.08138 0.0395582 0 
1.01341 0.0400553 0 
0.907415 -0.005439 0 
0.451856 0.105376 0 
0.511778 0.0873586 -2.46227e-18 
0.406691 0.0116919 9.20658e-19 
0.00867297 2.98071 7.16113e-19 
-0.0328711 2.86525 4.65771e-20 
0.00362426 3.05022 -1.79881e-20 
0.0202331 3.04338 6.40246e-19 
-0.015018 2.99658 2.98574e-20 
-0.0129489 2.94949 -1.20155e-22 
-0.0172537 3.01192 -5.5282e-19 
0.0148689 3.02376 3.99939e-19 
0.00737632 3.03679 -6.33365e-19 
0.93407 -0.0011866 0 
0.939519 -0.00317871 0 
0.846061 -0.00945988 0 
0.956508 0.0119277 0 
0.942604 0.0132908 0 
0.881567 0.00582302 0 
0.916235 0.0182213 0 
0.925656 0.0152589 0 
0.838522 0.00159651 0 
0.716616 1.40336 4.03019e-20 
0.749918 1.51203 0 
0.181394 0.315265 7.05337e-20 
0.228533 0.668843 5.67811e-19 
0.262351 0.720467 -3.31818e-19 
0.263002 0.521232 6.60237e-19 
0.346057 0.810928 1.59009e-18 
0.140519 0.230038 3.75505e-19 
0.257442 0.150806 7.27874e-19 
0.215916 0.145146 1.88708e-19 
0.211914 0.0683222 3.57395e-19 
1.17884 0.464196 6.39608e-20 
1.19443 0.257028 5.92499e-20 
0.010269 2.23577 2.53589e-19 
0.0403724 1.94854 0 
0.970793 0.0293923 0 
0.943429 0.013955 0 
0.869186 -0.017883 0 
0.0112262 3.07423 0 
0.0195966 2.944 1.17052e-18 
0.0164315 2.95626 0 
0.00642808 2.85063 -1.16112e-18 
0.00629378 3.09083 2.83866e-19 
0.00727491 3.08271 0 
0.782711 1.81354 -1.58892e-19 
1.24194 2.48912 4.03775e-19 
0.764707 1.95287 -1.22937e-18 
0.0196977 2.98033 -6.1696e-19 
0.0352854 2.99943 0 
-0.0343238 2.87681 0 
-0.00418399 2.22408 -1.3095e-20 
-0.00328084 2.24512 9.74139e-21 
0.00100256 1.98547 -7.22038e-21 
0.278214 1.39434 1.0246e-18 
0.23881 0.550701 -7.02554e-19 
0.0638006 1.99793 7.62549e-19 
0.135299 1.88416 -9.10215e-19 
0.180221 1.51165 9.49578e-20 
0.00205937 3.1186 -1.76899e-18 
0.0164364 3.11794 1.89661e-18 
-0.00914655 2.98106 7.85824e-19 
-0.00357618 2.97737 -7.42256e-19 
-0.0210438 2.88117 -8.00341e-19 
0.00862517 3.0996 -2.10998e-18 
0.00226201 3.10636 2.05994e-18 
0.282094 0.695164 0 
0.248361 0.684174 -1.18011e-18 
0.0959326 0.225163 5.23936e-19 
0.357745 0.938006 1.11226e-18 
0.195647 0.276051 -1.71484e-18 
1.186 0.175131 6.27487e-20 
1.19485 0.311684 0 
1.17438 0.122817 -6.10052e-21 
0.00145375 2.25415 -1.47569e-21 
0.00491112 2.24562 0 
0.0245916 1.98413 0 
0.340074 1.30317 -3.67884e-19 
0.37477 1.1499 -7.99744e-19 
0.210293 0.37801 1.42587e-18 
1.00588 -0.0108285 0 
1.00767 -0.00763373 5.06142e-19 
-0.0227818 1.32552 0 
-0.0392157 1.32443 0 
1.00221 0.00351432 1.81172e-21 
1.00366 0.00946974 1.03345e-18 
-0.0184861 2.53671 1.02716e-20 
-0.023882 2.57934 0 
0.0345114 3.17706 4.07476e-19 
0.390626 3.48402 0 
1.1751 0.663637 -5.7161e-20 
1.01285 0.0131427 -2.13515e-21 
1.02134 -0.0102848 0 
1.0017 0.000130699 7.86508e-23 
0.113823 1.36983 0 
0.143778 2.56856 0 
0.0256087 1.31013 0 
-0.000155361 2.62026 2.82308e-20 
-0.0212786 2.5777 3.66127e-21 
0.998274 0.029458 1.97781e-21 
1.06313 0.00467414 0 
1.09766 0.0251535 0 
-0.02917 1.73846 0 
-0.0184715 2.57951 0 
-0.00514271 1.31179 0 
0.311598 1.48196 -1.68375e-19 
1.0113 -0.00961516 0 
1.0094 -0.0149146 0 
1.00237 0.000753823 6.46837e-19 
1.00547 -0.00479947 -7.60257e-19 
1.00118 -0.000969412 0 
-0.0144896 1.46294 0 
-0.00727042 1.37424 0 
-0.00800123 1.42027 0 
-0.00911572 1.29944 0 
-0.0188563 1.28659 0 
-0.00967769 1.26953 0 
1.03505 -0.00602544 0 
1.0196 0.0155345 -8.29288e-22 
0.821289 1.27348 2.60633e-19 
1.00224 0.000320687 -6.44395e-19 
1.00406 0.00526197 7.54392e-19 
1.00118 0.00207567 0 
1.01273 0.0103637 6.41284e-19 
1.00798 0.00831438 -7.77017e-19 
1.00856 0.0146969 0 
-0.0236534 2.6074 0 
-0.0256256 2.58694 -1.83727e-20 
-0.0230132 2.60102 1.30588e-20 
1.23779 0.268003 5.80024e-19 
1.16254 0.0871461 0 
0.0406833 3.0779 -9.11694e-19 
0.0650128 2.85646 -6.63005e-20 
0.138617 3.19224 1.39429e-18 
0.133876 3.22005 -1.96989e-19 
0.132883 3.23098 0 
0.0198233 3.13731 2.35242e-19 
0.0747237 3.16013 8.99088e-19 
0.0675757 3.18524 -4.43445e-19 
0.0221762 3.13002 0 
0.583761 0.282446 0 
0.51766 0.30171 0 
1.14652 0.699691 1.29886e-19 
1.14025 0.821094 -1.13576e-19 
1.20298 0.586524 0 
1.23074 0.521037 0 
1.01604 0.0133783 -1.19536e-18 
1.01498 0.0142807 1.50056e-18 
1.02539 -0.0098006 0 
1.02345 -0.011847 0 
1.00642 0.00263827 0 
1.01041 0.00374704 0 
1.00458 0.00186758 0 
1.00978 0.00625405 0 
1.00781 0.00596699 0 
1.00451 0.00472023 0 
0.102902 1.36834 0 
0.0998501 1.33143 0 
0.133119 1.40539 0 
0.151153 1.41056 0 
0.145501 2.59363 0 
0.185236 2.66383 -4.23402e-19 
0.101556 2.64896 0 
0.0852782 2.65184 1.98347e-19 
0.0387986 2.67478 -1.48766e-19 
0.013678 1.32178 0 
0.0215762 1.24478 0 
0.0183093 1.33188 0 
0.0359973 1.26906 0 
0.0042549 1.98377 3.41406e-21 
-0.020081 2.60538 -1.88577e-20 
-0.00823512 2.66152 1.38333e-20 
-0.0181405 2.68082 0 
-0.0229889 2.61125 -4.71116e-21 
-0.0231234 2.60617 1.29839e-20 
0.0131103 1.98215 3.93968e-22 
-0.00696454 2.39319 2.52996e-20 
-0.012978 2.41537 -1.5689e-20 
1.01113 0.0394285 1.2114e-18 
1.00511 0.0185132 -1.50629e-18 
1.00415 0.0457471 -1.23331e-18 
0.977125 0.0364443 1.55201e-18 
1.06436 0.00849413 0 
1.04947 -0.00821689 0 
1.09462 0.0353333 0 
1.07452 0.0130623 0 
1.07235 0.00059398 0 
1.14057 0.0835875 0 
1.1121 0.0448552 0 
1.11597 0.0327002 0 
-0.0254262 2.42966 1.04771e-21 
-0.0140389 2.01225 0 
-0.0168084 2.21487 0 
-0.0203578 2.60013 -1.08192e-20 
-0.0175641 2.61008 1.89719e-22 
0.00295825 1.57437 -3.568e-20 
-0.00602479 1.50256 3.63505e-20 
-0.0154776 1.39137 0 
-0.0190699 1.39801 0 
-0.0241841 1.39265 0 
-0.00336636 1.31294 0 
0.00923382 1.23812 0 
0.386434 1.49931 2.73977e-19 
0.429711 1.50013 1.45158e-19 
0.597479 2.44405 -2.40263e-19 
0.398245 2.54104 7.07171e-19 
0.349158 2.05269 7.14328e-20 
1.02108 -0.00810203 0 
1.01551 -0.00974109 0 
1.01492 -0.0155013 0 
1.0074 -0.00107001 0 
1.00493 -0.000907263 0 
1.00778 -0.00468261 0 
1.00927 -0.00360502 0 
1.01423 -0.0043656 0 
1.02035 0.0163665 1.17141e-18 
1.01764 0.015483 -1.49606e-18 
1.02064 0.018448 -1.18108e-18 
1.01827 0.016783 1.4744e-18 
0.784661 1.32475 0 
0.720963 1.37498 2.46858e-19 
0.896788 1.22433 9.81117e-20 
0.942733 1.16946 -1.30556e-19 
1.15452 2.59951 2.78347e-19 
0.767522 0.123002 5.9991e-19 
1.16377 0.109447 0 
1.21291 0.195072 -4.66797e-19 
1.20007 0.155717 -1.9874e-20 
1.00634 0.157484 0 
0.129039 2.95832 5.30867e-19 
0.105226 2.86429 -1.15464e-18 
0.012883 2.3739 7.71186e-19 
0.0969151 -0.15633 -3.27128e-19 
0.335508 3.41424 -2.15612e-19 
0.190684 3.30897 0 
0.234464 3.34958 2.80804e-19 
0.239437 3.03093 -1.77529e-18 
0.333066 3.18925 0 
0.00582686 3.12113 4.58828e-20 
0.0155565 3.12986 -5.41797e-19 
0.0140655 3.12592 7.9741e-19 
0.034743 3.14008 0 
0.03325 3.15021 0 
1.21016 2.59708 0 
0.546323 0.804208 -5.27655e-19 
1.06651 0.993963 -8.983e-21 
1.00122 1.07853 0 
0.854367 0.97393 -1.09513e-19 
1.0923 0.895026 2.7909e-20 
0.310623 0.33433 -8.49171e-19 
0.657058 0.325039 -1.70099e-20 
0.554906 0.222325 4.06462e-19 
0.543194 0.336317 2.97398e-20 
0.43541 0.275242 -1.1951e-18 
0.61673 0.325801 0 
0.710087 0.424671 6.70667e-19 
0.711094 0.426074 0 
0.581884 0.340626 0 
0.508709 0.247575 0 
0.827166 0.625209 4.09879e-19 
1.23901 0.290377 -4.881e-19 
1.23916 0.429275 0 
1.24744 0.369715 0 
0.684718 0.195607 6.20145e-19 
0.873844 0.553773 -3.75159e-19 
0.77149 0.52667 6.67844e-19 
0.962913 0.446516 -7.35598e-19 
1.01915 0.0149829 8.02067e-19 
1.01755 0.0143592 -8.07988e-19 
1.0159 0.0153572 0 
1.03652 -0.00556772 0 
1.02992 -0.0083541 -7.5702e-19 
1.02797 -0.0119472 7.49491e-19 
1.02486 0.0105794 0 
1.02334 0.0143691 0 
1.01141 0.00416969 0 
1.01419 0.00916274 0 
1.01515 0.00418858 0 
1.01426 0.00290413 0 
0.0716636 1.35213 0 
0.0778539 1.29779 0 
0.149571 1.38627 9.22124e-21 
0.28196 1.48045 8.94571e-20 
0.17741 1.45131 1.88025e-19 
0.210351 1.45653 -3.06738e-19 
0.174646 1.41122 0 
0.136696 1.59916 -7.08224e-20 
0.117705 1.57818 0 
0.34551 2.0023 -1.03864e-19 
0.341814 2.33821 6.14487e-19 
0.193702 1.46397 6.17382e-20 
0.268948 1.39661 2.35375e-20 
0.202564 1.38961 -1.90199e-20 
0.278273 1.33905 -1.03171e-19 
0.243011 1.57896 0 
0.267532 1.6161 1.12328e-19 
0.0311165 2.25844 -2.92291e-20 
0.0439592 2.66386 0 
0.066688 2.39488 1.35938e-19 
0.0633921 2.41563 0 
0.0697278 2.66541 -2.19801e-19 
0.0493283 2.69407 0 
0.0272594 1.43914 3.26041e-20 
0.0358592 1.49039 0 
0.0293476 1.40605 0 
0.0242909 1.41135 -3.67903e-20 
0.00065976 2.64783 -1.70159e-20 
0.0299543 2.6932 1.67045e-19 
0.010524 2.71836 1.17678e-21 
0.00392528 1.83692 -3.25569e-21 
-0.00153618 1.69098 -3.42407e-21 
0.0111657 1.30092 0 
0.0202853 1.22085 0 
0.047276 1.5949 -2.58478e-20 
0.0334117 1.47147 -3.31227e-20 
0.0376679 1.53487 4.08994e-20 
0.0410797 1.61879 0 
-0.0292184 2.26917 9.60808e-20 
-0.0302177 2.54712 -4.0312e-20 
-0.0160535 2.44482 3.93145e-21 
-0.00282673 1.85285 3.94396e-21 
-0.0251404 2.49677 2.13253e-21 
-0.0202039 2.44048 2.51071e-22 
1.01844 0.0213723 -8.00069e-19 
1.01457 0.0279631 8.0574e-19 
1.01313 0.0163601 0 
1.01083 0.0708744 1.12665e-18 
0.991868 0.0597045 -1.26159e-18 
0.950622 0.0568755 1.41017e-18 
1.01441 0.112236 -1.5034e-19 
1.04297 -0.00555642 0 
1.05138 -0.00117029 7.21965e-19 
1.03924 -0.00974351 -7.2342e-19 
1.07191 0.0429462 -4.29252e-20 
1.06504 0.0242198 3.70204e-19 
1.06336 0.0570599 0 
1.05402 0.0502869 -1.33118e-19 
1.03236 0.0428484 0 
1.02594 0.0398857 0 
1.02789 0.0137079 0 
1.02382 0.016344 0 
1.04042 0.0332188 2.74204e-19 
1.03897 0.0277482 -6.06381e-19 
1.05138 0.034657 -2.90621e-19 
1.04847 0.0347858 -3.20108e-19 
1.0717 0.0653488 6.24607e-19 
1.09715 0.0531671 0 
1.10624 0.0973585 0 
-0.0248707 2.27422 5.36124e-20 
-0.024024 2.01778 8.05372e-22 
-0.0200926 2.02524 0 
-0.0265373 2.4431 -5.33698e-20 
-0.0215477 2.39936 -1.80437e-21 
-0.0327374 2.47074 5.3023e-21 
-0.0205375 2.61887 -1.16824e-20 
-0.0227569 2.56078 6.53657e-23 
-0.0211418 2.51244 -3.12498e-21 
-0.0157313 2.61298 1.02535e-20 
-0.0207185 2.61487 -1.0947e-20 
-0.00584373 1.49632 -6.3495e-22 
0.00373659 1.62268 -3.37548e-20 
0.371277 1.44749 -1.15947e-19 
0.371169 1.38095 3.63889e-20 
0.661478 1.42564 -2.38819e-19 
0.528743 1.49283 -1.42794e-19 
0.587136 1.45823 0 
0.593257 2.42112 2.06898e-19 
0.661679 2.41659 3.37456e-19 
0.411105 2.5105 8.78508e-20 
0.402329 2.53496 -6.09211e-19 
0.509954 2.47614 6.13969e-19 
0.55318 2.45785 0 
0.487977 2.51533 -5.59202e-19 
0.248355 2.58754 1.14346e-18 
0.354681 2.55967 -7.73507e-20 
0.283914 2.64925 -1.58621e-18 
0.948033 2.37449 7.26576e-19 
0.838192 2.37962 0 
1.01108 0.000529692 2.62409e-20 
1.01536 -0.00536519 -2.12851e-20 
1.01767 -0.00347035 -3.88751e-19 
1.01504 -0.000832381 3.90866e-19 
1.01246 0.00126935 0 
0.647758 1.2907 0 
0.671114 1.18427 0 
0.785041 1.1027 0 
0.66421 1.14793 0 
1.18461 2.61304 5.97356e-20 
1.07261 2.36036 0 
0.834108 2.16455 3.83162e-21 
0.8236 2.43041 0 
0.921697 2.52418 -4.21496e-19 
0.956924 2.48028 2.80374e-19 
0.797905 0.184608 0 
0.739783 0.157346 1.62822e-19 
0.907312 0.15216 9.47681e-19 
0.822944 0.156113 -3.55294e-19 
0.779255 0.0904137 -1.09485e-18 
1.08289 0.2418 -8.91268e-19 
1.00039 0.30444 -1.77705e-20 
0.928964 0.308123 8.59075e-19 
1.00774 0.234955 7.21138e-19 
0.948135 0.199684 -1.25348e-18 
0.910587 0.203804 1.5675e-19 
0.948164 0.270655 -3.326e-19 
0.92614 0.231205 0 
0.996024 0.19577 6.18233e-19 
1.04746 0.194806 0 
1.04504 0.223168 0 
1.10769 0.121614 2.89651e-19 
1.07183 0.181563 -1.50331e-20 
1.07629 0.241769 -1.57708e-19 
1.10193 0.207706 0 
1.02331 0.0467393 6.16627e-19 
1.03931 0.0603788 7.71336e-19 
1.03451 0.0464712 -6.12329e-19 
1.04299 0.0680022 -5.17283e-19 
1.02035 0.0756914 -7.93677e-19 
0.985471 0.160253 0 
0.990355 0.106153 0 
0.965306 0.0747031 -5.01102e-19 
0.905537 0.098544 1.99377e-19 
1.04009 0.108137 7.15821e-19 
1.06974 0.125237 -8.35494e-19 
1.07649 0.157644 7.46094e-19 
1.03115 0.151378 0 
1.07528 0.112697 0 
1.0543 0.0935172 -3.42473e-19 
1.04335 0.098132 -5.8435e-19 
0.57892 1.0554 1.39778e-19 
0.60429 1.38011 -4.12236e-20 
1.15445 2.72868 -2.27349e-19 
1.22008 3.07107 2.01204e-21 
1.24623 2.71184 -1.23543e-19 
1.2747 2.69512 -3.18833e-20 
1.20215 2.33541 -1.1094e-20 
1.20778 2.97495 -9.36109e-20 
1.22791 2.94048 2.34547e-19 
1.21025 3.22394 -1.42793e-19 
1.36989 2.95485 1.97313e-19 
1.35862 2.87294 0 
0.563735 0.812952 -5.0305e-20 
0.109904 1.22502 5.69647e-19 
0.557849 0.357386 5.55121e-19 
0.396901 0.104248 6.02165e-19 
0.479598 0.315416 6.776e-19 
0.545313 0.433591 -1.09577e-18 
0.547259 0.429879 8.97451e-19 
0.466501 0.314674 -3.40939e-19 
0.345121 0.242812 7.70719e-19 
0.709912 0.269393 -3.58146e-19 
0.669593 0.292349 0 
0.608641 0.207728 6.61013e-21 
0.74306 0.507178 3.63503e-19 
0.721048 0.477805 -1.32153e-18 
0.623566 0.445488 1.11868e-20 
0.620617 0.436502 0 
0.69335 0.717697 3.96307e-19 
0.855493 0.779249 3.94145e-19 
0.779115 0.861768 -4.61231e-19 
0.900968 0.816447 -1.54026e-19 
0.932037 0.861787 -3.7157e-20 
0.939121 0.861513 3.8052e-20 
0.86763 0.6597 -6.78517e-19 
0.947537 0.713357 1.43018e-19 
1.00688 0.728467 0 
0.997903 0.705071 -1.93199e-19 
1.03015 0.344908 2.11873e-19 
1.14983 0.306708 2.87348e-19 
1.07089 0.279129 3.64248e-19 
1.01941 0.377343 -4.30321e-19 
1.0677 0.439733 0 
1.12368 0.421427 0 
0.923484 0.381153 1.51461e-21 
0.840002 0.317476 0 
0.88531 0.313108 4.06519e-19 
0.910539 0.316735 -8.04879e-21 
0.957338 0.449957 2.04912e-18 
0.918424 0.505402 5.27088e-19 
0.923183 0.471974 -5.61944e-19 
0.83898 0.459334 6.03009e-19 
0.823588 0.452239 3.61617e-19 
0.79562 0.434585 -3.55623e-19 
1.02742 -0.000189416 6.47604e-19 
1.02 0.000106343 0 
1.01855 0.00103225 4.22286e-19 
1.02174 -0.00150511 -9.56582e-19 
1.02238 0.00454486 4.64721e-19 
1.0203 0.011577 -9.73133e-19 
1.02119 0.0109354 0 
1.02043 0.0111408 -2.02827e-19 
1.01593 0.0078681 5.08862e-19 
1.01658 0.010659 -2.5391e-19 
1.01728 0.0100076 1.86984e-19 
0.0299829 1.32654 0 
0.0364406 1.38088 0 
0.048836 1.32827 0 
0.053566 1.27524 0 
0.0746417 1.40116 -4.98273e-20 
0.0834017 1.3671 2.2325e-20 
0.117689 1.54516 -1.41667e-20 
0.104402 1.38934 -5.70485e-21 
0.0385188 1.47688 1.77308e-20 
0.0426357 1.47066 -1.36184e-20 
0.0670594 1.38756 -1.01333e-20 
0.0594877 1.38895 4.57329e-20 
0.0508811 1.36518 6.80149e-21 
0.0426425 1.38694 3.65558e-21 
0.107788 2.36326 -1.50118e-19 
0.0965917 2.41158 0 
0.1706 2.03732 1.08149e-19 
0.113403 1.70383 3.95366e-20 
0.234036 2.03398 -8.97957e-20 
0.200338 2.42512 0 
0.262544 2.3751 -6.05763e-19 
0.302513 2.37279 4.28122e-19 
0.22912 1.99378 -2.4963e-19 
0.155323 2.15288 1.69698e-19 
0.14176 2.26014 0 
0.0191578 1.87818 4.61173e-21 
0.00042681 2.38779 -3.39415e-20 
0.00699531 2.14573 0 
0.0116532 2.45136 -1.36241e-20 
0.0286133 2.2943 9.30945e-21 
0.0152245 1.41827 -7.05325e-21 
0.0126578 1.39995 1.17543e-19 
0.012574 1.40644 -3.88897e-20 
0.0211914 1.41129 -3.26985e-20 
0.0254706 1.44283 0 
0.00857829 1.38774 0 
0.00106317 1.29775 -4.61488e-20 
0.00480035 1.3796 1.31767e-20 
0.00853507 1.37941 0 
0.00666961 1.28956 -3.45221e-20 
0.0173265 1.21175 7.01269e-20 
1.04084 0.0121682 0 
1.04707 0.00839682 -6.77337e-20 
1.03876 0.0223712 -4.88919e-19 
1.04861 0.0211713 0 
1.05253 0.0210313 0 
1.0364 0.012359 -6.85337e-21 
1.03101 0.0121871 7.85832e-19 
1.03166 0.0172147 9.52652e-19 
1.02549 0.0211288 0 
1.02218 0.0215496 0 
1.03527 0.0260995 4.87444e-19 
1.02561 0.0279148 0 
1.02358 0.0279755 0 
-0.0179805 2.02291 0 
0.000770207 1.6533 -4.37601e-21 
-0.00453508 1.76066 -3.02723e-20 
-0.00125246 1.38797 0 
-0.00650504 1.55438 -1.85393e-20 
-0.00894696 1.46454 1.15673e-20 
-0.00596536 1.40147 0 
0.388535 1.64368 0 
0.373764 1.30708 -7.13799e-20 
0.300713 1.34043 0 
0.425662 1.30593 6.50541e-21 
0.476356 1.47034 0 
0.456691 1.41464 2.51667e-20 
1.0364 2.67522 -1.53602e-20 
0.968437 2.40323 -9.13178e-19 
0.921569 2.19154 1.02439e-18 
0.852213 2.37155 2.41968e-19 
0.847789 2.48468 0 
0.917518 2.48085 0 
0.931381 2.36802 0 
0.910343 2.35721 -9.44182e-19 
0.686731 2.44854 -3.94065e-19 
0.799901 2.438 -9.7647e-20 
0.810243 2.41217 7.41854e-20 
0.695548 2.38976 0 
0.800808 2.3851 0 
0.758963 2.39849 -3.68634e-19 
0.767506 2.4744 0 
0.631299 1.09371 0 
0.480468 0.900025 -5.12161e-19 
0.567561 0.944079 -3.2409e-20 
0.519161 1.03393 0 
0.519609 0.977024 7.67e-19 
0.799867 0.884643 -1.29751e-19 
0.808706 1.02084 0 
0.783843 0.987126 1.8525e-19 
0.668074 1.03396 0 
0.669409 0.9355 0 
1.16346 2.75183 -2.29802e-19 
1.14091 2.81515 -9.71249e-20 
0.928944 2.32926 1.00447e-19 
0.896742 2.30869 -8.33015e-20 
1.12904 2.72485 0 
1.08286 2.69431 1.00219e-19 
1.08895 2.4783 -3.13708e-19 
0.983473 2.23132 -3.03756e-20 
0.49224 1.33038 0 
0.507986 1.06044 -1.23202e-19 
0.576424 1.16708 0 
0.853185 0.249379 0 
0.759696 0.199556 0 
0.670661 0.155954 0 
0.844351 0.251625 -6.39873e-19 
0.732526 0.242641 3.73566e-19 
0.92196 0.0903628 -4.11305e-19 
0.926597 0.132904 0 
0.913901 0.140804 1.77645e-19 
0.850343 0.11855 7.1023e-19 
0.814425 0.0802648 -4.45486e-19 
1.15564 3.34891 -7.1792e-19 
1.20458 3.2684 0 
1.15337 3.37786 -1.48779e-18 
0.641524 3.53939 1.26228e-18 
0.863117 3.108 7.17075e-20 
0.522176 0.799934 6.05136e-19 
0.423966 0.797339 0 
0.308088 0.38533 -1.48778e-19 
0.4725 0.650001 8.56345e-19 
0.561667 0.360252 -1.95547e-19 
0.515667 0.465521 2.30866e-19 
0.674865 0.511621 4.91318e-19 
0.714002 0.550437 0 
0.663992 0.574896 0 
0.629136 0.526054 0 
1.00837 0.615087 8.82966e-20 
0.923398 0.554935 -5.13147e-19 
0.948697 0.586509 3.86554e-19 
0.979338 0.526556 -3.97288e-19 
1.0868 0.495122 0 
1.09519 0.586004 -9.67127e-20 
0.859324 0.412052 -8.29856e-19 
0.858198 0.400903 -1.02876e-18 
0.792762 0.393907 6.39064e-19 
0.802993 0.377897 -6.48693e-19 
0.846052 0.337085 -5.19191e-19 
0.792982 0.337537 6.35101e-19 
1.02668 0.00612979 -4.93083e-19 
1.02638 0.00634793 1.0021e-18 
1.02947 0.00026736 6.27552e-19 
1.03371 0.00118404 -7.55769e-19 
1.03383 0.00935202 0 
1.03007 0.0100554 -1.23054e-18 
0.0636815 1.64109 1.95186e-20 
0.0516743 1.5908 0 
0.0901937 1.69043 1.24605e-19 
0.0981455 1.6712 -1.10082e-19 
0.0938951 1.54812 2.5336e-20 
0.093216 1.54921 0 
0.0119513 1.6871 0 
-0.0042689 1.49547 7.38056e-21 
-0.00208035 1.44134 -6.63987e-21 
-0.00741807 1.55133 5.36213e-21 
0.00215669 1.88463 1.1023e-20 
-0.00969973 1.93756 -1.72607e-21 
0.496715 1.35731 -2.75014e-19 
0.490216 1.3577 3.02182e-19 
0.453076 1.30152 -3.09725e-20 
0.436332 1.28403 7.71439e-21 
0.640081 1.30826 0 
0.555426 1.39862 1.05385e-19 
0.570793 1.40599 -1.02593e-19 
0.466731 1.29125 3.01997e-20 
0.521487 1.24092 0 
0.573123 1.20374 0 
0.65362 2.40807 5.7889e-19 
0.669305 2.44958 1.25929e-18 
0.713777 2.46026 -8.67733e-19 
0.609992 2.43408 -2.01791e-19 
0.559775 2.5245 2.83521e-19 
0.509058 2.49928 -7.56701e-19 
0.978175 2.37474 -5.73294e-19 
1.01233 2.38691 0 
0.925751 2.16962 -6.58935e-19 
1.05384 2.67334 0 
1.05613 2.65995 0 
0.598738 2.25697 -1.27069e-19 
1.0366 3.15384 1.28523e-19 
0.90775 3.02421 -3.17449e-20 
0.264105 0.847928 0 
0.290693 0.691249 -3.17203e-19 
0.460474 0.651119 -3.19009e-19 
0.378615 2.00131 0 
0.46219 2.77884 -4.99168e-20 
0.415773 2.54146 0 
0.716331 0.66803 -8.37296e-19 
0.801214 0.685856 1.12161e-18 
0.821042 0.626867 -1.1082e-18 
0.693333 0.631132 -1.07328e-19 
0.748553 0.589125 -4.39939e-19 
1.00044 2.75275 -9.7746e-20 
1.04135 2.81395 -1.65155e-19 
0.631653 2.12069 6.9768e-19 
0.584151 1.68931 -4.97058e-19 
0.693584 1.88875 -4.06918e-19 
0.986657 2.43662 -1.12836e-19 
0.993668 2.42956 2.962e-19 
0.649333 1.8221 2.82775e-20 
0.440848 1.30999 1.44324e-19 
))
(300 (2 10 3 0 0 919 1018)(
0 0 0 
0 0 0 
0 0 0 
0 0 0 
0 0 0 
0 0 0 
0 0 0 
0 0 0 
0 0 0 
0 0 0 
0 0 0 
0 0 0 
0 0 0 
0 0 0 
0 0 0 
0 0 0 
0 0 0 
0 0 0 
0 0 0 
0 0 0 
0 0 0 
0 0 0 
0 0 0 
0 0 0 
0 0 0 
0 0 0 
0 0 0 
0 0 0 
0 0 0 
0 0 0 
0 0 0 
0 0 0 
0 0 0 
0 0 0 
0 0 0 
0 0 0 
0 0 0 
0 0 0 
0 0 0 
0 0 0 
0 0 0 
0 0 0 
0 0 0 
0 0 0 
0 0 0 
0 0 0 
0 0 0 
0 0 0 
0 0 0 
0 0 0 
0 0 0 
0 0 0 
0 0 0 
0 0 0 
0 0 0 
0 0 0 
0 0 0 
0 0 0 
0 0 0 
0 0 0 
0 0 0 
0 0 0 
0 0 0 
0 0 0 
0 0 0 
0 0 0 
0 0 0 
0 0 0 
0 0 0 
0 0 0 
0 0 0 
0 0 0 
0 0 0 
0 0 0 
0 0 0 
0 0 0 
0 0 0 
0 0 0 
0 0 0 
0 0 0 
0 0 0 
0 0 0 
0 0 0 
0 0 0 
0 0 0 
0 0 0 
0 0 0 
0 0 0 
0 0 0 
0 0 0 
0 0 0 
0 0 0 
0 0 0 
0 0 0 
0 0 0 
0 0 0 
0 0 0 
0 0 0 
0 0 0 
0 0 0 
))
(300 (2 11 3 0 0 1019 1026)(
1 0 0 
1 0 0 
1 0 0 
1 0 0 
1 0 0 
1 0 0 
1 0 0 
1 0 0 
))
(300 (2 12 3 0 0 1027 1030)(
0 3 0 
0 3 0 
0 3 0 
0 3 0 
))
(300 (2 13 3 0 0 1031 1038)(
0.00779814 0.888511 0 
-0.0121508 2.0624 3.76002e-20 
-0.0172778 1.17996 0 
-0.0143196 2.59402 0 
-0.0255911 1.98677 0 
-0.00321909 1.37394 0 
-0.0174233 1.53007 0 
-0.0198604 2.39113 0 
))
(300 (2 14 3 0 0 1039 1072)(
0 0 0 
0 0 0 
0 0 0 
0 0 0 
0 0 0 
0 0 0 
0 0 0 
0 0 0 
0 0 0 
0 0 0 
0 0 0 
0 0 0 
0 0 0 
0 0 0 
0 0 0 
0 0 0 
0 0 0 
0 0 0 
0 0 0 
0 0 0 
0 0 0 
0 0 0 
0 0 0 
0 0 0 
0 0 0 
0 0 0 
0 0 0 
0 0 0 
0 0 0 
0 0 0 
0 0 0 
0 0 0 
0 0 0 
0 0 0 
))
(300 (2 15 3 0 0 1073 1072)(
))
