(0 "FOAM to Fluent data File")

(33 (918 3444 1074))
(300 (1 1 1 0 0 1 918)(
0.556737
1.18507
0.00116896
0.556169
-0.012648
1.15208
-0.50897
0.672448
0.536929
-0.111077
-0.0454685
0.537177
1.01279
0.779819
-1.12436
-0.0100414
0.651669
-0.382017
0.536029
-0.0558773
0.699053
0.543475
0.546501
0.53708
0.599708
0.754295
0.894018
0.0218561
0.00915682
0.00472199
-0.0120331
-0.0393099
-0.0330788
1.03572
1.08681
1.10951
0.504753
0.332424
-0.374167
-0.446321
-0.435424
-0.547345
0.668229
0.666325
-0.207203
0.675888
0.679061
0.523977
0.536297
0.537207
0.538236
0.537216
0.538598
0.404188
-0.112426
-0.144043
-0.0920584
-0.0835488
0.0544123
-0.046675
-0.0487298
-0.0439862
-0.0434868
0.454008
0.531685
0.528552
0.542214
0.552947
1.12462
1.09653
1.12268
1.03639
1.05286
0.990762
0.963443
0.799678
0.82152
0.766292
0.752993
-1.55678
-2.5091
-0.533983
-0.283006
-0.0105643
-0.00736193
-0.00127375
0.648361
0.64927
0.651226
0.654327
1.08028
-0.379027
-0.480133
0.536168
0.534976
0.543306
0.544006
0.540024
0.539115
-0.0468463
-0.0434952
-0.0472613
-0.0521903
-0.0510266
0.687796
0.688203
0.53761
0.534616
0.560147
0.580382
0.57091
0.27832
0.608237
0.623574
0.585768
0.747489
0.740929
0.749879
0.867553
0.831838
0.930982
0.954053
0.0165869
3.39242e-05
-0.0149591
-0.0194584
-0.0183008
0.500594
0.493148
0.52045
0.50818
0.510682
0.248993
0.115425
0.41749
0.442485
-0.292413
-0.357599
-0.429935
-0.459546
-0.567455
0.611536
0.662899
0.66043
-0.218578
-0.146442
-0.278882
-0.0731506
-0.135801
0.514253
0.521258
0.516261
0.531801
0.526271
0.528233
0.540564
0.537636
0.539195
0.466498
0.590242
0.330295
0.294976
-0.2447
-0.159321
-0.245337
-0.0715064
-0.0664868
0.0682659
0.093695
0.0413903
0.0297493
-0.0602385
-0.0516225
-0.0558566
-0.0426759
-0.0432546
0.446785
0.435619
0.466688
0.474234
0.519003
0.520439
0.524994
0.522911
0.914146
0.936499
0.944163
0.917927
-3.49982
-6.28359
0.0419337
0.178464
-0.00680105
-0.00923887
0.00207338
-0.00570979
0.000463219
-0.00187938
-0.00594965
-0.00736657
-0.0022892
-0.000996058
0.642088
0.643058
1.00212
1.00851
0.978231
0.930935
0.524367
0.526443
0.531949
0.527828
-0.042339
-0.0430611
-0.0419647
0.682035
0.686599
0.684804
0.240012
0.150671
0.329186
0.358186
0.635573
0.624031
0.633995
0.646139
0.683602
0.96145
0.979722
0.977906
0.986313
1.03031
1.04668
1.01211
0.480057
0.490032
0.484985
0.523557
0.521331
0.522233
0.518065
0.519375
0.517339
-0.0351908
-0.415562
0.490218
0.507344
0.492115
0.494956
0.691692
0.77028
0.654325
0.657667
0.656743
-0.00452846
-0.0628845
0.250424
0.216597
0.386492
0.422809
0.401825
0.885445
0.845824
0.895948
0.869143
0.830381
0.856081
-0.367173
-1.86806
-0.986439
0.528588
0.342609
0.430027
0.0115837
-0.00533452
-0.000791317
1.00139
1.07409
0.646076
0.820772
0.82368
0.718328
0.747834
0.805921
0.733922
0.767129
0.799447
0.778089
0.56767
0.503399
0.519331
0.839493
0.895263
0.121022
0.0602387
0.016227
0.112342
0.169487
0.143624
1.0344
0.949186
1.0195
0.534375
0.535093
-0.00451544
-0.0181506
0.539325
0.539379
-0.0119773
-0.00113899
0.412796
-0.832473
0.101897
0.527893
0.517837
0.534944
-0.0943297
0.35565
-0.0469147
0.0491082
-0.00677322
0.530962
0.465121
0.424285
0.00175548
-0.0184276
-0.0469317
-0.21441
0.532045
0.530351
0.534413
0.535359
0.536037
-0.0175425
-0.0130881
-0.00974832
-0.0445127
-0.039232
-0.049625
0.498924
0.517906
-0.170064
0.534559
0.53669
0.53651
0.52976
0.535396
0.533644
-0.00921252
-0.0147825
-0.0171986
0.220927
0.351728
0.652425
0.740213
0.623745
0.399841
0.164658
0.555752
0.618919
0.524723
0.67839
0.658955
0.673044
0.167493
0.0172777
0.175842
0.117337
0.525753
0.524462
0.516092
0.513062
0.529811
0.527922
0.532483
0.529498
0.53245
0.533833
-0.0509364
-0.0777682
-0.0878622
-0.156687
0.310366
0.571903
0.25369
0.283881
0.14241
-0.0407799
-0.0406941
-0.0454522
-0.0516635
0.0021256
-0.021776
0.0440334
0.0445844
0.0167037
-0.00936124
-0.00571983
-0.0166355
-0.0124261
0.524599
0.52418
0.528056
0.536665
0.474751
0.478522
0.443425
0.464159
0.449441
0.388299
0.423481
0.398741
-0.00430878
0.00459798
-0.00150253
-0.0159924
-0.0127608
-0.031582
-0.0283183
-0.0245048
-0.020196
-0.0267621
-0.0416526
-0.0436435
-0.172049
-0.287206
0.988717
0.910457
0.136328
0.5212
0.527652
0.524415
0.529323
0.532451
0.533258
0.530972
0.527523
0.518233
0.519754
0.516607
0.517542
-0.101777
-0.242371
-0.0705585
-0.144031
0.143969
0.627106
0.363629
0.299642
0.294727
0.522657
0.917116
0.701487
0.676131
0.684523
-0.342876
0.0468755
-0.278817
0.336407
0.163834
0.652282
0.700503
0.721824
0.670476
0.623784
-0.103048
0.555352
-0.070444
-0.0189358
0.182028
0.0596187
0.670062
0.6453
0.650036
0.664927
0.6808
0.650725
0.636707
0.632026
0.659894
0.661759
0.486981
0.25174
0.203109
0.16455
0.641821
0.521713
0.574305
0.492475
0.520957
0.523557
0.522193
0.503747
0.511323
0.506851
0.513399
0.516895
0.525526
0.525982
0.521272
0.523404
-0.0567784
-0.0611408
-0.0299422
-0.13746
-0.131328
-0.193671
-0.0627829
0.0753708
0.0359206
0.237051
0.341532
0.0525141
-0.0583653
-0.0309109
0.0111585
0.180062
0.20758
0.0743947
0.162538
0.152689
0.134829
0.237127
0.240979
-0.0256011
-0.0290525
-0.0325706
-0.0344418
0.0200953
0.0905699
0.100321
-0.00362386
-0.00968246
-0.0387338
-0.0393951
-0.0215576
-0.0265259
-0.0222941
0.00869962
-0.0515264
-0.0185861
-0.00446008
-0.000622522
-0.0027315
-0.00837914
0.517749
0.520235
0.519851
0.525841
0.540748
0.555382
0.519357
0.496927
0.487724
0.490738
0.463628
0.473966
0.46963
0.48336
0.504483
0.514026
0.51153
0.514362
0.496612
0.498363
0.484867
0.488574
0.463375
0.444234
0.432369
-0.0409676
-0.00192831
-0.010064
-0.0362781
-0.00628181
-0.0184734
-0.00881329
0.0101847
-0.00593801
-0.00776922
-0.0182732
-0.0243673
-0.0236339
-0.0739236
0.0125022
-0.183793
-0.219596
-0.292078
0.890675
1.01472
0.810445
0.583565
0.603376
0.846498
0.9312
0.543584
0.735772
0.759028
0.586429
0.853881
0.526037
0.525639
0.523239
0.522719
0.523935
-0.00696784
0.0986648
0.0982743
0.160538
0.275807
0.387642
0.318155
0.193613
0.323942
0.326447
0.620091
0.632028
0.587305
0.61109
0.611047
0.425499
0.501065
0.553164
0.512345
0.564838
0.586052
0.540425
0.57307
0.523231
0.478261
0.474177
0.424609
0.444251
0.420182
0.403205
0.514989
0.492946
0.503319
0.493873
0.513065
0.541003
0.537276
0.561637
0.576437
0.497759
0.452798
0.462202
0.49245
0.453438
0.4687
0.48524
0.231007
0.132743
0.215721
-0.0705726
0.00176945
-0.0112152
-0.0596091
-0.00920735
0.275284
-0.416765
-0.393021
-1.0209
0.501778
0.953268
0.608492
0.581682
0.679001
0.661743
0.666967
0.683348
0.685817
0.630376
0.641272
0.645654
0.605599
0.627194
0.646197
0.642876
0.524824
0.385298
0.383329
0.332677
0.202827
0.242105
0.43961
0.363177
0.288043
0.288508
0.457648
0.344464
0.414085
0.448352
0.379854
0.334275
0.537118
0.602338
0.595594
0.569507
0.482427
0.495534
0.519407
0.553511
0.578512
0.60898
0.512824
0.518743
0.519976
0.517455
0.51473
0.517787
0.518029
0.520575
0.521225
0.524215
0.523262
-0.0464539
-0.0340678
-0.0475759
-0.0560465
-0.0203159
-0.0228218
0.0212736
0.00613834
-0.0131705
-0.00773657
-0.0317448
-0.0361129
-0.031865
-0.0232658
0.0997557
0.112502
0.096102
0.0563283
0.250566
0.380114
0.454628
0.329865
0.222985
0.246016
0.265901
-0.0122048
0.0140781
0.00102918
0.0404705
0.0323422
-0.0336497
-0.0373188
-0.0348099
-0.0278162
-0.0183721
-0.0350526
-0.0390828
-0.029987
-0.0350354
-0.0376282
-0.0418642
0.499187
0.492649
0.494365
0.488166
0.486881
0.50132
0.505583
0.507555
0.513085
0.515514
0.50539
0.51117
0.515172
-0.00935548
-0.0323352
-0.0362064
-0.0256053
-0.0282596
-0.0262801
-0.027671
0.123241
0.0535268
0.0579718
0.00988495
-0.121585
-0.0638317
0.490898
0.489754
0.479352
0.720558
0.569854
0.49037
0.587387
0.693106
0.275694
0.472558
0.307445
0.888245
0.784478
0.930891
0.542073
0.244351
0.406578
0.45072
0.263036
0.33825
0.325651
0.214637
0.245548
0.282645
0.381778
0.26449
0.241009
-0.00194391
0.188375
0.300684
0.282525
0.407354
0.468247
0.265333
0.184812
0.14004
0.604976
0.624438
0.638333
0.610709
0.631647
0.579251
0.570484
0.586376
0.594747
0.589852
-0.748974
-0.455491
-1.40183
-0.723046
-0.268742
0.532079
0.50244
0.768542
0.646914
0.687367
0.672653
0.631635
0.600755
0.622879
0.64716
0.344178
0.455096
0.430329
0.435609
0.337703
0.26845
0.566402
0.562674
0.595182
0.61834
0.590628
0.619879
0.510651
0.510373
0.509833
0.506081
0.504354
0.506723
0.057586
0.0255513
0.063292
0.0442148
0.0209823
0.00847897
-0.00625496
-0.0161581
-0.0234414
-0.0233532
-0.00951406
-0.00542085
0.170788
0.108789
0.0289627
0.0584773
-0.00228142
-0.0711031
-0.0898062
0.0148821
0.111248
0.101426
0.4051
0.654913
0.474884
0.642403
0.484765
0.540544
0.467912
0.459316
0.484511
0.378864
0.459375
0.244716
-0.262609
-0.17165
0.791795
0.80383
0.580408
0.403605
0.172175
0.352449
0.543244
0.474357
0.510299
0.579405
0.567353
0.0251079
0.0843558
0.366498
0.59341
0.238595
0.229715
0.22343
0.405894
0.32523
))
(300 (1 10 1 0 0 919 1018)(
0.556737
1.18507
0.00116896
0.556169
1.15208
-0.50897
0.672448
-0.111077
-0.0454685
0.537177
1.01279
0.779819
-1.12436
0.651669
-0.382017
0.536029
-0.0558773
0.699053
0.53708
0.599708
0.754295
0.894018
0.0218561
1.03572
0.504753
-0.446321
-0.547345
0.666325
-0.207203
0.679061
0.523977
-0.144043
-0.0835488
-0.0487298
-0.0434868
0.454008
0.528552
0.552947
1.05286
0.963443
0.82152
0.752993
-2.5091
-0.283006
0.64927
0.654327
-0.480133
0.534976
0.539115
-0.0434952
-0.0510266
0.688203
0.534616
0.57091
0.27832
0.623574
0.585768
0.749879
0.831838
0.954053
0.493148
0.52045
0.510682
-0.357599
-0.567455
0.66043
-0.278882
-0.135801
0.516261
0.528233
-0.245337
-0.0664868
-0.0558566
-0.0432546
0.435619
0.474234
0.519003
0.522911
0.917927
0.178464
0.643058
0.524367
0.527828
-0.0419647
0.684804
0.150671
0.358186
0.633995
0.683602
0.986313
0.484985
0.522233
0.517339
0.656743
-0.0628845
0.401825
0.869143
0.430027
0.767129
0.016227
))
(300 (1 11 1 0 0 919 926)(
0.556737
0.556169
0.536929
0.543475
0.537207
0.538598
0.543306
0.539195
))
(300 (1 12 1 0 0 919 922)(
1.18507
1.15208
1.10951
1.12268
))
(300 (1 13 1 0 0 919 926)(
0
0
0
0
0
0
0
0
))
(300 (1 14 1 0 0 919 952)(
-0.012648
-0.0100414
-0.0330788
0.332424
0.404188
0.0544123
-0.00127375
1.08028
-0.0183008
0.115425
0.442485
0.611536
0.590242
0.294976
0.093695
0.0297493
-6.28359
-0.00594965
-0.000996058
1.00851
0.930935
-0.415562
0.490218
0.494956
0.77028
0.216597
-0.986439
-0.000791317
1.07409
0.82368
0.519331
0.895263
0.143624
1.0195
))
(300 (1 15 1 0 0 919 2754)(
0.556737
0.556737
1.18507
1.18507
0.00116896
0.00116896
0.556169
0.556169
-0.012648
-0.012648
1.15208
1.15208
-0.50897
-0.50897
0.672448
0.672448
0.536929
0.536929
-0.111077
-0.111077
-0.0454685
-0.0454685
0.537177
0.537177
1.01279
1.01279
0.779819
0.779819
-1.12436
-1.12436
-0.0100414
-0.0100414
0.651669
0.651669
-0.382017
-0.382017
0.536029
0.536029
-0.0558773
-0.0558773
0.699053
0.699053
0.543475
0.543475
0.546501
0.546501
0.53708
0.53708
0.599708
0.599708
0.754295
0.754295
0.894018
0.894018
0.0218561
0.0218561
0.00915682
0.00915682
0.00472199
0.00472199
-0.0120331
-0.0120331
-0.0393099
-0.0393099
-0.0330788
-0.0330788
1.03572
1.03572
1.08681
1.08681
1.10951
1.10951
0.504753
0.504753
0.332424
0.332424
-0.374167
-0.374167
-0.446321
-0.446321
-0.435424
-0.435424
-0.547345
-0.547345
0.668229
0.668229
0.666325
0.666325
-0.207203
-0.207203
0.675888
0.675888
0.679061
0.679061
0.523977
0.523977
0.536297
0.536297
0.537207
0.537207
0.538236
0.538236
0.537216
0.537216
0.538598
0.538598
0.404188
0.404188
-0.112426
-0.112426
-0.144043
-0.144043
-0.0920584
-0.0920584
-0.0835488
-0.0835488
0.0544123
0.0544123
-0.046675
-0.046675
-0.0487298
-0.0487298
-0.0439862
-0.0439862
-0.0434868
-0.0434868
0.454008
0.454008
0.531685
0.531685
0.528552
0.528552
0.542214
0.542214
0.552947
0.552947
1.12462
1.12462
1.09653
1.09653
1.12268
1.12268
1.03639
1.03639
1.05286
1.05286
0.990762
0.990762
0.963443
0.963443
0.799678
0.799678
0.82152
0.82152
0.766292
0.766292
0.752993
0.752993
-1.55678
-1.55678
-2.5091
-2.5091
-0.533983
-0.533983
-0.283006
-0.283006
-0.0105643
-0.0105643
-0.00736193
-0.00736193
-0.00127375
-0.00127375
0.648361
0.648361
0.64927
0.64927
0.651226
0.651226
0.654327
0.654327
1.08028
1.08028
-0.379027
-0.379027
-0.480133
-0.480133
0.536168
0.536168
0.534976
0.534976
0.543306
0.543306
0.544006
0.544006
0.540024
0.540024
0.539115
0.539115
-0.0468463
-0.0468463
-0.0434952
-0.0434952
-0.0472613
-0.0472613
-0.0521903
-0.0521903
-0.0510266
-0.0510266
0.687796
0.687796
0.688203
0.688203
0.53761
0.53761
0.534616
0.534616
0.560147
0.560147
0.580382
0.580382
0.57091
0.57091
0.27832
0.27832
0.608237
0.608237
0.623574
0.623574
0.585768
0.585768
0.747489
0.747489
0.740929
0.740929
0.749879
0.749879
0.867553
0.867553
0.831838
0.831838
0.930982
0.930982
0.954053
0.954053
0.0165869
0.0165869
3.39242e-05
3.39242e-05
-0.0149591
-0.0149591
-0.0194584
-0.0194584
-0.0183008
-0.0183008
0.500594
0.500594
0.493148
0.493148
0.52045
0.52045
0.50818
0.50818
0.510682
0.510682
0.248993
0.248993
0.115425
0.115425
0.41749
0.41749
0.442485
0.442485
-0.292413
-0.292413
-0.357599
-0.357599
-0.429935
-0.429935
-0.459546
-0.459546
-0.567455
-0.567455
0.611536
0.611536
0.662899
0.662899
0.66043
0.66043
-0.218578
-0.218578
-0.146442
-0.146442
-0.278882
-0.278882
-0.0731506
-0.0731506
-0.135801
-0.135801
0.514253
0.514253
0.521258
0.521258
0.516261
0.516261
0.531801
0.531801
0.526271
0.526271
0.528233
0.528233
0.540564
0.540564
0.537636
0.537636
0.539195
0.539195
0.466498
0.466498
0.590242
0.590242
0.330295
0.330295
0.294976
0.294976
-0.2447
-0.2447
-0.159321
-0.159321
-0.245337
-0.245337
-0.0715064
-0.0715064
-0.0664868
-0.0664868
0.0682659
0.0682659
0.093695
0.093695
0.0413903
0.0413903
0.0297493
0.0297493
-0.0602385
-0.0602385
-0.0516225
-0.0516225
-0.0558566
-0.0558566
-0.0426759
-0.0426759
-0.0432546
-0.0432546
0.446785
0.446785
0.435619
0.435619
0.466688
0.466688
0.474234
0.474234
0.519003
0.519003
0.520439
0.520439
0.524994
0.524994
0.522911
0.522911
0.914146
0.914146
0.936499
0.936499
0.944163
0.944163
0.917927
0.917927
-3.49982
-3.49982
-6.28359
-6.28359
0.0419337
0.0419337
0.178464
0.178464
-0.00680105
-0.00680105
-0.00923887
-0.00923887
0.00207338
0.00207338
-0.00570979
-0.00570979
0.000463219
0.000463219
-0.00187938
-0.00187938
-0.00594965
-0.00594965
-0.00736657
-0.00736657
-0.0022892
-0.0022892
-0.000996058
-0.000996058
0.642088
0.642088
0.643058
0.643058
1.00212
1.00212
1.00851
1.00851
0.978231
0.978231
0.930935
0.930935
0.524367
0.524367
0.526443
0.526443
0.531949
0.531949
0.527828
0.527828
-0.042339
-0.042339
-0.0430611
-0.0430611
-0.0419647
-0.0419647
0.682035
0.682035
0.686599
0.686599
0.684804
0.684804
0.240012
0.240012
0.150671
0.150671
0.329186
0.329186
0.358186
0.358186
0.635573
0.635573
0.624031
0.624031
0.633995
0.633995
0.646139
0.646139
0.683602
0.683602
0.96145
0.96145
0.979722
0.979722
0.977906
0.977906
0.986313
0.986313
1.03031
1.03031
1.04668
1.04668
1.01211
1.01211
0.480057
0.480057
0.490032
0.490032
0.484985
0.484985
0.523557
0.523557
0.521331
0.521331
0.522233
0.522233
0.518065
0.518065
0.519375
0.519375
0.517339
0.517339
-0.0351908
-0.0351908
-0.415562
-0.415562
0.490218
0.490218
0.507344
0.507344
0.492115
0.492115
0.494956
0.494956
0.691692
0.691692
0.77028
0.77028
0.654325
0.654325
0.657667
0.657667
0.656743
0.656743
-0.00452846
-0.00452846
-0.0628845
-0.0628845
0.250424
0.250424
0.216597
0.216597
0.386492
0.386492
0.422809
0.422809
0.401825
0.401825
0.885445
0.885445
0.845824
0.845824
0.895948
0.895948
0.869143
0.869143
0.830381
0.830381
0.856081
0.856081
-0.367173
-0.367173
-1.86806
-1.86806
-0.986439
-0.986439
0.528588
0.528588
0.342609
0.342609
0.430027
0.430027
0.0115837
0.0115837
-0.00533452
-0.00533452
-0.000791317
-0.000791317
1.00139
1.00139
1.07409
1.07409
0.646076
0.646076
0.820772
0.820772
0.82368
0.82368
0.718328
0.718328
0.747834
0.747834
0.805921
0.805921
0.733922
0.733922
0.767129
0.767129
0.799447
0.799447
0.778089
0.778089
0.56767
0.56767
0.503399
0.503399
0.519331
0.519331
0.839493
0.839493
0.895263
0.895263
0.121022
0.121022
0.0602387
0.0602387
0.016227
0.016227
0.112342
0.112342
0.169487
0.169487
0.143624
0.143624
1.0344
1.0344
0.949186
0.949186
1.0195
1.0195
0.534375
0.534375
0.535093
0.535093
-0.00451544
-0.00451544
-0.0181506
-0.0181506
0.539325
0.539325
0.539379
0.539379
-0.0119773
-0.0119773
-0.00113899
-0.00113899
0.412796
0.412796
-0.832473
-0.832473
0.101897
0.101897
0.527893
0.527893
0.517837
0.517837
0.534944
0.534944
-0.0943297
-0.0943297
0.35565
0.35565
-0.0469147
-0.0469147
0.0491082
0.0491082
-0.00677322
-0.00677322
0.530962
0.530962
0.465121
0.465121
0.424285
0.424285
0.00175548
0.00175548
-0.0184276
-0.0184276
-0.0469317
-0.0469317
-0.21441
-0.21441
0.532045
0.532045
0.530351
0.530351
0.534413
0.534413
0.535359
0.535359
0.536037
0.536037
-0.0175425
-0.0175425
-0.0130881
-0.0130881
-0.00974832
-0.00974832
-0.0445127
-0.0445127
-0.039232
-0.039232
-0.049625
-0.049625
0.498924
0.498924
0.517906
0.517906
-0.170064
-0.170064
0.534559
0.534559
0.53669
0.53669
0.53651
0.53651
0.52976
0.52976
0.535396
0.535396
0.533644
0.533644
-0.00921252
-0.00921252
-0.0147825
-0.0147825
-0.0171986
-0.0171986
0.220927
0.220927
0.351728
0.351728
0.652425
0.652425
0.740213
0.740213
0.623745
0.623745
0.399841
0.399841
0.164658
0.164658
0.555752
0.555752
0.618919
0.618919
0.524723
0.524723
0.67839
0.67839
0.658955
0.658955
0.673044
0.673044
0.167493
0.167493
0.0172777
0.0172777
0.175842
0.175842
0.117337
0.117337
0.525753
0.525753
0.524462
0.524462
0.516092
0.516092
0.513062
0.513062
0.529811
0.529811
0.527922
0.527922
0.532483
0.532483
0.529498
0.529498
0.53245
0.53245
0.533833
0.533833
-0.0509364
-0.0509364
-0.0777682
-0.0777682
-0.0878622
-0.0878622
-0.156687
-0.156687
0.310366
0.310366
0.571903
0.571903
0.25369
0.25369
0.283881
0.283881
0.14241
0.14241
-0.0407799
-0.0407799
-0.0406941
-0.0406941
-0.0454522
-0.0454522
-0.0516635
-0.0516635
0.0021256
0.0021256
-0.021776
-0.021776
0.0440334
0.0440334
0.0445844
0.0445844
0.0167037
0.0167037
-0.00936124
-0.00936124
-0.00571983
-0.00571983
-0.0166355
-0.0166355
-0.0124261
-0.0124261
0.524599
0.524599
0.52418
0.52418
0.528056
0.528056
0.536665
0.536665
0.474751
0.474751
0.478522
0.478522
0.443425
0.443425
0.464159
0.464159
0.449441
0.449441
0.388299
0.388299
0.423481
0.423481
0.398741
0.398741
-0.00430878
-0.00430878
0.00459798
0.00459798
-0.00150253
-0.00150253
-0.0159924
-0.0159924
-0.0127608
-0.0127608
-0.031582
-0.031582
-0.0283183
-0.0283183
-0.0245048
-0.0245048
-0.020196
-0.020196
-0.0267621
-0.0267621
-0.0416526
-0.0416526
-0.0436435
-0.0436435
-0.172049
-0.172049
-0.287206
-0.287206
0.988717
0.988717
0.910457
0.910457
0.136328
0.136328
0.5212
0.5212
0.527652
0.527652
0.524415
0.524415
0.529323
0.529323
0.532451
0.532451
0.533258
0.533258
0.530972
0.530972
0.527523
0.527523
0.518233
0.518233
0.519754
0.519754
0.516607
0.516607
0.517542
0.517542
-0.101777
-0.101777
-0.242371
-0.242371
-0.0705585
-0.0705585
-0.144031
-0.144031
0.143969
0.143969
0.627106
0.627106
0.363629
0.363629
0.299642
0.299642
0.294727
0.294727
0.522657
0.522657
0.917116
0.917116
0.701487
0.701487
0.676131
0.676131
0.684523
0.684523
-0.342876
-0.342876
0.0468755
0.0468755
-0.278817
-0.278817
0.336407
0.336407
0.163834
0.163834
0.652282
0.652282
0.700503
0.700503
0.721824
0.721824
0.670476
0.670476
0.623784
0.623784
-0.103048
-0.103048
0.555352
0.555352
-0.070444
-0.070444
-0.0189358
-0.0189358
0.182028
0.182028
0.0596187
0.0596187
0.670062
0.670062
0.6453
0.6453
0.650036
0.650036
0.664927
0.664927
0.6808
0.6808
0.650725
0.650725
0.636707
0.636707
0.632026
0.632026
0.659894
0.659894
0.661759
0.661759
0.486981
0.486981
0.25174
0.25174
0.203109
0.203109
0.16455
0.16455
0.641821
0.641821
0.521713
0.521713
0.574305
0.574305
0.492475
0.492475
0.520957
0.520957
0.523557
0.523557
0.522193
0.522193
0.503747
0.503747
0.511323
0.511323
0.506851
0.506851
0.513399
0.513399
0.516895
0.516895
0.525526
0.525526
0.525982
0.525982
0.521272
0.521272
0.523404
0.523404
-0.0567784
-0.0567784
-0.0611408
-0.0611408
-0.0299422
-0.0299422
-0.13746
-0.13746
-0.131328
-0.131328
-0.193671
-0.193671
-0.0627829
-0.0627829
0.0753708
0.0753708
0.0359206
0.0359206
0.237051
0.237051
0.341532
0.341532
0.0525141
0.0525141
-0.0583653
-0.0583653
-0.0309109
-0.0309109
0.0111585
0.0111585
0.180062
0.180062
0.20758
0.20758
0.0743947
0.0743947
0.162538
0.162538
0.152689
0.152689
0.134829
0.134829
0.237127
0.237127
0.240979
0.240979
-0.0256011
-0.0256011
-0.0290525
-0.0290525
-0.0325706
-0.0325706
-0.0344418
-0.0344418
0.0200953
0.0200953
0.0905699
0.0905699
0.100321
0.100321
-0.00362386
-0.00362386
-0.00968246
-0.00968246
-0.0387338
-0.0387338
-0.0393951
-0.0393951
-0.0215576
-0.0215576
-0.0265259
-0.0265259
-0.0222941
-0.0222941
0.00869962
0.00869962
-0.0515264
-0.0515264
-0.0185861
-0.0185861
-0.00446008
-0.00446008
-0.000622522
-0.000622522
-0.0027315
-0.0027315
-0.00837914
-0.00837914
0.517749
0.517749
0.520235
0.520235
0.519851
0.519851
0.525841
0.525841
0.540748
0.540748
0.555382
0.555382
0.519357
0.519357
0.496927
0.496927
0.487724
0.487724
0.490738
0.490738
0.463628
0.463628
0.473966
0.473966
0.46963
0.46963
0.48336
0.48336
0.504483
0.504483
0.514026
0.514026
0.51153
0.51153
0.514362
0.514362
0.496612
0.496612
0.498363
0.498363
0.484867
0.484867
0.488574
0.488574
0.463375
0.463375
0.444234
0.444234
0.432369
0.432369
-0.0409676
-0.0409676
-0.00192831
-0.00192831
-0.010064
-0.010064
-0.0362781
-0.0362781
-0.00628181
-0.00628181
-0.0184734
-0.0184734
-0.00881329
-0.00881329
0.0101847
0.0101847
-0.00593801
-0.00593801
-0.00776922
-0.00776922
-0.0182732
-0.0182732
-0.0243673
-0.0243673
-0.0236339
-0.0236339
-0.0739236
-0.0739236
0.0125022
0.0125022
-0.183793
-0.183793
-0.219596
-0.219596
-0.292078
-0.292078
0.890675
0.890675
1.01472
1.01472
0.810445
0.810445
0.583565
0.583565
0.603376
0.603376
0.846498
0.846498
0.9312
0.9312
0.543584
0.543584
0.735772
0.735772
0.759028
0.759028
0.586429
0.586429
0.853881
0.853881
0.526037
0.526037
0.525639
0.525639
0.523239
0.523239
0.522719
0.522719
0.523935
0.523935
-0.00696784
-0.00696784
0.0986648
0.0986648
0.0982743
0.0982743
0.160538
0.160538
0.275807
0.275807
0.387642
0.387642
0.318155
0.318155
0.193613
0.193613
0.323942
0.323942
0.326447
0.326447
0.620091
0.620091
0.632028
0.632028
0.587305
0.587305
0.61109
0.61109
0.611047
0.611047
0.425499
0.425499
0.501065
0.501065
0.553164
0.553164
0.512345
0.512345
0.564838
0.564838
0.586052
0.586052
0.540425
0.540425
0.57307
0.57307
0.523231
0.523231
0.478261
0.478261
0.474177
0.474177
0.424609
0.424609
0.444251
0.444251
0.420182
0.420182
0.403205
0.403205
0.514989
0.514989
0.492946
0.492946
0.503319
0.503319
0.493873
0.493873
0.513065
0.513065
0.541003
0.541003
0.537276
0.537276
0.561637
0.561637
0.576437
0.576437
0.497759
0.497759
0.452798
0.452798
0.462202
0.462202
0.49245
0.49245
0.453438
0.453438
0.4687
0.4687
0.48524
0.48524
0.231007
0.231007
0.132743
0.132743
0.215721
0.215721
-0.0705726
-0.0705726
0.00176945
0.00176945
-0.0112152
-0.0112152
-0.0596091
-0.0596091
-0.00920735
-0.00920735
0.275284
0.275284
-0.416765
-0.416765
-0.393021
-0.393021
-1.0209
-1.0209
0.501778
0.501778
0.953268
0.953268
0.608492
0.608492
0.581682
0.581682
0.679001
0.679001
0.661743
0.661743
0.666967
0.666967
0.683348
0.683348
0.685817
0.685817
0.630376
0.630376
0.641272
0.641272
0.645654
0.645654
0.605599
0.605599
0.627194
0.627194
0.646197
0.646197
0.642876
0.642876
0.524824
0.524824
0.385298
0.385298
0.383329
0.383329
0.332677
0.332677
0.202827
0.202827
0.242105
0.242105
0.43961
0.43961
0.363177
0.363177
0.288043
0.288043
0.288508
0.288508
0.457648
0.457648
0.344464
0.344464
0.414085
0.414085
0.448352
0.448352
0.379854
0.379854
0.334275
0.334275
0.537118
0.537118
0.602338
0.602338
0.595594
0.595594
0.569507
0.569507
0.482427
0.482427
0.495534
0.495534
0.519407
0.519407
0.553511
0.553511
0.578512
0.578512
0.60898
0.60898
0.512824
0.512824
0.518743
0.518743
0.519976
0.519976
0.517455
0.517455
0.51473
0.51473
0.517787
0.517787
0.518029
0.518029
0.520575
0.520575
0.521225
0.521225
0.524215
0.524215
0.523262
0.523262
-0.0464539
-0.0464539
-0.0340678
-0.0340678
-0.0475759
-0.0475759
-0.0560465
-0.0560465
-0.0203159
-0.0203159
-0.0228218
-0.0228218
0.0212736
0.0212736
0.00613834
0.00613834
-0.0131705
-0.0131705
-0.00773657
-0.00773657
-0.0317448
-0.0317448
-0.0361129
-0.0361129
-0.031865
-0.031865
-0.0232658
-0.0232658
0.0997557
0.0997557
0.112502
0.112502
0.096102
0.096102
0.0563283
0.0563283
0.250566
0.250566
0.380114
0.380114
0.454628
0.454628
0.329865
0.329865
0.222985
0.222985
0.246016
0.246016
0.265901
0.265901
-0.0122048
-0.0122048
0.0140781
0.0140781
0.00102918
0.00102918
0.0404705
0.0404705
0.0323422
0.0323422
-0.0336497
-0.0336497
-0.0373188
-0.0373188
-0.0348099
-0.0348099
-0.0278162
-0.0278162
-0.0183721
-0.0183721
-0.0350526
-0.0350526
-0.0390828
-0.0390828
-0.029987
-0.029987
-0.0350354
-0.0350354
-0.0376282
-0.0376282
-0.0418642
-0.0418642
0.499187
0.499187
0.492649
0.492649
0.494365
0.494365
0.488166
0.488166
0.486881
0.486881
0.50132
0.50132
0.505583
0.505583
0.507555
0.507555
0.513085
0.513085
0.515514
0.515514
0.50539
0.50539
0.51117
0.51117
0.515172
0.515172
-0.00935548
-0.00935548
-0.0323352
-0.0323352
-0.0362064
-0.0362064
-0.0256053
-0.0256053
-0.0282596
-0.0282596
-0.0262801
-0.0262801
-0.027671
-0.027671
0.123241
0.123241
0.0535268
0.0535268
0.0579718
0.0579718
0.00988495
0.00988495
-0.121585
-0.121585
-0.0638317
-0.0638317
0.490898
0.490898
0.489754
0.489754
0.479352
0.479352
0.720558
0.720558
0.569854
0.569854
0.49037
0.49037
0.587387
0.587387
0.693106
0.693106
0.275694
0.275694
0.472558
0.472558
0.307445
0.307445
0.888245
0.888245
0.784478
0.784478
0.930891
0.930891
0.542073
0.542073
0.244351
0.244351
0.406578
0.406578
0.45072
0.45072
0.263036
0.263036
0.33825
0.33825
0.325651
0.325651
0.214637
0.214637
0.245548
0.245548
0.282645
0.282645
0.381778
0.381778
0.26449
0.26449
0.241009
0.241009
-0.00194391
-0.00194391
0.188375
0.188375
0.300684
0.300684
0.282525
0.282525
0.407354
0.407354
0.468247
0.468247
0.265333
0.265333
0.184812
0.184812
0.14004
0.14004
0.604976
0.604976
0.624438
0.624438
0.638333
0.638333
0.610709
0.610709
0.631647
0.631647
0.579251
0.579251
0.570484
0.570484
0.586376
0.586376
0.594747
0.594747
0.589852
0.589852
-0.748974
-0.748974
-0.455491
-0.455491
-1.40183
-1.40183
-0.723046
-0.723046
-0.268742
-0.268742
0.532079
0.532079
0.50244
0.50244
0.768542
0.768542
0.646914
0.646914
0.687367
0.687367
0.672653
0.672653
0.631635
0.631635
0.600755
0.600755
0.622879
0.622879
0.64716
0.64716
0.344178
0.344178
0.455096
0.455096
0.430329
0.430329
0.435609
0.435609
0.337703
0.337703
0.26845
0.26845
0.566402
0.566402
0.562674
0.562674
0.595182
0.595182
0.61834
0.61834
0.590628
0.590628
0.619879
0.619879
0.510651
0.510651
0.510373
0.510373
0.509833
0.509833
0.506081
0.506081
0.504354
0.504354
0.506723
0.506723
0.057586
0.057586
0.0255513
0.0255513
0.063292
0.063292
0.0442148
0.0442148
0.0209823
0.0209823
0.00847897
0.00847897
-0.00625496
-0.00625496
-0.0161581
-0.0161581
-0.0234414
-0.0234414
-0.0233532
-0.0233532
-0.00951406
-0.00951406
-0.00542085
-0.00542085
0.170788
0.170788
0.108789
0.108789
0.0289627
0.0289627
0.0584773
0.0584773
-0.00228142
-0.00228142
-0.0711031
-0.0711031
-0.0898062
-0.0898062
0.0148821
0.0148821
0.111248
0.111248
0.101426
0.101426
0.4051
0.4051
0.654913
0.654913
0.474884
0.474884
0.642403
0.642403
0.484765
0.484765
0.540544
0.540544
0.467912
0.467912
0.459316
0.459316
0.484511
0.484511
0.378864
0.378864
0.459375
0.459375
0.244716
0.244716
-0.262609
-0.262609
-0.17165
-0.17165
0.791795
0.791795
0.80383
0.80383
0.580408
0.580408
0.403605
0.403605
0.172175
0.172175
0.352449
0.352449
0.543244
0.543244
0.474357
0.474357
0.510299
0.510299
0.579405
0.579405
0.567353
0.567353
0.0251079
0.0251079
0.0843558
0.0843558
0.366498
0.366498
0.59341
0.59341
0.238595
0.238595
0.229715
0.229715
0.22343
0.22343
0.405894
0.405894
0.32523
0.32523
))
(300 (2 1 3 0 0 1 918)(
0.985161 -0.000506544 0 
0.00501432 2.96625 0 
0.00914653 0.889081 0 
0.979704 0.00214615 0 
-0.0114718 2.06059 3.79972e-20 
-0.00704605 2.9488 -2.46611e-18 
0.818393 1.16102 4.47883e-19 
0.14441 0.0802999 -1.49565e-20 
0.999909 -0.000277545 0 
0.0612428 0.735852 0 
0.0137837 0.528518 0 
0.735828 -0.0161673 0 
0.011091 2.93038 0 
0.00273718 2.79485 0 
-0.0177423 3.15007 7.80322e-19 
-0.0220505 1.91104 8.18613e-21 
0.280046 0.0441322 1.018e-18 
0.188024 1.13742 3.17706e-19 
0.962733 0.00501797 0 
0.00828832 0.495699 0 
-0.00915634 0.107813 -7.04162e-19 
1.00197 -0.0049762 0 
1.00022 -0.00978564 0 
0.975736 -0.006439 0 
0.59861 0.0123827 0 
0.0149967 2.64131 0 
-0.0148554 2.90999 9.07366e-19 
0.0106427 0.938955 0 
-0.0153621 1.18079 0 
0.0129671 0.921249 0 
-0.0135305 2.59588 0 
-0.000489226 2.11463 -3.03456e-20 
-0.0109396 1.89085 0 
-0.0206116 2.9876 -8.86337e-23 
-0.0166872 3.00529 1.91665e-18 
0.00210079 3.00018 0 
0.871286 -0.00964621 0 
0.403042 0.93387 1.79611e-19 
0.80292 1.17563 -5.10699e-19 
0.954762 1.02024 5.54166e-19 
0.671969 1.26732 -1.03672e-19 
0.673261 1.24185 5.97492e-19 
0.182666 0.135933 1.45915e-20 
0.161963 0.0582147 0 
1.15574 0.560977 0 
0.157297 0.121677 6.65242e-20 
0.121144 0.0751932 -6.90277e-20 
0.919888 -0.0074555 0 
1.00027 0.000160171 0 
0.999909 0.000338087 0 
1.00363 -0.00776118 0 
1.00096 -0.000921003 0 
1.00017 3.56569e-05 0 
0.0734441 1.82558 -7.72639e-19 
0.0277417 0.947283 0 
0.0975393 0.8099 0 
0.00870878 0.903155 0 
0.0358047 0.664084 0 
0.00629035 2.011 0 
-0.00065955 0.815872 0 
0.0116661 0.546234 0 
-0.0035425 0.809079 0 
0.00860711 0.517627 0 
0.841331 -0.0157444 0 
0.839191 0.0329684 0 
0.767082 -0.00902473 0 
0.803595 0.0388017 0 
0.702097 -0.00559285 0 
0.0146876 3.0004 9.14118e-19 
0.0114987 3.00801 0 
0.00611656 3.00277 0 
0.0135361 2.99735 1.03707e-23 
0.007973 2.95848 -1.3586e-18 
0.014491 2.98205 0 
0.0108454 2.9036 0 
0.0245699 2.93085 2.07763e-24 
0.00466228 2.82475 0 
0.0301938 2.91645 0 
-0.00508717 2.74533 0 
0.305503 3.54338 0 
-0.131614 3.62415 0 
0.138028 3.24011 -7.26163e-19 
-0.0133791 2.97797 0 
-0.0254168 1.98628 0 
-0.00706027 2.16609 -8.07393e-21 
-0.016194 1.91907 1.62476e-21 
0.356147 0.145459 -3.53458e-19 
0.308591 0.0262425 -3.43199e-19 
0.314445 0.151912 -1.05822e-18 
0.244322 0.0523207 -6.89143e-19 
0.228821 0.981683 0 
0.271965 1.28806 -3.68184e-19 
0.365675 1.22478 6.14205e-19 
0.987441 0.00856945 0 
0.94187 0.00583004 0 
1.0003 0.000580407 0 
1.00286 0.00930872 0 
1.00301 0.00846996 -2.7427e-18 
0.991909 0.00969609 2.07119e-18 
-0.00707014 0.79567 0 
0.00789728 0.505562 0 
-0.0422152 1.00756 0 
-0.021087 0.836266 0 
0.00633605 0.493879 0 
-0.00387854 0.120052 2.17298e-19 
0.0787299 0.0889814 0 
0.993551 -0.00837199 0 
0.954459 -0.00652958 0 
0.746288 0.0353209 0 
0.68072 0.0284978 0 
0.663561 0.00445139 0 
0.969869 -0.00754644 0 
0.597349 0.0735029 0 
0.447207 -0.0118037 1.53849e-18 
-0.037315 2.86209 6.70241e-19 
0.0414123 2.90974 0 
0.0534422 2.88609 0 
-0.0041991 2.70023 0 
-0.0133456 2.98517 8.58983e-19 
-0.017862 2.89506 0 
-0.0153876 2.98808 -2.66382e-18 
-0.013336 2.92518 9.11836e-19 
-0.0254886 1.34451 0 
-0.00180193 1.37356 0 
-0.00717738 2.13091 4.80289e-22 
-0.00593828 2.09287 0 
-0.023856 1.89841 0 
0.938537 -0.00741575 0 
0.857386 -0.00996074 0 
0.86327 0.00573307 0 
0.949558 -0.00783581 0 
0.884019 -0.00818421 0 
0.514561 1.12691 -2.2685e-19 
0.563722 1.178 0 
0.367644 0.878813 3.35589e-20 
0.310215 0.737513 0 
0.915026 1.05841 -1.52696e-19 
1.0321 0.867399 3.09389e-19 
0.358936 1.35094 0 
0.524476 1.32332 0 
0.547365 1.26147 0 
0.120729 0.18482 -3.0205e-19 
0.205704 0.1345 0 
0.18975 0.0726887 1.92302e-19 
1.00321 0.922087 0 
1.07658 0.776045 0 
1.10164 0.717496 -2.4487e-19 
1.13515 0.62049 0 
1.18597 0.404548 5.6946e-20 
0.957736 -0.00871579 0 
0.9625 -0.0100421 0 
0.90173 -0.00797893 0 
0.9842 -0.00914878 0 
0.974705 -0.00933748 0 
0.937129 -0.00637129 0 
1.00019 0.00233917 0 
1.0009 0.0014132 0 
0.99991 0.000854585 0 
0.0353782 2.07388 4.28245e-19 
0.118984 1.76851 0 
0.0177911 2.18801 6.58041e-19 
0.0462306 1.87939 -5.48818e-19 
0.105131 1.14453 -2.60241e-19 
0.0470445 1.02528 0 
0.142618 0.972878 0 
0.00199564 0.864124 0 
0.0162528 0.611818 0 
-0.0013401 2.24151 -8.39659e-22 
0.015658 2.0159 0 
-0.00211708 2.24339 -3.0986e-20 
0.00759616 2.01973 4.88669e-20 
0.000298199 0.84046 0 
0.00063855 0.824289 0 
0.0094331 0.575331 0 
-0.00304245 0.80023 0 
0.00158969 0.509741 0 
0.938144 0.00971966 0 
0.84977 -0.0147103 0 
0.927394 0.000371916 0 
0.842321 -0.0129238 0 
0.812236 -0.0015577 0 
0.899185 0.0218858 0 
0.872731 0.0275535 0 
0.788658 -0.00517764 0 
0.00578709 3.06494 -8.52072e-21 
0.0166929 3.05769 0 
0.0147071 2.96903 0 
0.00872075 2.87621 0 
0.921183 3.95624 0 
1.23473 3.28966 9.27517e-19 
0.0693429 3.07016 0 
-0.0290026 2.90262 0 
-0.00807789 1.39415 0 
-0.0306966 1.69449 0 
-0.0172366 1.5288 0 
-0.0299507 2.55395 -7.98336e-21 
-0.0136761 2.24387 0 
-0.0193933 2.392 0 
-0.00189539 1.94568 8.90902e-22 
-0.00349366 2.23886 -5.73157e-21 
-0.00540233 2.20088 -1.81269e-21 
-0.00990709 1.93138 0 
0.407187 0.125829 5.39083e-19 
0.356778 0.0150211 -5.29017e-19 
0.259048 1.58513 0 
0.277018 0.754751 -3.15625e-19 
0.177145 1.67236 -1.04889e-18 
0.226099 1.21884 1.05121e-18 
0.902034 0.00637912 0 
0.967405 0.0111221 0 
0.97455 0.0108084 0 
0.923312 0.00641901 0 
-0.00778729 0.795574 0 
-0.00918374 0.794629 0 
0.00571085 0.500989 0 
0.139809 0.110363 6.15948e-19 
0.120521 0.0999522 -7.27215e-19 
0.101053 0.0760975 0 
1.09741 0.085782 2.71313e-20 
1.07953 0.0391927 0 
1.01214 0.0397931 0 
0.906479 -0.00570005 0 
0.456959 0.105438 0 
0.516288 0.0867978 -2.45821e-18 
0.40139 0.010335 9.19229e-19 
0.00878415 2.98123 7.20742e-19 
-0.032244 2.86573 4.79326e-20 
0.00358278 3.05027 -1.80408e-20 
0.0202089 3.04334 6.41366e-19 
-0.0150073 2.99658 2.99451e-20 
-0.0129276 2.94945 -1.2051e-22 
-0.0172585 3.01195 -5.54263e-19 
0.0148499 3.02385 4.01287e-19 
0.00737357 3.03682 -6.35337e-19 
0.933873 -0.00124895 0 
0.939385 -0.00323149 0 
0.845835 -0.0094586 0 
0.956539 0.0119032 0 
0.942676 0.0132389 0 
0.881589 0.00586581 0 
0.916819 0.0173794 0 
0.925869 0.015058 0 
0.838511 0.00229487 0 
0.717072 1.40425 4.12555e-20 
0.750394 1.51297 0 
0.181954 0.31603 7.05622e-20 
0.227928 0.668567 5.68204e-19 
0.262317 0.720731 -3.31864e-19 
0.263505 0.522584 6.6019e-19 
0.345551 0.810164 1.58977e-18 
0.140062 0.229809 3.75401e-19 
0.273752 0.154305 7.2988e-19 
0.237439 0.149252 1.8931e-19 
0.214912 0.0638438 3.59224e-19 
1.1751 0.462664 6.08848e-20 
1.19107 0.256093 5.62292e-20 
0.0099167 2.23653 2.53508e-19 
0.0403936 1.94698 0 
0.970046 0.0292068 0 
0.942926 0.0138026 0 
0.86849 -0.0179784 0 
0.0112551 3.07417 0 
0.0196764 2.94416 1.17444e-18 
0.0164218 2.95626 0 
0.00644772 2.85052 -1.16481e-18 
0.00640125 3.09164 2.84916e-19 
0.00713683 3.08251 0 
0.783249 1.81456 -1.59374e-19 
1.24259 2.49036 4.05407e-19 
0.765233 1.95392 -1.23162e-18 
0.0196 2.9805 -6.20498e-19 
0.0352143 2.99931 0 
-0.0346239 2.87648 0 
-0.00421637 2.22243 -1.31365e-20 
-0.00315871 2.24351 7.63935e-21 
0.000830217 1.98106 -7.29598e-21 
0.278124 1.39406 1.02487e-18 
0.237876 0.548582 -7.02758e-19 
0.0637132 1.99847 7.6304e-19 
0.135371 1.88464 -9.10675e-19 
0.180321 1.51086 9.49033e-20 
0.00477033 3.11795 -1.65114e-18 
0.015188 3.11832 1.77615e-18 
-0.00926076 2.98057 7.91269e-19 
-0.00361637 2.97717 -7.48625e-19 
-0.02138 2.8811 -8.05889e-19 
0.00859771 3.09862 -2.11637e-18 
0.0018055 3.10682 2.08431e-18 
0.281605 0.694844 0 
0.248263 0.684095 -1.18059e-18 
0.0958807 0.225333 5.24213e-19 
0.357247 0.936951 1.11208e-18 
0.195145 0.275616 -1.71454e-18 
1.18334 0.17441 6.34809e-20 
1.19156 0.310624 0 
1.17171 0.122293 -7.2001e-21 
0.00112174 2.25393 -1.48273e-21 
0.00453107 2.24578 0 
0.0245801 1.98211 0 
0.34012 1.3029 -3.68062e-19 
0.374348 1.14885 -7.99768e-19 
0.209702 0.37724 1.42578e-18 
1.00588 -0.0108342 0 
1.00767 -0.00763702 5.05986e-19 
-0.0210641 1.32487 0 
-0.0361985 1.32249 0 
1.00221 0.00351171 1.80969e-21 
1.00366 0.00946547 1.03307e-18 
-0.0180174 2.53841 1.0116e-20 
-0.0236325 2.58118 0 
0.0345328 3.17719 4.0951e-19 
0.391073 3.48485 0 
1.17251 0.661363 -5.86087e-20 
1.01286 0.0131308 -2.13816e-21 
1.02133 -0.0103041 0 
1.0017 0.00012678 7.80221e-23 
0.108754 1.36563 0 
0.144184 2.57147 0 
0.0246958 1.30771 0 
-0.000925898 2.62343 2.89513e-20 
-0.02198 2.5804 4.76304e-21 
0.998945 0.0269232 1.81736e-21 
1.06295 0.00457125 0 
1.0973 0.0249271 0 
-0.029065 1.737 0 
-0.018827 2.58168 0 
-0.00484015 1.30822 0 
0.312728 1.47927 -1.69077e-19 
1.0113 -0.00962147 0 
1.0094 -0.0149185 0 
1.00237 0.000749832 6.46652e-19 
1.00547 -0.00480313 -7.60005e-19 
1.00118 -0.000973784 0 
-0.0139417 1.46027 0 
-0.00673162 1.37207 0 
-0.00729488 1.41801 0 
-0.00856043 1.29621 0 
-0.0169567 1.28412 0 
-0.00888893 1.26566 0 
1.03498 -0.00608254 0 
1.0198 0.0156209 -8.40952e-22 
0.820341 1.27316 2.59431e-19 
1.00223 0.000316474 -6.44062e-19 
1.00406 0.00525795 7.54123e-19 
1.00118 0.00207314 0 
1.01274 0.0103511 6.41035e-19 
1.00799 0.00830997 -7.76716e-19 
1.00856 0.0146942 0 
-0.0238378 2.60958 0 
-0.0254856 2.58887 -1.78714e-20 
-0.0230411 2.60308 1.27781e-20 
1.23632 0.266683 5.82962e-19 
1.16154 0.0866489 0 
0.0411154 3.07825 -9.14847e-19 
0.0646943 2.85652 -6.66085e-20 
0.138901 3.19252 1.39756e-18 
0.134428 3.22011 -1.98312e-19 
0.133591 3.2312 0 
0.0190312 3.13722 2.36223e-19 
0.0744922 3.16031 9.02325e-19 
0.0675074 3.18524 -4.45325e-19 
0.0217318 3.13002 0 
0.597195 0.279402 0 
0.523945 0.303065 0 
1.14341 0.697419 1.34425e-19 
1.13781 0.818855 -1.19543e-19 
1.20042 0.584161 0 
1.22847 0.518938 0 
1.01606 0.0133662 -1.1949e-18 
1.01498 0.0142774 1.49994e-18 
1.02536 -0.00982375 0 
1.02343 -0.0118632 0 
1.00642 0.00261721 0 
1.01041 0.00373269 0 
1.00458 0.00185931 0 
1.00979 0.00624131 0 
1.00781 0.00596273 0 
1.00451 0.00471213 0 
0.0976054 1.3636 0 
0.0922671 1.32829 0 
0.131104 1.4026 0 
0.148324 1.40665 0 
0.14576 2.59638 0 
0.18559 2.66614 -4.23663e-19 
0.101524 2.65203 0 
0.0851934 2.65485 1.97927e-19 
0.0383293 2.67774 -1.49096e-19 
0.0166501 1.31906 0 
0.0222226 1.24446 0 
0.0193031 1.32914 0 
0.0337264 1.26723 0 
0.00290088 1.98416 2.08962e-21 
-0.0207398 2.60819 -1.72611e-20 
-0.00906189 2.66485 1.46398e-20 
-0.0189759 2.68361 0 
-0.0235521 2.61401 -7.66958e-21 
-0.0237289 2.60885 1.13677e-20 
0.0117914 1.98268 1.16622e-21 
-0.00753117 2.39622 2.31589e-20 
-0.0137081 2.4182 -1.66032e-20 
1.00896 0.0383462 1.211e-18 
1.0053 0.0164369 -1.5097e-18 
1.00278 0.0459388 -1.23362e-18 
0.976527 0.0326119 1.55179e-18 
1.06418 0.00837325 0 
1.04932 -0.00829002 0 
1.0943 0.0350698 0 
1.07428 0.0129058 0 
1.07209 0.000498704 0 
1.14025 0.0828901 0 
1.11169 0.0444819 0 
1.11536 0.0323755 0 
-0.0255196 2.43098 8.93878e-22 
-0.0142792 2.01177 0 
-0.016704 2.2153 0 
-0.0206683 2.6024 -1.02352e-20 
-0.0179128 2.61236 1.62926e-22 
0.0029791 1.57106 -3.43614e-20 
-0.00543913 1.49963 3.50002e-20 
-0.0147009 1.38869 0 
-0.0182582 1.39534 0 
-0.0231451 1.39012 0 
-0.00325022 1.30919 0 
0.00800279 1.2366 0 
0.387299 1.49685 2.75178e-19 
0.43026 1.49767 1.44902e-19 
0.597673 2.44552 -2.40218e-19 
0.398861 2.54274 7.0712e-19 
0.350371 2.05512 7.13724e-20 
1.02106 -0.00812104 0 
1.0155 -0.00975141 0 
1.01492 -0.0155042 0 
1.00741 -0.00108727 0 
1.00493 -0.000913638 0 
1.00778 -0.00469635 0 
1.00927 -0.00362006 0 
1.01422 -0.00438323 0 
1.02055 0.0163058 1.17054e-18 
1.0177 0.0155621 -1.49706e-18 
1.02084 0.0183157 -1.1794e-18 
1.01845 0.0163613 1.47934e-18 
0.783928 1.32423 0 
0.720687 1.37419 2.45847e-19 
0.895125 1.22351 9.6702e-20 
0.940774 1.16832 -1.28653e-19 
1.15484 2.60054 2.76308e-19 
0.771796 0.122162 5.98883e-19 
1.16332 0.108588 0 
1.21187 0.193999 -4.69014e-19 
1.19886 0.155022 -1.99407e-20 
1.00637 0.156152 0 
0.130168 2.95895 5.32387e-19 
0.106689 2.86521 -1.15902e-18 
0.0156136 2.37399 7.75657e-19 
0.0937453 -0.136155 -3.34063e-19 
0.336146 3.41485 -2.14969e-19 
0.191599 3.30927 0 
0.235008 3.34998 2.79966e-19 
0.240447 3.03145 -1.77749e-18 
0.333647 3.18956 0 
0.00562454 3.1211 4.61379e-20 
0.0163312 3.12963 -5.42814e-19 
0.014272 3.12572 7.98911e-19 
0.0343745 3.13995 0 
0.0326946 3.15027 0 
1.21095 2.5983 0 
0.544044 0.809218 -5.28284e-19 
1.0642 0.992165 -6.89695e-21 
0.998519 1.07727 0 
0.851662 0.973494 -1.10338e-19 
1.08909 0.8933 2.80384e-20 
0.320432 0.344221 -8.63034e-19 
0.663105 0.321543 -1.76587e-20 
0.577396 0.222167 4.09711e-19 
0.550674 0.339858 3.02138e-20 
0.44353 0.28416 -1.21427e-18 
0.625391 0.323816 0 
0.705744 0.420551 6.98493e-19 
0.710479 0.423403 0 
0.588211 0.339368 0 
0.524887 0.248434 0 
0.821769 0.621803 4.12869e-19 
1.23731 0.288948 -4.90953e-19 
1.23698 0.427264 0 
1.24558 0.368086 0 
0.695955 0.195301 6.19849e-19 
0.869899 0.550632 -3.78819e-19 
0.767107 0.52096 6.73276e-19 
0.96115 0.443193 -7.39703e-19 
1.01927 0.0149299 8.02733e-19 
1.01761 0.0143368 -8.08008e-19 
1.0159 0.0154023 0 
1.03645 -0.00562254 0 
1.02988 -0.00839069 -7.56829e-19 
1.02792 -0.0119724 7.49304e-19 
1.02487 0.0104416 0 
1.02339 0.0141742 0 
1.01142 0.00414669 0 
1.01421 0.00913797 0 
1.01515 0.00415022 0 
1.01426 0.00287743 0 
0.0647063 1.34668 0 
0.0687613 1.29544 0 
0.146925 1.38513 1.23125e-20 
0.282879 1.47765 9.07648e-20 
0.177339 1.44891 1.91632e-19 
0.210509 1.45368 -3.11967e-19 
0.173032 1.4096 0 
0.136951 1.60026 -7.11544e-20 
0.119373 1.57822 0 
0.347232 2.00534 -1.03775e-19 
0.34282 2.34067 6.14982e-19 
0.194301 1.46319 6.20216e-20 
0.268716 1.39584 2.389e-20 
0.203025 1.38765 -1.93258e-20 
0.279169 1.33891 -1.02277e-19 
0.244189 1.58071 0 
0.26799 1.6179 1.11715e-19 
0.0309203 2.26254 -2.87111e-20 
0.0434509 2.667 0 
0.0665694 2.3988 1.34053e-19 
0.0631251 2.41968 0 
0.0694708 2.66852 -2.19338e-19 
0.0489219 2.697 0 
0.0263258 1.42915 3.05516e-20 
0.0340136 1.48123 0 
0.0282815 1.39694 0 
0.0231253 1.40109 -3.44732e-20 
-0.000114837 2.6511 -1.72735e-20 
0.0293081 2.69634 1.67378e-19 
0.00981078 2.72121 1.1823e-21 
0.00280451 1.83459 -1.47949e-21 
-0.00289415 1.68737 -2.67502e-21 
0.0138847 1.29954 0 
0.0212467 1.22188 0 
0.046608 1.58964 -2.68946e-20 
0.0298528 1.46292 -3.27921e-20 
0.0361715 1.52774 4.10782e-20 
0.0399156 1.61388 0 
-0.0293993 2.27038 9.39067e-20 
-0.0304726 2.54942 -3.94615e-20 
-0.0162219 2.44686 3.61149e-21 
-0.00356282 1.85088 1.79254e-21 
-0.0255027 2.49891 1.40736e-21 
-0.0207079 2.44237 2.63502e-21 
1.01866 0.0212131 -8.03597e-19 
1.01421 0.0275369 8.02607e-19 
1.01347 0.0173567 0 
1.0114 0.0712619 1.1251e-18 
0.991578 0.0585809 -1.26272e-18 
0.950209 0.0543596 1.41117e-18 
1.01396 0.112524 -1.50318e-19 
1.04287 -0.00562243 0 
1.05124 -0.00126596 7.21806e-19 
1.03914 -0.00979107 -7.23303e-19 
1.07165 0.0427138 -4.29226e-20 
1.06482 0.0240364 3.70126e-19 
1.06343 0.0568359 0 
1.05372 0.0502534 -1.33117e-19 
1.03258 0.0432921 0 
1.02559 0.0397807 0 
1.02783 0.0135313 0 
1.02383 0.0161749 0 
1.04019 0.0327704 2.74223e-19 
1.03912 0.0277662 -6.06378e-19 
1.05114 0.0344683 -2.90573e-19 
1.04829 0.0345019 -3.2012e-19 
1.07146 0.0651174 6.24269e-19 
1.09692 0.0527653 0 
1.10573 0.0968324 0 
-0.025091 2.27549 5.25011e-20 
-0.0238976 2.01761 6.37437e-22 
-0.020133 2.02497 0 
-0.0267343 2.44476 -5.22653e-20 
-0.0214347 2.40057 -1.48888e-21 
-0.0329291 2.47233 5.09481e-21 
-0.0209631 2.62149 -1.03722e-20 
-0.0230216 2.5631 -4.91254e-23 
-0.0213559 2.51467 -2.5952e-21 
-0.0160377 2.61537 9.55782e-21 
-0.0211094 2.61736 -1.00797e-20 
-0.00551775 1.49202 -5.58458e-22 
0.00386036 1.61962 -3.21043e-20 
0.372556 1.44496 -1.16501e-19 
0.372019 1.38138 3.55436e-20 
0.661409 1.42461 -2.37779e-19 
0.529279 1.49076 -1.42555e-19 
0.587558 1.4569 0 
0.593505 2.42245 2.0696e-19 
0.661784 2.41758 3.37545e-19 
0.411421 2.5123 8.76844e-20 
0.402849 2.53679 -6.09674e-19 
0.510593 2.47814 6.13585e-19 
0.553359 2.4593 0 
0.488335 2.51689 -5.59434e-19 
0.248741 2.58965 1.14408e-18 
0.354973 2.56156 -7.76898e-20 
0.284252 2.65133 -1.58689e-18 
0.947974 2.37528 7.2647e-19 
0.838244 2.38047 0 
1.01106 0.000517275 2.62305e-20 
1.01534 -0.00538686 -2.12796e-20 
1.01767 -0.0034991 -3.8866e-19 
1.01502 -0.000858784 3.90718e-19 
1.01244 0.00123383 0 
0.646952 1.28932 0 
0.669019 1.18395 0 
0.782609 1.10307 0 
0.661952 1.1472 0 
1.18488 2.61412 5.97837e-20 
1.07297 2.36124 0 
0.834706 2.16709 3.82163e-21 
0.8241 2.43216 0 
0.922009 2.52568 -4.21472e-19 
0.957237 2.4818 2.80377e-19 
0.799687 0.181494 0 
0.746197 0.154713 1.62609e-19 
0.910527 0.151299 9.46396e-19 
0.826187 0.155205 -3.54939e-19 
0.782551 0.0906412 -1.09258e-18 
1.08188 0.240042 -8.9261e-19 
0.999259 0.301941 -1.71749e-20 
0.929508 0.305331 8.60887e-19 
1.00787 0.23255 7.21112e-19 
0.949345 0.197333 -1.25296e-18 
0.912603 0.201738 1.56689e-19 
0.951594 0.267214 -3.32444e-19 
0.928006 0.228519 0 
0.995566 0.193524 6.17884e-19 
1.04724 0.193253 0 
1.04475 0.22133 0 
1.1072 0.120777 2.89817e-19 
1.07132 0.180224 -1.49551e-20 
1.07553 0.240224 -1.5775e-19 
1.10179 0.20642 0 
1.02332 0.0469347 6.17082e-19 
1.03931 0.0602116 7.71275e-19 
1.03444 0.046133 -6.12195e-19 
1.04328 0.0675777 -5.16933e-19 
1.02127 0.0757659 -7.92325e-19 
0.986571 0.160338 0 
0.992631 0.106239 0 
0.964585 0.0718594 -5.01567e-19 
0.906209 0.0974341 1.99243e-19 
1.03972 0.107496 7.15653e-19 
1.06955 0.124325 -8.35943e-19 
1.07596 0.15666 7.46491e-19 
1.03072 0.149215 0 
1.07532 0.111837 0 
1.05491 0.0930193 -3.42582e-19 
1.04341 0.0968871 -5.84641e-19 
0.578747 1.0576 1.39127e-19 
0.605281 1.38452 -4.06832e-20 
1.15472 2.73007 -2.26129e-19 
1.22055 3.07226 1.61247e-21 
1.2466 2.71301 -1.21717e-19 
1.2753 2.69635 -3.29927e-20 
1.20281 2.33668 -1.09866e-20 
1.20817 2.97613 -9.22309e-20 
1.2282 2.94157 2.32575e-19 
1.21084 3.22521 -1.43575e-19 
1.37065 2.95621 1.98414e-19 
1.35958 2.87432 0 
0.560123 0.817814 -5.01687e-20 
0.113862 1.23004 5.69215e-19 
0.552586 0.371762 5.62927e-19 
0.390786 0.118849 6.13478e-19 
0.485163 0.324503 6.87407e-19 
0.543116 0.440127 -1.10835e-18 
0.545366 0.437019 9.06899e-19 
0.469962 0.329653 -3.44413e-19 
0.354812 0.258802 7.81417e-19 
0.716779 0.267394 -3.57721e-19 
0.677411 0.291054 0 
0.626161 0.208166 7.10795e-21 
0.740257 0.505617 3.678e-19 
0.7161 0.476437 -1.3384e-18 
0.620133 0.448636 1.19948e-20 
0.620198 0.438407 0 
0.689385 0.719438 3.97277e-19 
0.850367 0.777639 3.964e-19 
0.774468 0.860811 -4.63811e-19 
0.897086 0.8155 -1.55355e-19 
0.928615 0.860513 -3.76115e-20 
0.935688 0.860432 3.85163e-20 
0.863407 0.656924 -6.83661e-19 
0.943638 0.71089 1.44279e-19 
1.00348 0.726736 0 
0.994356 0.703381 -1.95134e-19 
1.02872 0.341953 2.12912e-19 
1.14849 0.304907 2.88769e-19 
1.06959 0.277239 3.64885e-19 
1.01754 0.374259 -4.31737e-19 
1.06613 0.436753 0 
1.12194 0.420064 0 
0.923694 0.377466 2.15432e-21 
0.841198 0.31321 0 
0.884979 0.309259 4.06586e-19 
0.911047 0.313571 -7.49039e-21 
0.954959 0.446311 2.06064e-18 
0.915209 0.501513 5.31022e-19 
0.920791 0.46863 -5.65658e-19 
0.838058 0.454115 6.06471e-19 
0.821375 0.446444 3.63618e-19 
0.791336 0.428735 -3.57694e-19 
1.02737 -0.000240977 6.47417e-19 
1.01999 5.92126e-05 0 
1.01852 0.000986896 4.22149e-19 
1.02173 -0.00155584 -9.56284e-19 
1.02235 0.00447752 4.64562e-19 
1.02032 0.0114914 -9.72828e-19 
1.02123 0.0108582 0 
1.02048 0.0110749 -2.0276e-19 
1.01594 0.00783084 5.08671e-19 
1.01661 0.010611 -2.53817e-19 
1.01731 0.00996122 1.86921e-19 
0.0272055 1.32094 0 
0.0336863 1.37059 0 
0.0432269 1.32242 0 
0.0475324 1.2734 0 
0.0718856 1.39528 -5.16157e-20 
0.0788066 1.36332 2.26066e-20 
0.117865 1.53973 -1.22622e-20 
0.101257 1.38645 -7.64612e-21 
0.0351308 1.46865 1.57652e-20 
0.0391648 1.46243 -1.20283e-20 
0.0630561 1.38027 -9.14869e-21 
0.0545834 1.38128 4.50947e-20 
0.0474066 1.35594 6.61256e-21 
0.0385131 1.37858 3.38687e-21 
0.107951 2.36777 -1.47958e-19 
0.0968875 2.41551 0 
0.171727 2.04252 1.07433e-19 
0.114147 1.70911 3.83505e-20 
0.234467 2.03697 -8.95085e-20 
0.201507 2.42808 0 
0.263374 2.37797 -6.04897e-19 
0.303585 2.37559 4.27573e-19 
0.230873 1.99786 -2.48091e-19 
0.156233 2.15689 1.69339e-19 
0.142376 2.2642 0 
0.0182262 1.87951 6.01951e-21 
-0.000346178 2.3929 -3.48332e-20 
0.00576738 2.14988 0 
0.0111834 2.45568 -1.36045e-20 
0.0282283 2.29939 8.65736e-21 
0.0155054 1.40944 -6.44074e-21 
0.0142588 1.39339 1.08841e-19 
0.0137598 1.39917 -3.56586e-20 
0.0207355 1.40164 -3.0622e-20 
0.0250305 1.43288 0 
0.00981756 1.38098 0 
0.00195476 1.29467 -4.36137e-20 
0.00604552 1.37257 1.22187e-20 
0.00939222 1.37279 0 
0.00864855 1.28786 -3.29114e-20 
0.0179348 1.213 6.67699e-20 
1.04077 0.0120232 0 
1.04694 0.00826209 -6.77219e-20 
1.03864 0.022103 -4.88869e-19 
1.0484 0.020973 0 
1.05241 0.0208661 0 
1.03632 0.0122226 -6.82079e-21 
1.03096 0.0120414 7.85734e-19 
1.03167 0.0169995 9.52529e-19 
1.02544 0.0208837 0 
1.0222 0.0212417 0 
1.03513 0.025886 4.87576e-19 
1.02548 0.0275202 0 
1.02354 0.027654 0 
-0.0184617 2.02239 0 
0.00108115 1.65024 -4.35778e-21 
-0.0048206 1.75848 -3.00035e-20 
-0.000129239 1.38255 0 
-0.00684559 1.55048 -1.70423e-20 
-0.00817597 1.45991 1.09832e-20 
-0.00368475 1.39581 0 
0.389654 1.64668 0 
0.374821 1.30852 -7.02635e-20 
0.302137 1.34268 0 
0.42744 1.30628 5.4456e-21 
0.477038 1.46818 0 
0.457541 1.4134 2.55739e-20 
1.03656 2.67627 -1.53573e-20 
0.968477 2.40407 -9.13074e-19 
0.921484 2.1921 1.02458e-18 
0.852241 2.37237 2.41992e-19 
0.847953 2.48608 0 
0.917755 2.48223 0 
0.931317 2.36884 0 
0.910255 2.35797 -9.43999e-19 
0.687389 2.45032 -3.94192e-19 
0.800398 2.43986 -9.76183e-20 
0.810731 2.41395 7.41866e-20 
0.695724 2.39072 0 
0.800871 2.38592 0 
0.759077 2.39935 -3.68614e-19 
0.767919 2.47597 0 
0.627672 1.09362 0 
0.480551 0.903486 -5.09084e-19 
0.564546 0.94615 -3.22482e-20 
0.519115 1.03632 0 
0.519465 0.980518 7.62721e-19 
0.795183 0.883804 -1.30313e-19 
0.806029 1.02043 0 
0.780943 0.986841 1.86381e-19 
0.663677 1.0338 0 
0.665425 0.936138 0 
1.16373 2.75293 -2.29254e-19 
1.14116 2.81629 -9.66603e-20 
0.929352 2.33123 9.95933e-20 
0.897205 2.31051 -8.3091e-20 
1.12928 2.72589 0 
1.0831 2.69537 9.99677e-20 
1.08926 2.47924 -3.13524e-19 
0.98376 2.23195 -3.04162e-20 
0.492832 1.33262 0 
0.508153 1.06211 -1.22631e-19 
0.575396 1.16747 0 
0.854831 0.247108 0 
0.764618 0.196435 0 
0.681834 0.155506 0 
0.845673 0.24896 -6.39971e-19 
0.737956 0.239599 3.73161e-19 
0.922886 0.0877971 -4.11108e-19 
0.929934 0.131683 0 
0.916303 0.140707 1.77242e-19 
0.851966 0.118688 7.09147e-19 
0.816206 0.0789585 -4.44741e-19 
1.15632 3.35024 -7.19637e-19 
1.20519 3.2697 0 
1.15397 3.3791 -1.48975e-18 
0.642176 3.54051 1.26428e-18 
0.864336 3.10911 7.31613e-20 
0.520861 0.807388 6.03892e-19 
0.424885 0.804153 0 
0.312261 0.402991 -1.49331e-19 
0.469264 0.655053 8.57367e-19 
0.555462 0.374756 -1.97849e-19 
0.513375 0.471146 2.32135e-19 
0.672009 0.513693 4.96494e-19 
0.709686 0.549386 0 
0.660228 0.58077 0 
0.623332 0.529991 0 
1.00512 0.613108 8.96826e-20 
0.920141 0.551311 -5.16972e-19 
0.945364 0.583319 3.89884e-19 
0.976836 0.522862 -3.99818e-19 
1.08414 0.493153 0 
1.09265 0.583441 -9.76833e-20 
0.858455 0.407129 -8.32862e-19 
0.858005 0.396451 -1.03294e-18 
0.794768 0.391167 6.49158e-19 
0.804092 0.368298 -6.59734e-19 
0.846314 0.331748 -5.20665e-19 
0.794929 0.333095 6.37298e-19 
1.02667 0.00604346 -4.93589e-19 
1.02637 0.00626583 1.00364e-18 
1.02943 0.000203162 6.27395e-19 
1.03365 0.00111386 -7.55581e-19 
1.03378 0.00924284 0 
1.03004 0.00994099 -1.2304e-18 
0.0639812 1.64462 1.95027e-20 
0.0486346 1.58828 0 
0.0891076 1.69481 1.17342e-19 
0.0989802 1.67668 -1.0291e-19 
0.0918882 1.54709 2.29776e-20 
0.0914458 1.54198 0 
0.0109819 1.68341 0 
-0.00378861 1.48988 6.46775e-21 
-0.00201978 1.43575 -5.81692e-21 
-0.00733008 1.54714 5.40806e-21 
0.00155961 1.8831 9.64096e-21 
-0.0103177 1.93616 -1.13918e-21 
0.497219 1.35907 -2.74827e-19 
0.490735 1.35998 3.01887e-19 
0.4541 1.30155 -3.04866e-20 
0.43715 1.28591 7.73246e-21 
0.639127 1.30719 0 
0.555548 1.397 1.05502e-19 
0.570646 1.40462 -1.027e-19 
0.467825 1.28992 2.96919e-20 
0.521353 1.24068 0 
0.572945 1.20317 0 
0.654388 2.40994 5.79071e-19 
0.669858 2.45127 1.25994e-18 
0.714315 2.46198 -8.681e-19 
0.610577 2.43606 -2.01864e-19 
0.560442 2.52634 2.83551e-19 
0.509625 2.50105 -7.56459e-19 
0.978275 2.37546 -5.73341e-19 
1.0126 2.38768 0 
0.925793 2.17007 -6.59377e-19 
1.05402 2.6744 0 
1.0563 2.661 0 
0.600634 2.25967 -1.23443e-19 
1.03747 3.15493 1.31425e-19 
0.908519 3.02536 -3.5214e-20 
0.266667 0.857316 0 
0.295049 0.703231 -3.16912e-19 
0.463912 0.6623 -3.18185e-19 
0.380327 2.00437 0 
0.462566 2.77965 -5.09274e-20 
0.416653 2.54226 0 
0.711473 0.669243 -8.39795e-19 
0.794857 0.683125 1.12831e-18 
0.816119 0.625343 -1.11492e-18 
0.69003 0.632544 -1.0788e-19 
0.744768 0.589068 -4.42927e-19 
1.00103 2.75463 -9.99509e-20 
1.04137 2.81519 -1.6305e-19 
0.633021 2.12551 6.89473e-19 
0.585915 1.69329 -4.91339e-19 
0.694472 1.89142 -4.04703e-19 
0.987069 2.43833 -1.12956e-19 
0.993809 2.43146 2.94634e-19 
0.651231 1.82603 2.8107e-20 
0.442267 1.31348 1.43627e-19 
))
(300 (2 10 3 0 0 919 1018)(
0 0 0 
0 0 0 
0 0 0 
0 0 0 
0 0 0 
0 0 0 
0 0 0 
0 0 0 
0 0 0 
0 0 0 
0 0 0 
0 0 0 
0 0 0 
0 0 0 
0 0 0 
0 0 0 
0 0 0 
0 0 0 
0 0 0 
0 0 0 
0 0 0 
0 0 0 
0 0 0 
0 0 0 
0 0 0 
0 0 0 
0 0 0 
0 0 0 
0 0 0 
0 0 0 
0 0 0 
0 0 0 
0 0 0 
0 0 0 
0 0 0 
0 0 0 
0 0 0 
0 0 0 
0 0 0 
0 0 0 
0 0 0 
0 0 0 
0 0 0 
0 0 0 
0 0 0 
0 0 0 
0 0 0 
0 0 0 
0 0 0 
0 0 0 
0 0 0 
0 0 0 
0 0 0 
0 0 0 
0 0 0 
0 0 0 
0 0 0 
0 0 0 
0 0 0 
0 0 0 
0 0 0 
0 0 0 
0 0 0 
0 0 0 
0 0 0 
0 0 0 
0 0 0 
0 0 0 
0 0 0 
0 0 0 
0 0 0 
0 0 0 
0 0 0 
0 0 0 
0 0 0 
0 0 0 
0 0 0 
0 0 0 
0 0 0 
0 0 0 
0 0 0 
0 0 0 
0 0 0 
0 0 0 
0 0 0 
0 0 0 
0 0 0 
0 0 0 
0 0 0 
0 0 0 
0 0 0 
0 0 0 
0 0 0 
0 0 0 
0 0 0 
0 0 0 
0 0 0 
0 0 0 
0 0 0 
0 0 0 
))
(300 (2 11 3 0 0 1019 1026)(
1 0 0 
1 0 0 
1 0 0 
1 0 0 
1 0 0 
1 0 0 
1 0 0 
1 0 0 
))
(300 (2 12 3 0 0 1027 1030)(
0 3 0 
0 3 0 
0 3 0 
0 3 0 
))
(300 (2 13 3 0 0 1031 1038)(
0.00914653 0.889081 0 
-0.0114718 2.06059 3.79972e-20 
-0.0153621 1.18079 0 
-0.0135305 2.59588 0 
-0.0254168 1.98628 0 
-0.00180193 1.37356 0 
-0.0172366 1.5288 0 
-0.0193933 2.392 0 
))
(300 (2 14 3 0 0 1039 1072)(
0 0 0 
0 0 0 
0 0 0 
0 0 0 
0 0 0 
0 0 0 
0 0 0 
0 0 0 
0 0 0 
0 0 0 
0 0 0 
0 0 0 
0 0 0 
0 0 0 
0 0 0 
0 0 0 
0 0 0 
0 0 0 
0 0 0 
0 0 0 
0 0 0 
0 0 0 
0 0 0 
0 0 0 
0 0 0 
0 0 0 
0 0 0 
0 0 0 
0 0 0 
0 0 0 
0 0 0 
0 0 0 
0 0 0 
0 0 0 
))
(300 (2 15 3 0 0 1073 1072)(
))
