(0 "FOAM to Fluent data File")

(33 (918 3444 1074))
(300 (1 1 1 0 0 1 918)(
0.238924
0.922551
0.0101296
0.237808
-0.00119166
0.889671
-0.829476
0.418594
0.21892
-0.439159
-0.033217
0.207809
0.750225
0.51819
-1.45328
0.00724813
0.373475
-0.707646
0.217624
-0.00160873
0.49549
0.225701
0.228689
0.219254
0.27823
0.508031
0.630957
0.00248474
-0.00139781
-0.00383133
0.00443824
-0.00601946
8.27788e-05
0.773283
0.82441
0.847079
0.188366
0.0179655
-0.677392
-0.75586
-0.741188
-0.881746
0.40617
0.4111
-0.476231
0.421417
0.437278
0.206582
0.218174
0.219023
0.220492
0.219289
0.220732
0.176551
-0.455434
-0.476005
-0.406817
-0.374732
-0.0291666
-0.0571836
-0.0874645
-0.012444
-0.00720373
0.145541
0.204536
0.203387
0.213411
0.222892
0.862103
0.83397
0.860119
0.773959
0.790406
0.728143
0.700699
0.537574
0.559037
0.505248
0.494251
-1.89705
-2.87158
-0.850691
-0.59061
0.000331537
0.00975866
0.012345
0.35974
0.368049
0.371356
0.383404
0.77895
-0.696011
-0.843262
0.217665
0.21631
0.225008
0.225645
0.221631
0.220727
0.00693451
0.0147746
-0.0114512
-0.0021988
-0.00504708
0.478522
0.473268
0.219785
0.216844
0.230451
0.253035
0.241447
-0.0113994
0.289151
0.31077
0.313614
0.490211
0.487985
0.495256
0.604337
0.568085
0.668149
0.691285
0.0134213
0.0038167
0.00201411
0.00220961
0.00141052
0.184418
0.177391
0.200803
0.191935
0.194013
-0.0661833
-0.201366
0.102325
0.125929
-0.58496
-0.652046
-0.763958
-0.778148
-0.89963
0.238898
0.395247
0.398169
-0.493475
-0.40915
-0.55671
-0.334863
-0.406707
0.197734
0.20425
0.199635
0.214079
0.208678
0.210638
0.222322
0.219422
0.221001
0.213436
0.309378
0.125852
0.058146
-0.577548
-0.49406
-0.570302
-0.341561
-0.287584
-0.0435565
-0.0557063
-0.0407902
-0.00978814
-0.241131
-0.128631
-0.184532
0.00238892
0.00335507
0.138549
0.129532
0.154704
0.161151
0.196167
0.197173
0.200657
0.198569
0.651257
0.673626
0.681301
0.655015
-3.88453
-6.71047
-0.256003
-0.112297
0.00282882
0.00279908
0.00204705
0.00466691
0.00274533
0.000981367
0.00662528
0.00785207
0.0125064
0.0132054
0.344046
0.348572
0.701032
0.694577
0.690585
0.671698
0.205549
0.207621
0.213343
0.209218
0.0115724
0.0165902
0.0127682
0.439624
0.459294
0.45655
-0.0469961
-0.134789
0.0355619
0.0620341
0.331152
0.316167
0.333101
0.377186
0.415897
0.698734
0.717183
0.715345
0.723929
0.767888
0.784239
0.749684
0.16621
0.173133
0.169311
0.204658
0.202221
0.20315
0.196916
0.199473
0.19628
-0.355572
-0.742116
0.196007
0.208428
0.170025
0.178148
0.327153
0.40166
0.377215
0.386965
0.390817
-0.271308
-0.33698
0.000762536
-0.0186136
0.0870899
0.118587
0.102447
0.622513
0.583018
0.632991
0.606261
0.56763
0.593134
-0.693999
-2.22623
-1.32561
0.253766
0.0584308
0.150237
0.00327555
-0.00356303
0.0026828
0.660199
0.738706
0.376721
0.5581
0.560148
0.455767
0.486849
0.541797
0.467818
0.501857
0.536681
0.516832
0.195652
0.196813
0.173722
0.473947
0.530525
-0.160508
-0.209411
-0.265244
-0.081666
-0.0459425
-0.0692995
0.709995
0.596014
0.673895
0.216678
0.217334
0.0117306
0.019703
0.221075
0.220921
0.00614454
0.0054047
0.130332
-1.16487
-0.167121
0.209456
0.200317
0.216785
-0.45255
0.0396399
-0.0674699
0.0634318
0.073238
0.20712
0.155063
0.121887
0.00578428
0.0149176
-0.00199522
-0.519684
0.214342
0.212699
0.216393
0.217459
0.21812
0.00641113
0.00797706
0.00586461
0.000409991
0.00333963
0.000447436
0.182916
0.196799
-0.478076
0.216295
0.218599
0.218282
0.211339
0.216836
0.215174
0.0121066
0.00650923
0.00504458
-0.0600987
0.0540375
0.388531
0.497682
0.341039
0.112009
-0.133288
0.283392
0.352729
0.249205
0.417351
0.380837
0.405826
-0.107174
-0.253454
-0.0989836
-0.155579
0.207265
0.205877
0.198675
0.19624
0.211774
0.209972
0.214226
0.211314
0.214081
0.21558
-0.467521
-0.382518
-0.439249
-0.464872
-0.00532139
0.282757
-0.122109
0.0179877
-0.0952618
-0.0389244
-0.0192137
-0.110789
-0.130716
-0.0836864
0.0456697
0.0602723
-0.0105568
0.0640761
0.0109034
-0.0698451
0.0135626
-0.0263541
0.201614
0.198384
0.206735
0.213515
0.162645
0.164418
0.137276
0.153025
0.141893
0.0859666
0.118994
0.097208
0.00663524
0.00697649
0.00562915
0.0184828
0.0170382
0.00772722
0.00785344
0.0142414
0.00800537
0.00649058
0.00189682
0.00971814
-0.480004
-0.593298
0.677269
0.673325
-0.110286
0.20359
0.209958
0.206822
0.211201
0.214445
0.215309
0.213221
0.209577
0.197727
0.199899
0.196098
0.196142
-0.422273
-0.556415
-0.375853
-0.437114
-0.175714
0.322002
0.0665488
0.00739467
0.00333591
0.213312
0.603651
0.41444
0.450188
0.477253
-0.664498
-0.261342
-0.593851
0.0230655
-0.158524
0.385988
0.438783
0.46261
0.408248
0.356697
-0.428757
0.211139
-0.351078
-0.3102
-0.122534
-0.220262
0.434806
0.365264
0.372041
0.396503
0.421684
0.372079
0.350574
0.349868
0.385361
0.389544
0.187233
-0.02779
-0.0737778
-0.109245
0.353597
0.227035
0.28316
0.201372
0.201737
0.204975
0.203435
0.18713
0.194447
0.190442
0.194247
0.197655
0.20752
0.207285
0.202949
0.205369
-0.365355
-0.354663
-0.426004
-0.452428
-0.459375
-0.511536
-0.408602
-0.362242
-0.503327
-0.0186522
0.0182011
-0.303258
-0.390382
-0.361729
-0.351827
-0.141693
-0.083573
-0.393634
-0.084596
-0.24846
-0.288516
-0.0597431
-0.0652322
-0.0929814
-0.13728
-0.215368
-0.128142
-0.00978279
-0.130764
-0.110616
0.0112598
-0.00570402
-0.0132886
0.00054466
-0.266294
-0.263327
-0.226159
-0.37481
0.0138264
0.0165461
0.0181275
0.0188111
0.0247208
0.0244522
0.195076
0.195558
0.194708
0.209556
0.220839
0.23596
0.203718
0.181523
0.173596
0.175397
0.15234
0.160044
0.157319
0.168916
0.186112
0.193843
0.19238
0.195096
0.179735
0.181017
0.170001
0.17364
0.153375
0.136162
0.126646
0.0102622
0.00745234
0.00856193
0.00830361
0.00851865
0.00877293
0.02823
0.0233168
0.0264563
0.0213095
0.013341
0.0149407
0.0116652
-0.391266
-0.323246
-0.503192
-0.536872
-0.602918
0.587363
0.697527
0.537918
0.289304
0.301281
0.524371
0.646318
0.269537
0.458587
0.515871
0.196091
0.491052
0.208003
0.207466
0.205492
0.204698
0.205928
-0.325831
-0.225058
-0.214872
-0.162421
-0.0445237
0.069083
-0.0142557
-0.163373
-0.0152493
0.00342464
0.316622
0.330182
0.27459
0.301446
0.30122
0.128632
0.202243
0.258127
0.213225
0.25437
0.276362
0.240982
0.26843
0.215347
0.175327
0.17447
0.123297
0.141754
0.119332
0.102636
0.19731
0.177706
0.186541
0.179807
0.198225
0.226472
0.220912
0.243968
0.257703
0.18591
0.148861
0.156807
0.183382
0.147872
0.159643
0.173431
-0.103251
-0.199576
-0.118313
-0.417275
-0.322571
-0.337732
-0.384215
-0.347925
-0.0604043
-0.769939
-0.732572
-1.37164
0.149378
0.63486
0.386144
0.356485
0.419428
0.394969
0.396481
0.431758
0.438475
0.342962
0.357185
0.360933
0.315166
0.340029
0.371026
0.366997
0.192292
0.0778924
0.0650304
0.0342557
-0.0847544
-0.055287
0.144066
0.0672257
-0.00217739
0.00495157
0.162964
0.0589558
0.120967
0.157209
0.0906137
0.0492653
0.243066
0.312575
0.30224
0.275094
0.19085
0.203617
0.227343
0.263793
0.290796
0.323996
0.196089
0.200466
0.201495
0.199531
0.196817
0.199333
0.199097
0.201794
0.202755
0.205421
0.204551
-0.194569
-0.242003
-0.31814
-0.24745
-0.579533
-0.583689
-0.51994
-0.485713
-0.3302
-0.40594
-0.50651
-0.417526
-0.34358
-0.312619
-0.36854
-0.343719
-0.288653
-0.391758
-0.0509222
0.09299
0.174727
0.0660002
-0.08962
-0.0746051
-0.056394
-0.234133
-0.097141
-0.0979042
-0.161051
-0.259613
-0.0225976
-0.0227341
-0.0270124
-0.01647
-0.0438465
-0.0163623
0.010035
0.00587783
0.00127141
0.00540558
0.0103051
0.185076
0.178002
0.176664
0.173014
0.172707
0.181641
0.186455
0.18864
0.193842
0.194827
0.186696
0.19126
0.194027
0.0195338
0.0156182
0.0194028
0.00744823
0.0113131
0.0139215
0.00924166
-0.220906
-0.24349
-0.23269
-0.30659
-0.438638
-0.38131
0.148704
0.118555
0.162421
0.361814
0.217947
0.135541
0.205165
0.312508
-0.0726854
0.136387
-0.0420972
0.567911
0.444802
0.588106
0.211992
-0.0895387
0.0508296
0.107773
-0.0856202
-0.0145444
0.00517654
-0.102978
-0.069821
-0.0408827
0.0563812
-0.0578398
-0.0861986
-0.32917
-0.146112
-0.0203549
-0.0425768
0.0875144
0.149965
-0.0710542
-0.150001
-0.196256
0.305235
0.324826
0.341794
0.312354
0.336648
0.262034
0.254149
0.271982
0.282867
0.276267
-1.10576
-0.818845
-1.75765
-1.06847
-0.628754
0.175825
0.133834
0.419628
0.316485
0.399451
0.383091
0.345566
0.307736
0.314472
0.352311
0.0586382
0.163961
0.13959
0.145376
0.0521642
-0.0112929
0.277391
0.27223
0.306705
0.330927
0.30105
0.332527
0.193128
0.192234
0.193542
0.189831
0.189342
0.189963
-0.489583
-0.451823
-0.456452
-0.464035
-0.507408
-0.496814
0.0260837
0.00597431
0.00665698
0.00912492
0.0282872
0.0275563
-0.175875
-0.23661
-0.294573
-0.285188
-0.327201
-0.390908
-0.408421
-0.305585
-0.223151
-0.232738
0.084587
0.338359
0.157694
0.339166
0.19509
0.244348
0.165738
0.156431
0.192165
0.056132
0.129706
-0.145088
-0.633111
-0.54484
0.432988
0.453618
0.234729
0.0363021
-0.184343
0.0162633
0.224754
0.165841
0.205413
0.272951
0.266082
-0.340368
-0.259734
-0.0418746
0.187357
-0.101279
-0.109132
-0.112733
0.045309
-0.0197164
))
(300 (1 10 1 0 0 919 1018)(
0.238924
0.922551
0.0101296
0.237808
0.889671
-0.829476
0.418594
-0.439159
-0.033217
0.207809
0.750225
0.51819
-1.45328
0.373475
-0.707646
0.217624
-0.00160873
0.49549
0.219254
0.27823
0.508031
0.630957
0.00248474
0.773283
0.188366
-0.75586
-0.881746
0.4111
-0.476231
0.437278
0.206582
-0.476005
-0.374732
-0.0874645
-0.00720373
0.145541
0.203387
0.222892
0.790406
0.700699
0.559037
0.494251
-2.87158
-0.59061
0.368049
0.383404
-0.843262
0.21631
0.220727
0.0147746
-0.00504708
0.473268
0.216844
0.241447
-0.0113994
0.31077
0.313614
0.495256
0.568085
0.691285
0.177391
0.200803
0.194013
-0.652046
-0.89963
0.398169
-0.55671
-0.406707
0.199635
0.210638
-0.570302
-0.287584
-0.184532
0.00335507
0.129532
0.161151
0.196167
0.198569
0.655015
-0.112297
0.348572
0.205549
0.209218
0.0127682
0.45655
-0.134789
0.0620341
0.333101
0.415897
0.723929
0.169311
0.20315
0.19628
0.390817
-0.33698
0.102447
0.606261
0.150237
0.501857
-0.265244
))
(300 (1 11 1 0 0 919 926)(
0.238924
0.237808
0.21892
0.225701
0.219023
0.220732
0.225008
0.221001
))
(300 (1 12 1 0 0 919 922)(
0.922551
0.889671
0.847079
0.860119
))
(300 (1 13 1 0 0 919 926)(
0
0
0
0
0
0
0
0
))
(300 (1 14 1 0 0 919 952)(
-0.00119166
0.00724813
8.27788e-05
0.0179655
0.176551
-0.0291666
0.012345
0.77895
0.00141052
-0.201366
0.125929
0.238898
0.309378
0.058146
-0.0557063
-0.00978814
-6.71047
0.00662528
0.0132054
0.694577
0.671698
-0.742116
0.196007
0.178148
0.40166
-0.0186136
-1.32561
0.0026828
0.738706
0.560148
0.173722
0.530525
-0.0692995
0.673895
))
(300 (1 15 1 0 0 919 2754)(
0.238924
0.238924
0.922551
0.922551
0.0101296
0.0101296
0.237808
0.237808
-0.00119166
-0.00119166
0.889671
0.889671
-0.829476
-0.829476
0.418594
0.418594
0.21892
0.21892
-0.439159
-0.439159
-0.033217
-0.033217
0.207809
0.207809
0.750225
0.750225
0.51819
0.51819
-1.45328
-1.45328
0.00724813
0.00724813
0.373475
0.373475
-0.707646
-0.707646
0.217624
0.217624
-0.00160873
-0.00160873
0.49549
0.49549
0.225701
0.225701
0.228689
0.228689
0.219254
0.219254
0.27823
0.27823
0.508031
0.508031
0.630957
0.630957
0.00248474
0.00248474
-0.00139781
-0.00139781
-0.00383133
-0.00383133
0.00443824
0.00443824
-0.00601946
-0.00601946
8.27788e-05
8.27788e-05
0.773283
0.773283
0.82441
0.82441
0.847079
0.847079
0.188366
0.188366
0.0179655
0.0179655
-0.677392
-0.677392
-0.75586
-0.75586
-0.741188
-0.741188
-0.881746
-0.881746
0.40617
0.40617
0.4111
0.4111
-0.476231
-0.476231
0.421417
0.421417
0.437278
0.437278
0.206582
0.206582
0.218174
0.218174
0.219023
0.219023
0.220492
0.220492
0.219289
0.219289
0.220732
0.220732
0.176551
0.176551
-0.455434
-0.455434
-0.476005
-0.476005
-0.406817
-0.406817
-0.374732
-0.374732
-0.0291666
-0.0291666
-0.0571836
-0.0571836
-0.0874645
-0.0874645
-0.012444
-0.012444
-0.00720373
-0.00720373
0.145541
0.145541
0.204536
0.204536
0.203387
0.203387
0.213411
0.213411
0.222892
0.222892
0.862103
0.862103
0.83397
0.83397
0.860119
0.860119
0.773959
0.773959
0.790406
0.790406
0.728143
0.728143
0.700699
0.700699
0.537574
0.537574
0.559037
0.559037
0.505248
0.505248
0.494251
0.494251
-1.89705
-1.89705
-2.87158
-2.87158
-0.850691
-0.850691
-0.59061
-0.59061
0.000331537
0.000331537
0.00975866
0.00975866
0.012345
0.012345
0.35974
0.35974
0.368049
0.368049
0.371356
0.371356
0.383404
0.383404
0.77895
0.77895
-0.696011
-0.696011
-0.843262
-0.843262
0.217665
0.217665
0.21631
0.21631
0.225008
0.225008
0.225645
0.225645
0.221631
0.221631
0.220727
0.220727
0.00693451
0.00693451
0.0147746
0.0147746
-0.0114512
-0.0114512
-0.0021988
-0.0021988
-0.00504708
-0.00504708
0.478522
0.478522
0.473268
0.473268
0.219785
0.219785
0.216844
0.216844
0.230451
0.230451
0.253035
0.253035
0.241447
0.241447
-0.0113994
-0.0113994
0.289151
0.289151
0.31077
0.31077
0.313614
0.313614
0.490211
0.490211
0.487985
0.487985
0.495256
0.495256
0.604337
0.604337
0.568085
0.568085
0.668149
0.668149
0.691285
0.691285
0.0134213
0.0134213
0.0038167
0.0038167
0.00201411
0.00201411
0.00220961
0.00220961
0.00141052
0.00141052
0.184418
0.184418
0.177391
0.177391
0.200803
0.200803
0.191935
0.191935
0.194013
0.194013
-0.0661833
-0.0661833
-0.201366
-0.201366
0.102325
0.102325
0.125929
0.125929
-0.58496
-0.58496
-0.652046
-0.652046
-0.763958
-0.763958
-0.778148
-0.778148
-0.89963
-0.89963
0.238898
0.238898
0.395247
0.395247
0.398169
0.398169
-0.493475
-0.493475
-0.40915
-0.40915
-0.55671
-0.55671
-0.334863
-0.334863
-0.406707
-0.406707
0.197734
0.197734
0.20425
0.20425
0.199635
0.199635
0.214079
0.214079
0.208678
0.208678
0.210638
0.210638
0.222322
0.222322
0.219422
0.219422
0.221001
0.221001
0.213436
0.213436
0.309378
0.309378
0.125852
0.125852
0.058146
0.058146
-0.577548
-0.577548
-0.49406
-0.49406
-0.570302
-0.570302
-0.341561
-0.341561
-0.287584
-0.287584
-0.0435565
-0.0435565
-0.0557063
-0.0557063
-0.0407902
-0.0407902
-0.00978814
-0.00978814
-0.241131
-0.241131
-0.128631
-0.128631
-0.184532
-0.184532
0.00238892
0.00238892
0.00335507
0.00335507
0.138549
0.138549
0.129532
0.129532
0.154704
0.154704
0.161151
0.161151
0.196167
0.196167
0.197173
0.197173
0.200657
0.200657
0.198569
0.198569
0.651257
0.651257
0.673626
0.673626
0.681301
0.681301
0.655015
0.655015
-3.88453
-3.88453
-6.71047
-6.71047
-0.256003
-0.256003
-0.112297
-0.112297
0.00282882
0.00282882
0.00279908
0.00279908
0.00204705
0.00204705
0.00466691
0.00466691
0.00274533
0.00274533
0.000981367
0.000981367
0.00662528
0.00662528
0.00785207
0.00785207
0.0125064
0.0125064
0.0132054
0.0132054
0.344046
0.344046
0.348572
0.348572
0.701032
0.701032
0.694577
0.694577
0.690585
0.690585
0.671698
0.671698
0.205549
0.205549
0.207621
0.207621
0.213343
0.213343
0.209218
0.209218
0.0115724
0.0115724
0.0165902
0.0165902
0.0127682
0.0127682
0.439624
0.439624
0.459294
0.459294
0.45655
0.45655
-0.0469961
-0.0469961
-0.134789
-0.134789
0.0355619
0.0355619
0.0620341
0.0620341
0.331152
0.331152
0.316167
0.316167
0.333101
0.333101
0.377186
0.377186
0.415897
0.415897
0.698734
0.698734
0.717183
0.717183
0.715345
0.715345
0.723929
0.723929
0.767888
0.767888
0.784239
0.784239
0.749684
0.749684
0.16621
0.16621
0.173133
0.173133
0.169311
0.169311
0.204658
0.204658
0.202221
0.202221
0.20315
0.20315
0.196916
0.196916
0.199473
0.199473
0.19628
0.19628
-0.355572
-0.355572
-0.742116
-0.742116
0.196007
0.196007
0.208428
0.208428
0.170025
0.170025
0.178148
0.178148
0.327153
0.327153
0.40166
0.40166
0.377215
0.377215
0.386965
0.386965
0.390817
0.390817
-0.271308
-0.271308
-0.33698
-0.33698
0.000762536
0.000762536
-0.0186136
-0.0186136
0.0870899
0.0870899
0.118587
0.118587
0.102447
0.102447
0.622513
0.622513
0.583018
0.583018
0.632991
0.632991
0.606261
0.606261
0.56763
0.56763
0.593134
0.593134
-0.693999
-0.693999
-2.22623
-2.22623
-1.32561
-1.32561
0.253766
0.253766
0.0584308
0.0584308
0.150237
0.150237
0.00327555
0.00327555
-0.00356303
-0.00356303
0.0026828
0.0026828
0.660199
0.660199
0.738706
0.738706
0.376721
0.376721
0.5581
0.5581
0.560148
0.560148
0.455767
0.455767
0.486849
0.486849
0.541797
0.541797
0.467818
0.467818
0.501857
0.501857
0.536681
0.536681
0.516832
0.516832
0.195652
0.195652
0.196813
0.196813
0.173722
0.173722
0.473947
0.473947
0.530525
0.530525
-0.160508
-0.160508
-0.209411
-0.209411
-0.265244
-0.265244
-0.081666
-0.081666
-0.0459425
-0.0459425
-0.0692995
-0.0692995
0.709995
0.709995
0.596014
0.596014
0.673895
0.673895
0.216678
0.216678
0.217334
0.217334
0.0117306
0.0117306
0.019703
0.019703
0.221075
0.221075
0.220921
0.220921
0.00614454
0.00614454
0.0054047
0.0054047
0.130332
0.130332
-1.16487
-1.16487
-0.167121
-0.167121
0.209456
0.209456
0.200317
0.200317
0.216785
0.216785
-0.45255
-0.45255
0.0396399
0.0396399
-0.0674699
-0.0674699
0.0634318
0.0634318
0.073238
0.073238
0.20712
0.20712
0.155063
0.155063
0.121887
0.121887
0.00578428
0.00578428
0.0149176
0.0149176
-0.00199522
-0.00199522
-0.519684
-0.519684
0.214342
0.214342
0.212699
0.212699
0.216393
0.216393
0.217459
0.217459
0.21812
0.21812
0.00641113
0.00641113
0.00797706
0.00797706
0.00586461
0.00586461
0.000409991
0.000409991
0.00333963
0.00333963
0.000447436
0.000447436
0.182916
0.182916
0.196799
0.196799
-0.478076
-0.478076
0.216295
0.216295
0.218599
0.218599
0.218282
0.218282
0.211339
0.211339
0.216836
0.216836
0.215174
0.215174
0.0121066
0.0121066
0.00650923
0.00650923
0.00504458
0.00504458
-0.0600987
-0.0600987
0.0540375
0.0540375
0.388531
0.388531
0.497682
0.497682
0.341039
0.341039
0.112009
0.112009
-0.133288
-0.133288
0.283392
0.283392
0.352729
0.352729
0.249205
0.249205
0.417351
0.417351
0.380837
0.380837
0.405826
0.405826
-0.107174
-0.107174
-0.253454
-0.253454
-0.0989836
-0.0989836
-0.155579
-0.155579
0.207265
0.207265
0.205877
0.205877
0.198675
0.198675
0.19624
0.19624
0.211774
0.211774
0.209972
0.209972
0.214226
0.214226
0.211314
0.211314
0.214081
0.214081
0.21558
0.21558
-0.467521
-0.467521
-0.382518
-0.382518
-0.439249
-0.439249
-0.464872
-0.464872
-0.00532139
-0.00532139
0.282757
0.282757
-0.122109
-0.122109
0.0179877
0.0179877
-0.0952618
-0.0952618
-0.0389244
-0.0389244
-0.0192137
-0.0192137
-0.110789
-0.110789
-0.130716
-0.130716
-0.0836864
-0.0836864
0.0456697
0.0456697
0.0602723
0.0602723
-0.0105568
-0.0105568
0.0640761
0.0640761
0.0109034
0.0109034
-0.0698451
-0.0698451
0.0135626
0.0135626
-0.0263541
-0.0263541
0.201614
0.201614
0.198384
0.198384
0.206735
0.206735
0.213515
0.213515
0.162645
0.162645
0.164418
0.164418
0.137276
0.137276
0.153025
0.153025
0.141893
0.141893
0.0859666
0.0859666
0.118994
0.118994
0.097208
0.097208
0.00663524
0.00663524
0.00697649
0.00697649
0.00562915
0.00562915
0.0184828
0.0184828
0.0170382
0.0170382
0.00772722
0.00772722
0.00785344
0.00785344
0.0142414
0.0142414
0.00800537
0.00800537
0.00649058
0.00649058
0.00189682
0.00189682
0.00971814
0.00971814
-0.480004
-0.480004
-0.593298
-0.593298
0.677269
0.677269
0.673325
0.673325
-0.110286
-0.110286
0.20359
0.20359
0.209958
0.209958
0.206822
0.206822
0.211201
0.211201
0.214445
0.214445
0.215309
0.215309
0.213221
0.213221
0.209577
0.209577
0.197727
0.197727
0.199899
0.199899
0.196098
0.196098
0.196142
0.196142
-0.422273
-0.422273
-0.556415
-0.556415
-0.375853
-0.375853
-0.437114
-0.437114
-0.175714
-0.175714
0.322002
0.322002
0.0665488
0.0665488
0.00739467
0.00739467
0.00333591
0.00333591
0.213312
0.213312
0.603651
0.603651
0.41444
0.41444
0.450188
0.450188
0.477253
0.477253
-0.664498
-0.664498
-0.261342
-0.261342
-0.593851
-0.593851
0.0230655
0.0230655
-0.158524
-0.158524
0.385988
0.385988
0.438783
0.438783
0.46261
0.46261
0.408248
0.408248
0.356697
0.356697
-0.428757
-0.428757
0.211139
0.211139
-0.351078
-0.351078
-0.3102
-0.3102
-0.122534
-0.122534
-0.220262
-0.220262
0.434806
0.434806
0.365264
0.365264
0.372041
0.372041
0.396503
0.396503
0.421684
0.421684
0.372079
0.372079
0.350574
0.350574
0.349868
0.349868
0.385361
0.385361
0.389544
0.389544
0.187233
0.187233
-0.02779
-0.02779
-0.0737778
-0.0737778
-0.109245
-0.109245
0.353597
0.353597
0.227035
0.227035
0.28316
0.28316
0.201372
0.201372
0.201737
0.201737
0.204975
0.204975
0.203435
0.203435
0.18713
0.18713
0.194447
0.194447
0.190442
0.190442
0.194247
0.194247
0.197655
0.197655
0.20752
0.20752
0.207285
0.207285
0.202949
0.202949
0.205369
0.205369
-0.365355
-0.365355
-0.354663
-0.354663
-0.426004
-0.426004
-0.452428
-0.452428
-0.459375
-0.459375
-0.511536
-0.511536
-0.408602
-0.408602
-0.362242
-0.362242
-0.503327
-0.503327
-0.0186522
-0.0186522
0.0182011
0.0182011
-0.303258
-0.303258
-0.390382
-0.390382
-0.361729
-0.361729
-0.351827
-0.351827
-0.141693
-0.141693
-0.083573
-0.083573
-0.393634
-0.393634
-0.084596
-0.084596
-0.24846
-0.24846
-0.288516
-0.288516
-0.0597431
-0.0597431
-0.0652322
-0.0652322
-0.0929814
-0.0929814
-0.13728
-0.13728
-0.215368
-0.215368
-0.128142
-0.128142
-0.00978279
-0.00978279
-0.130764
-0.130764
-0.110616
-0.110616
0.0112598
0.0112598
-0.00570402
-0.00570402
-0.0132886
-0.0132886
0.00054466
0.00054466
-0.266294
-0.266294
-0.263327
-0.263327
-0.226159
-0.226159
-0.37481
-0.37481
0.0138264
0.0138264
0.0165461
0.0165461
0.0181275
0.0181275
0.0188111
0.0188111
0.0247208
0.0247208
0.0244522
0.0244522
0.195076
0.195076
0.195558
0.195558
0.194708
0.194708
0.209556
0.209556
0.220839
0.220839
0.23596
0.23596
0.203718
0.203718
0.181523
0.181523
0.173596
0.173596
0.175397
0.175397
0.15234
0.15234
0.160044
0.160044
0.157319
0.157319
0.168916
0.168916
0.186112
0.186112
0.193843
0.193843
0.19238
0.19238
0.195096
0.195096
0.179735
0.179735
0.181017
0.181017
0.170001
0.170001
0.17364
0.17364
0.153375
0.153375
0.136162
0.136162
0.126646
0.126646
0.0102622
0.0102622
0.00745234
0.00745234
0.00856193
0.00856193
0.00830361
0.00830361
0.00851865
0.00851865
0.00877293
0.00877293
0.02823
0.02823
0.0233168
0.0233168
0.0264563
0.0264563
0.0213095
0.0213095
0.013341
0.013341
0.0149407
0.0149407
0.0116652
0.0116652
-0.391266
-0.391266
-0.323246
-0.323246
-0.503192
-0.503192
-0.536872
-0.536872
-0.602918
-0.602918
0.587363
0.587363
0.697527
0.697527
0.537918
0.537918
0.289304
0.289304
0.301281
0.301281
0.524371
0.524371
0.646318
0.646318
0.269537
0.269537
0.458587
0.458587
0.515871
0.515871
0.196091
0.196091
0.491052
0.491052
0.208003
0.208003
0.207466
0.207466
0.205492
0.205492
0.204698
0.204698
0.205928
0.205928
-0.325831
-0.325831
-0.225058
-0.225058
-0.214872
-0.214872
-0.162421
-0.162421
-0.0445237
-0.0445237
0.069083
0.069083
-0.0142557
-0.0142557
-0.163373
-0.163373
-0.0152493
-0.0152493
0.00342464
0.00342464
0.316622
0.316622
0.330182
0.330182
0.27459
0.27459
0.301446
0.301446
0.30122
0.30122
0.128632
0.128632
0.202243
0.202243
0.258127
0.258127
0.213225
0.213225
0.25437
0.25437
0.276362
0.276362
0.240982
0.240982
0.26843
0.26843
0.215347
0.215347
0.175327
0.175327
0.17447
0.17447
0.123297
0.123297
0.141754
0.141754
0.119332
0.119332
0.102636
0.102636
0.19731
0.19731
0.177706
0.177706
0.186541
0.186541
0.179807
0.179807
0.198225
0.198225
0.226472
0.226472
0.220912
0.220912
0.243968
0.243968
0.257703
0.257703
0.18591
0.18591
0.148861
0.148861
0.156807
0.156807
0.183382
0.183382
0.147872
0.147872
0.159643
0.159643
0.173431
0.173431
-0.103251
-0.103251
-0.199576
-0.199576
-0.118313
-0.118313
-0.417275
-0.417275
-0.322571
-0.322571
-0.337732
-0.337732
-0.384215
-0.384215
-0.347925
-0.347925
-0.0604043
-0.0604043
-0.769939
-0.769939
-0.732572
-0.732572
-1.37164
-1.37164
0.149378
0.149378
0.63486
0.63486
0.386144
0.386144
0.356485
0.356485
0.419428
0.419428
0.394969
0.394969
0.396481
0.396481
0.431758
0.431758
0.438475
0.438475
0.342962
0.342962
0.357185
0.357185
0.360933
0.360933
0.315166
0.315166
0.340029
0.340029
0.371026
0.371026
0.366997
0.366997
0.192292
0.192292
0.0778924
0.0778924
0.0650304
0.0650304
0.0342557
0.0342557
-0.0847544
-0.0847544
-0.055287
-0.055287
0.144066
0.144066
0.0672257
0.0672257
-0.00217739
-0.00217739
0.00495157
0.00495157
0.162964
0.162964
0.0589558
0.0589558
0.120967
0.120967
0.157209
0.157209
0.0906137
0.0906137
0.0492653
0.0492653
0.243066
0.243066
0.312575
0.312575
0.30224
0.30224
0.275094
0.275094
0.19085
0.19085
0.203617
0.203617
0.227343
0.227343
0.263793
0.263793
0.290796
0.290796
0.323996
0.323996
0.196089
0.196089
0.200466
0.200466
0.201495
0.201495
0.199531
0.199531
0.196817
0.196817
0.199333
0.199333
0.199097
0.199097
0.201794
0.201794
0.202755
0.202755
0.205421
0.205421
0.204551
0.204551
-0.194569
-0.194569
-0.242003
-0.242003
-0.31814
-0.31814
-0.24745
-0.24745
-0.579533
-0.579533
-0.583689
-0.583689
-0.51994
-0.51994
-0.485713
-0.485713
-0.3302
-0.3302
-0.40594
-0.40594
-0.50651
-0.50651
-0.417526
-0.417526
-0.34358
-0.34358
-0.312619
-0.312619
-0.36854
-0.36854
-0.343719
-0.343719
-0.288653
-0.288653
-0.391758
-0.391758
-0.0509222
-0.0509222
0.09299
0.09299
0.174727
0.174727
0.0660002
0.0660002
-0.08962
-0.08962
-0.0746051
-0.0746051
-0.056394
-0.056394
-0.234133
-0.234133
-0.097141
-0.097141
-0.0979042
-0.0979042
-0.161051
-0.161051
-0.259613
-0.259613
-0.0225976
-0.0225976
-0.0227341
-0.0227341
-0.0270124
-0.0270124
-0.01647
-0.01647
-0.0438465
-0.0438465
-0.0163623
-0.0163623
0.010035
0.010035
0.00587783
0.00587783
0.00127141
0.00127141
0.00540558
0.00540558
0.0103051
0.0103051
0.185076
0.185076
0.178002
0.178002
0.176664
0.176664
0.173014
0.173014
0.172707
0.172707
0.181641
0.181641
0.186455
0.186455
0.18864
0.18864
0.193842
0.193842
0.194827
0.194827
0.186696
0.186696
0.19126
0.19126
0.194027
0.194027
0.0195338
0.0195338
0.0156182
0.0156182
0.0194028
0.0194028
0.00744823
0.00744823
0.0113131
0.0113131
0.0139215
0.0139215
0.00924166
0.00924166
-0.220906
-0.220906
-0.24349
-0.24349
-0.23269
-0.23269
-0.30659
-0.30659
-0.438638
-0.438638
-0.38131
-0.38131
0.148704
0.148704
0.118555
0.118555
0.162421
0.162421
0.361814
0.361814
0.217947
0.217947
0.135541
0.135541
0.205165
0.205165
0.312508
0.312508
-0.0726854
-0.0726854
0.136387
0.136387
-0.0420972
-0.0420972
0.567911
0.567911
0.444802
0.444802
0.588106
0.588106
0.211992
0.211992
-0.0895387
-0.0895387
0.0508296
0.0508296
0.107773
0.107773
-0.0856202
-0.0856202
-0.0145444
-0.0145444
0.00517654
0.00517654
-0.102978
-0.102978
-0.069821
-0.069821
-0.0408827
-0.0408827
0.0563812
0.0563812
-0.0578398
-0.0578398
-0.0861986
-0.0861986
-0.32917
-0.32917
-0.146112
-0.146112
-0.0203549
-0.0203549
-0.0425768
-0.0425768
0.0875144
0.0875144
0.149965
0.149965
-0.0710542
-0.0710542
-0.150001
-0.150001
-0.196256
-0.196256
0.305235
0.305235
0.324826
0.324826
0.341794
0.341794
0.312354
0.312354
0.336648
0.336648
0.262034
0.262034
0.254149
0.254149
0.271982
0.271982
0.282867
0.282867
0.276267
0.276267
-1.10576
-1.10576
-0.818845
-0.818845
-1.75765
-1.75765
-1.06847
-1.06847
-0.628754
-0.628754
0.175825
0.175825
0.133834
0.133834
0.419628
0.419628
0.316485
0.316485
0.399451
0.399451
0.383091
0.383091
0.345566
0.345566
0.307736
0.307736
0.314472
0.314472
0.352311
0.352311
0.0586382
0.0586382
0.163961
0.163961
0.13959
0.13959
0.145376
0.145376
0.0521642
0.0521642
-0.0112929
-0.0112929
0.277391
0.277391
0.27223
0.27223
0.306705
0.306705
0.330927
0.330927
0.30105
0.30105
0.332527
0.332527
0.193128
0.193128
0.192234
0.192234
0.193542
0.193542
0.189831
0.189831
0.189342
0.189342
0.189963
0.189963
-0.489583
-0.489583
-0.451823
-0.451823
-0.456452
-0.456452
-0.464035
-0.464035
-0.507408
-0.507408
-0.496814
-0.496814
0.0260837
0.0260837
0.00597431
0.00597431
0.00665698
0.00665698
0.00912492
0.00912492
0.0282872
0.0282872
0.0275563
0.0275563
-0.175875
-0.175875
-0.23661
-0.23661
-0.294573
-0.294573
-0.285188
-0.285188
-0.327201
-0.327201
-0.390908
-0.390908
-0.408421
-0.408421
-0.305585
-0.305585
-0.223151
-0.223151
-0.232738
-0.232738
0.084587
0.084587
0.338359
0.338359
0.157694
0.157694
0.339166
0.339166
0.19509
0.19509
0.244348
0.244348
0.165738
0.165738
0.156431
0.156431
0.192165
0.192165
0.056132
0.056132
0.129706
0.129706
-0.145088
-0.145088
-0.633111
-0.633111
-0.54484
-0.54484
0.432988
0.432988
0.453618
0.453618
0.234729
0.234729
0.0363021
0.0363021
-0.184343
-0.184343
0.0162633
0.0162633
0.224754
0.224754
0.165841
0.165841
0.205413
0.205413
0.272951
0.272951
0.266082
0.266082
-0.340368
-0.340368
-0.259734
-0.259734
-0.0418746
-0.0418746
0.187357
0.187357
-0.101279
-0.101279
-0.109132
-0.109132
-0.112733
-0.112733
0.045309
0.045309
-0.0197164
-0.0197164
))
(300 (2 1 3 0 0 1 918)(
0.985144 -0.000534599 0 
0.00500364 2.96626 0 
-0.0124637 1.59689 0 
0.979694 0.00215574 0 
-0.00400552 1.56801 5.21541e-21 
-0.00703126 2.94878 -1.88983e-18 
0.856794 1.20366 7.294e-19 
0.43664 0.199229 -9.17029e-21 
0.999908 -0.000323725 0 
0.0435 0.794437 0 
-0.0255396 1.18008 0 
0.779187 -0.00959958 0 
0.0110854 2.93037 0 
0.00163142 2.79464 0 
-0.0179166 3.16893 1.07877e-18 
-0.00432278 1.46901 -7.95628e-21 
0.559857 0.0926262 5.76669e-19 
0.194207 1.18154 6.40509e-19 
0.962931 0.0050745 0 
-0.000894228 1.34199 0 
0.145346 0.255607 -4.9026e-19 
1.00203 -0.00500454 0 
1.00025 -0.00972623 0 
0.975796 -0.00645706 0 
0.693301 -0.034565 0 
0.0176401 2.63173 0 
-0.0151307 2.91018 6.54888e-19 
-0.0244475 1.61711 0 
-0.0271436 1.74292 0 
-0.0245715 1.61192 0 
-0.00569233 1.836 0 
-0.00131045 1.59357 -4.12579e-21 
-0.00453267 1.47764 0 
-0.0206308 2.98758 -6.61752e-23 
-0.0167059 3.00531 1.46905e-18 
0.00210549 3.00022 0 
0.869263 -0.00881677 0 
0.391643 0.927371 -2.45507e-20 
0.840996 1.21883 -1.01628e-18 
0.989092 1.05898 9.56343e-19 
0.707262 1.31365 -1.69403e-19 
0.702847 1.29727 9.48869e-19 
0.465642 0.278025 8.94721e-21 
0.45717 0.181469 0 
1.16957 0.565606 0 
0.437931 0.297552 4.20723e-20 
0.398717 0.201593 -4.36573e-20 
0.919514 -0.0075681 0 
1.00034 7.11635e-05 0 
0.999913 0.000310358 0 
1.00344 -0.00776682 0 
1.00094 -0.00106866 0 
1.00018 -1.52896e-05 0 
0.0124763 1.73558 -3.38604e-19 
0.0534993 0.915039 0 
0.07551 0.868645 0 
-0.00685913 0.861925 0 
-0.00251614 0.776189 0 
0.032205 1.55127 0 
-0.0376317 1.27731 0 
-0.0454052 1.08975 0 
-0.0218454 1.36995 0 
-0.01393 1.23974 0 
0.856751 -0.00127164 0 
0.872374 0.00952683 0 
0.790515 -0.00432419 0 
0.865874 0.0152926 0 
0.76381 -0.0104716 0 
0.0147045 3.00039 6.92208e-19 
0.0115327 3.00784 0 
0.00614534 3.00286 0 
0.0135383 2.99731 7.72368e-24 
0.00800485 2.95847 -1.02879e-18 
0.0144849 2.98211 0 
0.0107641 2.90366 0 
0.0250933 2.9305 1.39131e-24 
0.00414638 2.8249 0 
0.0313354 2.91554 0 
-0.00659588 2.74382 0 
0.311039 3.56883 0 
-0.132513 3.65113 0 
0.140924 3.25964 -1.00396e-18 
-0.0108253 2.9917 0 
-0.0178278 1.81283 0 
0.000325566 1.62241 7.84863e-21 
-0.00341518 1.47737 -1.13481e-20 
0.6088 0.152132 -1.98307e-19 
0.553612 0.0515597 -1.94531e-19 
0.591185 0.190276 -5.99424e-19 
0.53752 0.120757 -3.99288e-19 
0.224608 0.90545 0 
0.281233 1.33703 -6.59088e-19 
0.391761 1.29688 1.08646e-18 
0.987576 0.00844051 0 
0.94287 0.00600914 0 
1.0003 0.000542623 0 
1.00289 0.00926521 0 
1.00306 0.00842763 -1.1243e-18 
0.991982 0.00972391 8.48943e-19 
-0.0138313 1.49814 0 
-0.00274943 1.32782 0 
-0.0335426 1.62149 0 
-0.0238249 1.53436 0 
-0.00436581 1.38007 0 
0.217159 0.270914 1.51188e-19 
0.264965 0.248974 0 
0.993588 -0.00824514 0 
0.954423 -0.00648908 0 
0.836398 0.0224105 0 
0.80337 0.0347746 0 
0.743288 -0.0248809 0 
1.00048 -0.004913 0 
0.747131 0.0509312 0 
0.606894 -0.0144922 7.73387e-19 
-0.035679 2.86596 3.40387e-19 
0.0436148 2.90766 0 
0.0567287 2.88308 0 
-0.00549805 2.6964 0 
-0.0131103 2.98533 6.02331e-19 
-0.0182856 2.8956 0 
-0.015328 2.98816 -1.90465e-18 
-0.0134654 2.92525 6.57539e-19 
-0.0234513 1.81338 0 
-0.0186116 1.81038 0 
-0.00108769 1.61848 -1.04972e-22 
-0.000879894 1.59134 0 
-0.00590451 1.47586 0 
0.933981 -0.00566297 0 
0.852774 -0.0089235 0 
0.863043 0.00887429 0 
0.948063 -0.00679371 0 
0.884406 -0.007633 0 
0.505287 1.12308 2.01463e-20 
0.557422 1.1788 0 
0.351372 0.865124 5.33084e-21 
0.294658 0.727648 0 
0.949405 1.09432 -2.75914e-19 
1.06212 0.894678 5.6354e-19 
0.396739 1.39489 0 
0.558333 1.3742 0 
0.558889 1.32546 0 
0.0937614 0.13742 -1.3098e-19 
0.503717 0.262505 0 
0.48875 0.164026 1.14232e-19 
1.03057 0.945852 0 
1.09545 0.787456 0 
1.12169 0.730195 -4.88489e-19 
1.14933 0.624295 0 
1.20103 0.405917 5.87153e-20 
0.956824 -0.00861966 0 
0.962018 -0.0100052 0 
0.900972 -0.00805389 0 
0.984247 -0.0091076 0 
0.974618 -0.00941443 0 
0.936811 -0.00620201 0 
1.00016 0.00227599 0 
1.00088 0.00138687 0 
0.999907 0.000857279 0 
-0.0329786 1.99474 1.94837e-19 
0.103696 1.68994 0 
-0.0258284 1.97225 2.36384e-19 
0.0100859 1.74494 -1.15024e-19 
0.117284 1.18295 -5.31195e-19 
0.0693082 1.03267 0 
0.129515 1.02141 0 
-0.0391899 0.902337 0 
-0.0423753 0.84425 0 
0.063332 1.72428 8.6606e-23 
-0.00126453 1.54662 0 
0.0362516 1.72235 2.20396e-20 
-0.000310301 1.54812 -2.4814e-20 
-0.0581175 1.01432 0 
-0.0581375 1.15615 0 
-0.0524301 0.967694 0 
-0.0144069 1.43585 0 
-0.00773146 1.27508 0 
0.942841 0.0152464 0 
0.879512 0.000674004 0 
0.923995 0.00865044 0 
0.845532 -0.00284493 0 
0.809249 0.00424374 0 
0.901449 0.011475 0 
0.886167 0.00665325 0 
0.792527 -0.000372046 0 
0.00597812 3.0649 -6.09893e-21 
0.0164381 3.05801 0 
0.0147416 2.96917 0 
0.00857318 2.87636 0 
0.928738 3.98847 0 
1.24431 3.31722 1.01368e-18 
0.0717414 3.08374 0 
-0.0260854 2.91134 0 
-0.0223435 1.80077 0 
-0.0234586 1.80771 0 
-0.0205552 1.80296 0 
-0.00991709 1.82399 4.61947e-21 
-0.0163759 1.82203 0 
-0.0137652 1.81986 0 
-0.00424461 1.49789 -5.00815e-21 
0.00102355 1.66971 6.27607e-21 
0.00133094 1.64092 1.16436e-20 
-0.00540746 1.47973 0 
0.633044 0.120841 2.92169e-19 
0.568248 0.0243757 -2.843e-19 
0.255955 1.51654 0 
0.268924 0.660929 -2.17516e-19 
0.202053 1.62851 -7.47305e-19 
0.220485 1.17431 7.49728e-19 
0.90439 0.00733193 0 
0.968053 0.0107495 0 
0.974972 0.0104671 0 
0.924936 0.00669767 0 
-0.0135148 1.47271 0 
-0.0138626 1.48804 0 
-0.00562146 1.29963 0 
0.396496 0.305594 3.89794e-19 
0.336654 0.287356 -4.75821e-19 
0.344191 0.223092 0 
1.12267 0.0836777 -2.68154e-21 
1.10818 0.0382288 0 
1.03628 0.037429 0 
0.942538 0.00594238 0 
0.656998 0.0919111 0 
0.687593 0.0655918 -1.24512e-18 
0.584274 0.00846318 4.75786e-19 
0.0099276 2.98252 4.2962e-19 
-0.0317865 2.86815 4.94304e-20 
0.0037804 3.05017 -1.31664e-20 
0.0199835 3.04354 4.73466e-19 
-0.0150301 2.99655 2.18524e-20 
-0.0129657 2.94942 -8.84846e-23 
-0.0172729 3.01202 -4.14098e-19 
0.014744 3.02417 2.9925e-19 
0.00725767 3.03668 -4.67719e-19 
0.923686 0.00342104 0 
0.930758 -0.00128428 0 
0.840684 -0.00655046 0 
0.957328 0.0122234 0 
0.943751 0.0133512 0 
0.88303 0.00802214 0 
0.916674 0.0136659 0 
0.926894 0.0145307 0 
0.836693 0.00792817 0 
0.71411 1.40927 3.19245e-19 
0.750155 1.52119 0 
0.222166 0.37099 2.79018e-20 
0.176124 0.578126 2.23887e-19 
0.26301 0.68653 -1.23304e-19 
0.225141 0.572479 2.27856e-19 
0.283876 0.685247 7.4913e-19 
0.107077 0.174056 2.17925e-19 
0.563756 0.221641 4.29929e-19 
0.532911 0.243505 1.06502e-19 
0.513025 0.14613 2.16694e-19 
1.18976 0.462622 2.87611e-19 
1.20614 0.256785 3.01206e-19 
-0.0173443 1.91994 2.75886e-20 
-0.0244943 1.67056 0 
0.987293 0.0273524 0 
0.955646 0.0180435 0 
0.903886 -0.00142937 0 
0.0109717 3.0745 0 
0.0199646 2.94419 8.14484e-19 
0.0165413 2.95641 0 
0.0061528 2.85072 -8.07789e-19 
0.00618424 3.0919 1.93187e-19 
0.00732456 3.08252 0 
0.784043 1.82705 -2.36892e-19 
1.2512 2.51258 6.50823e-19 
0.766947 1.96908 -1.48751e-18 
0.0210886 2.9843 -3.15886e-19 
0.0373831 3.00751 0 
-0.0322068 2.88211 0 
0.0205548 1.6942 5.49425e-21 
0.00594512 1.69758 -9.77281e-22 
0.0061089 1.52487 -2.97612e-21 
0.274996 1.32268 6.90054e-19 
0.231936 0.441441 -4.73931e-19 
0.00844278 1.94929 4.85189e-19 
0.121476 1.85107 -6.17035e-19 
0.177138 1.46895 9.6995e-20 
0.00462622 3.11786 -1.08984e-18 
0.0165121 3.11811 1.16725e-18 
-0.00872025 2.98086 5.2485e-19 
-0.00275832 2.9777 -4.66354e-19 
-0.0216456 2.88234 -5.34543e-19 
0.0088131 3.09861 -1.41535e-18 
0.00206503 3.10668 1.38214e-18 
0.219607 0.601573 0 
0.160097 0.584316 -4.32488e-19 
0.125923 0.198323 1.91154e-19 
0.319228 0.810887 6.54665e-19 
0.170998 0.21928 -1.0029e-18 
1.20437 0.170495 -5.32286e-20 
1.20619 0.308728 0 
1.1924 0.118705 1.17639e-19 
0.0394717 1.76176 1.31822e-21 
-0.00772478 1.81952 0 
0.00311534 1.59649 0 
0.323415 1.20284 -2.5251e-19 
0.349157 1.02114 -5.32487e-19 
0.193264 0.314546 9.17271e-19 
1.00583 -0.0110919 0 
1.00761 -0.00765718 2.05701e-19 
-0.0243975 1.80092 0 
-0.0336206 1.80837 0 
1.00216 0.00339411 1.58841e-21 
1.00381 0.00943654 4.2244e-19 
-0.00978204 1.82899 -6.22583e-21 
-0.00644159 1.82813 0 
0.0400349 3.18432 1.21592e-19 
0.400367 3.50416 0 
1.11259 0.644651 5.93591e-20 
1.01264 0.0126748 -2.17322e-21 
1.02144 -0.0106027 0 
1.0017 1.91313e-05 -5.21484e-23 
0.117128 1.13401 0 
0.143069 2.65077 0 
-0.174565 1.49539 0 
-0.134948 2.21445 1.82842e-20 
-0.0788071 1.98717 5.22207e-20 
1.00538 0.00985738 2.70237e-21 
1.04695 0.0143221 0 
1.07163 0.0293103 0 
-0.0247992 1.81063 0 
-0.0145124 1.85363 0 
-0.0278699 1.78304 0 
0.302355 1.44045 -4.41024e-19 
1.01111 -0.00957048 0 
1.0095 -0.0154249 0 
1.00233 0.000413647 2.59365e-19 
1.00551 -0.00497197 -3.09523e-19 
1.00122 -0.00108492 0 
-0.0282346 1.80474 0 
-0.0257413 1.7984 0 
-0.0259328 1.80232 0 
-0.0284361 1.78305 0 
-0.0285081 1.78499 0 
-0.0291906 1.78559 0 
1.03011 -0.0155634 0 
1.02076 0.0178236 -8.46044e-22 
0.785848 1.26735 5.17204e-19 
1.00288 0.000224635 -2.62485e-19 
1.00322 0.00565696 3.13449e-19 
1.0013 0.00219318 0 
1.01295 0.0104057 2.5512e-19 
1.00815 0.00830667 -3.16709e-19 
1.00864 0.0142513 0 
-0.0133448 1.85279 0 
-0.0095904 1.84037 7.83488e-21 
-0.00709878 1.83964 -5.18338e-21 
1.18677 0.252206 -4.81916e-20 
1.12577 0.0887823 0 
0.054238 3.07825 -5.32261e-19 
0.0687654 2.85106 -4.25714e-20 
0.148561 3.19811 8.28493e-19 
0.142642 3.22701 -7.34355e-21 
0.14104 3.24393 0 
0.0215262 3.13856 1.16385e-19 
0.081167 3.16275 5.19455e-19 
0.0740159 3.19001 -2.2473e-19 
0.0253322 3.1288 0 
0.671256 0.32787 0 
0.620007 0.370907 0 
1.08578 0.671702 -2.32113e-19 
1.08236 0.812084 3.63991e-19 
1.14509 0.561989 0 
1.17589 0.506996 0 
1.01573 0.013127 -4.71136e-19 
1.01406 0.0138815 5.88961e-19 
1.02506 -0.010159 0 
1.02285 -0.0119583 0 
1.0066 0.00290219 0 
1.01033 0.00351447 0 
1.00498 0.00166102 0 
1.00961 0.0055973 0 
1.00828 0.00603283 0 
1.00477 0.00496013 0 
0.134876 1.13059 0 
0.0406933 0.957956 0 
0.209773 1.19492 0 
0.160283 1.22574 0 
0.143981 2.6643 0 
0.195337 2.67742 -2.09725e-19 
0.0596859 2.75394 0 
0.00158152 2.72069 -1.94682e-20 
-0.164553 2.5962 1.30236e-19 
-0.141101 1.52376 0 
-0.111866 1.56737 0 
-0.202702 1.43675 0 
-0.171967 1.32335 0 
-0.352628 2.04144 6.05232e-20 
-0.111457 2.05462 2.7392e-20 
-0.125011 2.20367 1.29918e-20 
-0.077955 2.12259 0 
-0.0744115 1.98519 -9.98166e-20 
-0.0548731 1.95613 -2.4888e-20 
-0.355115 2.0215 -6.18103e-20 
-0.191573 2.00254 -3.58929e-20 
-0.207756 2.11921 -1.70175e-20 
1.01445 0.0205191 4.67149e-19 
1.0129 0.00506251 -5.74365e-19 
1.00714 0.0208381 -4.86841e-19 
0.992309 0.0135119 6.15835e-19 
1.04702 0.0156706 0 
1.0343 -0.00193222 0 
1.06858 0.0388746 0 
1.05388 0.022078 0 
1.05381 0.0148939 0 
1.10905 0.0791321 0 
1.08239 0.0476191 0 
1.08682 0.0380602 0 
-0.015146 1.83195 -1.26556e-21 
-0.0247152 1.82295 0 
-0.0188067 1.82332 0 
-0.0236033 1.87029 1.12159e-20 
-0.0219392 1.87451 -3.54096e-22 
-0.0359669 1.81432 9.20061e-21 
-0.0323449 1.80825 -9.29835e-21 
-0.0342484 1.79503 0 
-0.0323803 1.79928 0 
-0.0321422 1.7994 0 
-0.0341047 1.77345 0 
-0.0230143 1.74687 0 
0.378516 1.47085 8.3871e-19 
0.399606 1.47501 3.30539e-19 
0.582939 2.41411 -1.51953e-19 
0.404614 2.51276 4.37314e-19 
0.353754 2.07381 -2.04957e-20 
1.02096 -0.00803628 0 
1.01514 -0.00974239 0 
1.01517 -0.0157884 0 
1.00726 -0.000983528 0 
1.00466 -0.00157656 0 
1.00744 -0.00471915 0 
1.00952 -0.00401408 0 
1.01356 -0.00433959 0 
1.02267 0.0176924 4.49636e-19 
1.01706 0.0168389 -5.75228e-19 
1.0232 0.0216708 -4.58664e-19 
1.01733 0.0216139 5.7525e-19 
0.760908 1.31252 0 
0.689663 1.37219 6.12772e-19 
0.859231 1.20486 3.53383e-19 
0.901346 1.16148 -4.69799e-19 
1.14581 2.61299 -5.17792e-19 
0.834845 0.112104 3.01087e-19 
1.12521 0.0984126 0 
1.17169 0.176878 4.37966e-20 
1.15938 0.156591 1.97238e-21 
0.977233 0.122831 0 
0.150335 2.9678 1.36529e-19 
0.127068 2.87398 -6.82103e-19 
0.0397102 2.35338 4.94992e-19 
0.105211 0.109152 -2.07632e-19 
0.344743 3.43234 -4.37804e-19 
0.19964 3.32308 0 
0.240782 3.36841 5.7016e-19 
0.257008 3.04166 -7.64135e-19 
0.351132 3.20125 0 
0.00662499 3.12079 2.7124e-20 
0.0178267 3.12958 -3.44746e-19 
0.0154559 3.12546 5.07415e-19 
0.0377679 3.14018 0 
0.0364163 3.15181 0 
1.21103 2.61639 0 
0.505122 0.850649 -2.38723e-19 
1.01505 0.992401 -1.94592e-19 
0.953354 1.05092 0 
0.795795 0.951095 4.95237e-20 
1.0357 0.862438 3.09493e-20 
0.406484 0.471846 -5.57603e-19 
0.705799 0.336577 -2.29892e-20 
0.690935 0.280874 2.29494e-19 
0.626324 0.408499 1.83435e-20 
0.5648 0.400644 -7.55592e-19 
0.683983 0.356031 0 
0.71946 0.418822 3.69379e-19 
0.71645 0.415656 0 
0.659111 0.382803 0 
0.640405 0.326799 0 
0.751956 0.589233 1.40735e-19 
1.18596 0.268881 2.38264e-20 
1.18195 0.401877 0 
1.19292 0.356795 0 
0.76243 0.211474 3.46164e-19 
0.809126 0.511007 -1.91242e-19 
0.73302 0.490301 3.12516e-19 
0.912316 0.411706 -2.95744e-19 
1.01969 0.0144767 3.09649e-19 
1.0174 0.0139496 -3.18005e-19 
1.01418 0.0160635 0 
1.03162 -0.0135564 0 
1.02827 -0.010823 -2.87289e-19 
1.02446 -0.0163866 2.84269e-19 
1.02804 0.00696 0 
1.02546 0.0150066 0 
1.01137 0.00452036 0 
1.01434 0.00891326 0 
1.01545 0.00410438 0 
1.0136 0.0020217 0 
-0.0540963 1.02565 0 
-0.102797 1.02595 0 
0.311789 1.21186 4.79912e-19 
0.293431 1.44284 2.60209e-19 
0.208717 1.35848 5.80096e-19 
0.214159 1.36977 -9.19589e-19 
0.341677 1.32696 0 
0.365013 1.66866 3.58965e-19 
0.341968 1.71038 0 
0.362533 2.02657 2.9773e-20 
0.35811 2.38797 2.16992e-19 
0.423177 1.46638 -3.18256e-19 
0.314211 1.41603 1.9278e-19 
0.35947 1.32692 -1.59011e-19 
0.329528 1.36377 3.1346e-19 
0.287162 1.63262 0 
0.334034 1.62826 -2.03865e-19 
-0.282863 2.47442 1.987e-19 
-0.158005 2.6579 0 
-0.0514748 2.58533 -3.27358e-19 
-0.143702 2.60477 0 
-0.100715 2.72896 1.75007e-20 
-0.121886 2.69721 0 
-0.329743 1.67796 1.17078e-19 
-0.42028 1.78221 0 
-0.319765 1.5123 0 
-0.300248 1.53332 -1.3205e-19 
-0.196142 2.35548 -9.30307e-20 
-0.161724 2.55978 -1.69022e-19 
-0.138862 2.43888 -1.00078e-21 
-0.207716 1.89483 1.16033e-20 
-0.271218 1.88217 -1.72176e-20 
-0.0922751 1.61874 0 
-0.0602212 1.64333 0 
-0.440961 1.89365 -3.62004e-19 
-0.364693 1.53898 -3.54591e-19 
-0.402399 1.75911 4.42452e-19 
-0.320453 1.81844 0 
-0.0422102 1.84805 -3.8644e-20 
-0.0419505 1.86799 1.5462e-20 
-0.0516371 1.87577 -5.22357e-21 
-0.16847 1.8557 -1.40611e-20 
-0.0851049 1.91704 -9.28463e-21 
-0.0998578 1.94198 5.8164e-20 
1.02112 0.0210758 -3.03604e-19 
1.02082 0.0167642 3.05364e-19 
1.01587 0.0151003 0 
1.0021 0.0463116 4.42684e-19 
0.993366 0.0335345 -5.14078e-19 
0.966567 0.0219654 5.93921e-19 
1.00182 0.0797759 -5.78356e-20 
1.03249 -0.014693 0 
1.03595 -0.000533737 2.56844e-19 
1.02716 -0.017656 -2.61866e-19 
1.05133 0.0425748 -1.43225e-20 
1.05232 0.0292381 1.27406e-19 
1.04883 0.0492975 0 
1.04021 0.0429742 -4.73628e-20 
1.03505 0.0274373 0 
1.03016 0.0196782 0 
1.03298 0.00967134 0 
1.03004 0.0143695 0 
1.04239 0.0260378 9.77675e-20 
1.04447 0.0193259 -2.21788e-19 
1.04372 0.0309307 -9.99416e-20 
1.04144 0.0301048 -1.14889e-19 
1.04745 0.0555977 2.09192e-19 
1.07319 0.0501252 0 
1.07354 0.0943481 0 
-0.0363217 1.84744 -1.25023e-20 
-0.0262833 1.82729 -1.3198e-21 
-0.0298494 1.83085 0 
-0.0221132 1.84588 1.25506e-20 
-0.01757 1.83523 2.47724e-21 
-0.0173598 1.84141 -2.32618e-21 
-0.0493327 1.94271 1.8792e-20 
-0.0583425 1.89301 -1.96825e-21 
-0.0700606 1.90376 9.91787e-21 
-0.0359871 1.90506 -1.12306e-20 
-0.037209 1.9123 1.38592e-20 
-0.0433237 1.80462 4.71156e-22 
-0.0452326 1.81795 1.69415e-20 
0.398693 1.41047 -4.12789e-19 
0.357797 1.40189 -3.78231e-19 
0.646765 1.41242 -5.90606e-19 
0.51999 1.47225 -3.18553e-19 
0.55746 1.44789 0 
0.58432 2.38635 1.30348e-19 
0.652695 2.37374 2.28221e-19 
0.420982 2.47798 8.77589e-20 
0.425803 2.54683 -1.53296e-19 
0.53133 2.51206 2.90557e-19 
0.537683 2.42546 0 
0.510139 2.45851 -3.74919e-19 
0.276768 2.56893 6.39193e-19 
0.383493 2.5167 -7.20531e-20 
0.30115 2.61985 -1.00023e-18 
0.919165 2.3771 2.08918e-19 
0.822003 2.36271 0 
1.01082 0.000262889 1.03873e-20 
1.01614 -0.0052044 -8.60951e-21 
1.01681 -0.00420238 -1.52669e-19 
1.01525 -0.000317126 1.53861e-19 
1.01242 0.000928787 0 
0.628086 1.25468 0 
0.628959 1.16685 0 
0.730934 1.08612 0 
0.620041 1.12976 0 
1.17586 2.62975 5.84407e-20 
1.06093 2.36062 0 
0.848832 2.22928 -1.42308e-21 
0.833361 2.49088 0 
0.927648 2.57069 1.0254e-20 
0.965463 2.51837 -6.86638e-21 
0.840853 0.145033 0 
0.813062 0.150332 8.61309e-20 
0.925797 0.127769 4.4271e-19 
0.864969 0.118691 -1.77545e-19 
0.855933 0.0691982 -5.35256e-19 
1.02841 0.209643 -2.67015e-19 
0.953431 0.277153 -1.58208e-20 
0.891582 0.273768 4.05001e-19 
0.964121 0.197291 3.03007e-19 
0.933042 0.158915 -5.58076e-19 
0.909673 0.174042 7.21387e-20 
0.932397 0.235009 -1.42427e-19 
0.910073 0.192405 0 
0.96884 0.159801 2.67546e-19 
1.0043 0.161003 0 
1.00347 0.186929 0 
1.06795 0.10675 8.9645e-20 
1.02771 0.150733 -1.33934e-20 
1.0223 0.213392 -4.92e-20 
1.05771 0.185396 0 
1.02008 0.0262612 2.33524e-19 
1.03562 0.0456159 2.78277e-19 
1.03243 0.0318214 -2.31734e-19 
1.03099 0.049291 -1.87e-19 
1.01153 0.0517331 -3.11735e-19 
0.976083 0.123473 0 
0.982566 0.0755931 0 
0.970393 0.0449949 -2.1415e-19 
0.936257 0.0579293 8.98635e-20 
1.01552 0.0801857 2.64464e-19 
1.03252 0.108526 -2.72184e-19 
1.03562 0.130865 2.47409e-19 
0.998321 0.12361 0 
1.04248 0.0963023 0 
1.02941 0.0790187 -1.13302e-19 
1.02767 0.0796607 -2.12319e-19 
0.562973 1.07405 -8.31821e-20 
0.607667 1.44034 1.82733e-19 
1.15086 2.76122 9.06317e-20 
1.21867 3.09832 -6.91522e-20 
1.24114 2.73247 5.36784e-19 
1.27405 2.71691 -3.28634e-19 
1.1996 2.34871 -8.17108e-21 
1.20428 3.00083 1.85964e-19 
1.2223 2.96504 -2.01035e-19 
1.21129 3.25201 -2.65883e-19 
1.37457 2.98175 3.68248e-19 
1.3678 2.89855 0 
0.50768 0.856392 -1.35677e-20 
0.162202 1.29294 3.7533e-19 
0.52366 0.543366 3.67664e-19 
0.355908 0.313375 4.00549e-19 
0.568852 0.431718 4.22741e-19 
0.561791 0.497842 -6.73969e-19 
0.55655 0.521475 5.53364e-19 
0.52536 0.468979 -2.20859e-19 
0.485761 0.409123 5.07121e-19 
0.76533 0.269166 -1.94279e-19 
0.733655 0.297076 0 
0.722129 0.253111 1.01666e-20 
0.727412 0.508212 1.96597e-19 
0.704683 0.469014 -7.23001e-19 
0.629329 0.494871 1.96485e-20 
0.646253 0.464725 0 
0.629069 0.73672 1.57087e-19 
0.777294 0.75582 6.658e-20 
0.709992 0.843059 -8.61404e-20 
0.825584 0.790448 -2.24594e-20 
0.86458 0.831451 1.18132e-20 
0.873246 0.834705 -1.20958e-20 
0.792778 0.621308 -2.39704e-19 
0.871064 0.684143 2.08847e-20 
0.934416 0.696386 0 
0.922044 0.669758 -2.29993e-20 
0.980369 0.313241 6.74044e-20 
1.0892 0.276389 1.61955e-20 
1.01411 0.246437 1.09041e-19 
0.966039 0.347875 -1.52768e-19 
1.01283 0.40444 0 
1.05174 0.394855 0 
0.885441 0.351031 5.09775e-21 
0.817641 0.289178 0 
0.838124 0.277456 2.07216e-19 
0.877711 0.283632 -6.94017e-21 
0.905856 0.412623 8.08738e-19 
0.862128 0.463831 2.06262e-19 
0.872324 0.433091 -2.59102e-19 
0.80868 0.418337 2.77077e-19 
0.795828 0.414241 1.88122e-19 
0.770662 0.403922 -1.85095e-19 
1.02732 -0.00592788 2.42042e-19 
1.01971 -0.00195563 0 
1.01822 -0.000840972 1.63934e-19 
1.02288 -0.00218214 -3.70272e-19 
1.02207 0.00197784 1.78026e-19 
1.02096 0.010288 -3.7384e-19 
1.02239 0.00974849 0 
1.02133 0.0106557 -7.87326e-20 
1.01665 0.006881 1.97724e-19 
1.01687 0.0101086 -9.94933e-20 
1.01741 0.00921613 7.26121e-20 
-0.226016 1.28553 0 
-0.326473 1.45953 0 
-0.165777 1.14176 0 
-0.15282 1.13879 0 
-0.0126979 1.35791 -1.21621e-18 
0.179954 1.18123 4.20837e-19 
0.223533 1.683 2.9669e-19 
0.251551 1.28294 -2.11349e-19 
-0.332465 1.53016 5.27489e-19 
-0.323852 1.52325 -4.0493e-19 
-0.138516 1.25959 9.85757e-20 
-0.159185 1.26987 6.20248e-19 
-0.217355 1.283 7.51425e-20 
-0.308628 1.39996 5.98531e-20 
0.00675996 2.59561 3.50025e-19 
0.119659 2.61281 0 
0.240356 2.25646 -4.07117e-20 
0.236319 1.8354 -1.70723e-19 
0.340069 2.09229 2.6558e-20 
0.258179 2.45693 0 
0.277857 2.41549 -2.01512e-19 
0.374001 2.39634 1.33143e-19 
0.30711 2.07273 9.38965e-20 
0.238485 2.2894 2.47365e-20 
0.162634 2.44187 0 
-0.403705 2.16733 3.76846e-19 
-0.338631 2.27337 1.31619e-19 
-0.397919 2.16541 0 
-0.308622 2.43438 6.76999e-21 
-0.357329 2.39317 -1.91753e-19 
-0.232063 1.65734 -4.16139e-21 
-0.158961 1.68123 7.30993e-20 
-0.161422 1.72648 -2.39846e-20 
-0.246124 1.7228 -2.15671e-20 
-0.303385 1.69164 0 
-0.135818 1.72963 0 
-0.0436894 1.7413 1.06148e-20 
-0.075143 1.76154 -2.83691e-21 
-0.0972533 1.74267 0 
-0.0589174 1.691 6.53355e-21 
-0.0308986 1.70226 -1.50483e-20 
1.03501 0.00305623 0 
1.0428 0.00651588 -2.44458e-20 
1.04674 0.0172821 -1.76218e-19 
1.04618 0.0180973 0 
1.04634 0.0185507 0 
1.04547 0.00583294 -6.33133e-21 
1.03977 0.00437597 2.9366e-19 
1.04153 0.0118412 3.52628e-19 
1.03151 0.0165344 0 
1.03032 0.014973 0 
1.04231 0.0190825 1.77924e-19 
1.03261 0.0147576 0 
1.03152 0.0138996 0 
-0.0846494 1.84762 0 
-0.057891 1.81447 2.58894e-21 
-0.0667641 1.83969 8.66255e-21 
-0.056902 1.76874 0 
-0.0702536 1.80472 7.05755e-21 
-0.0544006 1.79626 -6.29147e-21 
-0.0525712 1.78784 0 
0.36827 1.72052 0 
0.34033 1.33338 6.00543e-19 
0.286673 1.38211 0 
0.425426 1.28471 -7.75391e-19 
0.489117 1.42707 0 
0.43563 1.4002 3.83338e-19 
1.02713 2.70417 -4.1577e-21 
0.946197 2.41171 -2.63371e-19 
0.870052 2.14687 3.63656e-19 
0.846937 2.35881 1.35719e-19 
0.847622 2.52926 0 
0.909194 2.5182 0 
0.878448 2.37659 0 
0.915663 2.32702 -4.77505e-19 
0.68119 2.50963 -2.48972e-20 
0.811391 2.50094 -1.36852e-20 
0.819529 2.47291 1.04776e-20 
0.677944 2.35708 0 
0.786155 2.36083 0 
0.746064 2.36434 -2.34943e-19 
0.764294 2.51486 0 
0.575435 1.08564 0 
0.468614 0.924274 -1.20103e-20 
0.51522 0.954991 -2.00625e-21 
0.499081 1.04988 0 
0.49846 1.00556 2.1382e-20 
0.733202 0.86926 9.98108e-21 
0.757186 1.002 0 
0.728952 0.960641 -5.55032e-20 
0.601472 1.02646 0 
0.616433 0.935847 0 
1.15628 2.77672 4.30072e-20 
1.13364 2.84287 1.11643e-19 
0.928917 2.36992 -2.61628e-19 
0.894952 2.34288 2.94792e-20 
1.11986 2.74625 0 
1.07233 2.7158 -3.5367e-20 
1.07475 2.48687 -8.52429e-20 
0.968591 2.21821 -2.96329e-20 
0.499641 1.3639 0 
0.498723 1.06705 7.33274e-20 
0.553751 1.14583 0 
0.858917 0.210838 0 
0.82125 0.162792 0 
0.778808 0.155666 0 
0.845351 0.218889 -3.25173e-19 
0.792752 0.219026 2.01748e-19 
0.940586 0.0527906 -1.85218e-19 
0.948197 0.1007 0 
0.924211 0.103872 8.3449e-20 
0.888432 0.0800163 3.4149e-19 
0.882822 0.049395 -2.10314e-19 
1.16361 3.37781 -9.7888e-19 
1.20837 3.29754 0 
1.16488 3.40395 -1.92956e-18 
0.652257 3.56453 1.65604e-18 
0.879279 3.13043 3.82699e-19 
0.494123 0.876412 2.22464e-19 
0.422177 0.861711 0 
0.354428 0.564086 -8.44873e-20 
0.425109 0.69897 3.87073e-19 
0.524749 0.541115 -1.15807e-19 
0.50885 0.565104 1.30998e-19 
0.651288 0.543733 2.78371e-19 
0.677366 0.539526 0 
0.613543 0.638291 0 
0.577677 0.571164 0 
0.927357 0.577145 -4.49011e-20 
0.859807 0.514322 -1.99729e-19 
0.880687 0.546578 1.00358e-19 
0.921505 0.486716 -1.46372e-19 
1.01147 0.470121 0 
1.02896 0.550349 -9.78212e-21 
0.830403 0.378172 -4.14152e-19 
0.829131 0.363552 -4.86249e-19 
0.783954 0.376537 3.25944e-19 
0.772583 0.348997 -3.65299e-19 
0.82048 0.310736 -2.73929e-19 
0.780725 0.307216 3.36015e-19 
1.0276 0.00227035 -1.88469e-19 
1.02892 0.000688694 3.85037e-19 
1.02816 -0.0067128 2.29875e-19 
1.03208 -0.00877741 -2.83974e-19 
1.03685 -0.00140861 0 
1.03488 0.000535021 -4.6194e-19 
-0.25439 1.99203 -1.22269e-19 
-0.243754 1.79944 0 
0.0122801 1.85875 -9.79503e-19 
0.107885 1.84584 8.90761e-19 
0.151228 1.67055 -5.51761e-19 
-0.0221701 1.688 0 
-0.148879 1.84877 0 
-0.131143 1.77255 -2.07054e-21 
-0.096518 1.77492 1.87015e-21 
-0.085572 1.80088 4.92282e-21 
-0.0995853 1.85085 -1.06552e-20 
-0.112942 1.84999 7.4207e-21 
0.50376 1.37744 4.11998e-19 
0.491138 1.39016 -4.42207e-19 
0.441077 1.2813 3.97834e-19 
0.413722 1.30054 -2.6204e-20 
0.61722 1.29572 0 
0.551691 1.3741 5.27732e-19 
0.565932 1.3593 -5.10234e-19 
0.454995 1.26144 -3.9231e-19 
0.503229 1.21532 0 
0.559015 1.18393 0 
0.632078 2.46016 3.66703e-20 
0.671464 2.47729 5.62633e-19 
0.706217 2.49374 -3.84503e-19 
0.604387 2.47806 -1.26708e-19 
0.549465 2.56966 1.22486e-19 
0.525852 2.53918 -3.45627e-19 
0.959197 2.36287 -1.98029e-19 
1.00037 2.38672 0 
0.891309 2.1303 -2.65433e-19 
1.04141 2.6969 0 
1.0402 2.68323 0 
0.622975 2.30306 2.47519e-19 
1.04079 3.18029 4.80192e-19 
0.913326 3.05037 -4.34227e-19 
0.295827 0.97677 0 
0.347612 0.847369 -1.52088e-19 
0.490359 0.789658 -6.79277e-20 
0.412541 2.05308 0 
0.474769 2.79817 -2.66357e-19 
0.437967 2.56364 0 
0.639372 0.683016 -3.2602e-19 
0.712207 0.660085 4.22427e-19 
0.742412 0.604947 -4.13483e-19 
0.631192 0.64648 -4.83306e-20 
0.697182 0.593797 -1.97724e-19 
1.00004 2.78746 -3.6502e-19 
1.0327 2.84413 2.74558e-19 
0.65256 2.20227 4.43287e-20 
0.59867 1.74596 -6.36079e-20 
0.695689 1.93467 9.37782e-20 
0.982352 2.4695 -7.11729e-20 
0.988378 2.47205 -1.47203e-19 
0.671683 1.88901 -4.27272e-21 
0.445125 1.35403 -7.11499e-20 
))
(300 (2 10 3 0 0 919 1018)(
0 0 0 
0 0 0 
0 0 0 
0 0 0 
0 0 0 
0 0 0 
0 0 0 
0 0 0 
0 0 0 
0 0 0 
0 0 0 
0 0 0 
0 0 0 
0 0 0 
0 0 0 
0 0 0 
0 0 0 
0 0 0 
0 0 0 
0 0 0 
0 0 0 
0 0 0 
0 0 0 
0 0 0 
0 0 0 
0 0 0 
0 0 0 
0 0 0 
0 0 0 
0 0 0 
0 0 0 
0 0 0 
0 0 0 
0 0 0 
0 0 0 
0 0 0 
0 0 0 
0 0 0 
0 0 0 
0 0 0 
0 0 0 
0 0 0 
0 0 0 
0 0 0 
0 0 0 
0 0 0 
0 0 0 
0 0 0 
0 0 0 
0 0 0 
0 0 0 
0 0 0 
0 0 0 
0 0 0 
0 0 0 
0 0 0 
0 0 0 
0 0 0 
0 0 0 
0 0 0 
0 0 0 
0 0 0 
0 0 0 
0 0 0 
0 0 0 
0 0 0 
0 0 0 
0 0 0 
0 0 0 
0 0 0 
0 0 0 
0 0 0 
0 0 0 
0 0 0 
0 0 0 
0 0 0 
0 0 0 
0 0 0 
0 0 0 
0 0 0 
0 0 0 
0 0 0 
0 0 0 
0 0 0 
0 0 0 
0 0 0 
0 0 0 
0 0 0 
0 0 0 
0 0 0 
0 0 0 
0 0 0 
0 0 0 
0 0 0 
0 0 0 
0 0 0 
0 0 0 
0 0 0 
0 0 0 
0 0 0 
))
(300 (2 11 3 0 0 1019 1026)(
1 0 0 
1 0 0 
1 0 0 
1 0 0 
1 0 0 
1 0 0 
1 0 0 
1 0 0 
))
(300 (2 12 3 0 0 1027 1030)(
0 3 0 
0 3 0 
0 3 0 
0 3 0 
))
(300 (2 13 3 0 0 1031 1038)(
-0.0124637 1.59689 0 
-0.00400552 1.56801 5.21541e-21 
-0.0271436 1.74292 0 
-0.00569233 1.836 0 
-0.0178278 1.81283 0 
-0.0186116 1.81038 0 
-0.0205552 1.80296 0 
-0.0137652 1.81986 0 
))
(300 (2 14 3 0 0 1039 1072)(
0 0 0 
0 0 0 
0 0 0 
0 0 0 
0 0 0 
0 0 0 
0 0 0 
0 0 0 
0 0 0 
0 0 0 
0 0 0 
0 0 0 
0 0 0 
0 0 0 
0 0 0 
0 0 0 
0 0 0 
0 0 0 
0 0 0 
0 0 0 
0 0 0 
0 0 0 
0 0 0 
0 0 0 
0 0 0 
0 0 0 
0 0 0 
0 0 0 
0 0 0 
0 0 0 
0 0 0 
0 0 0 
0 0 0 
0 0 0 
))
(300 (2 15 3 0 0 1073 1072)(
))
