(0 "FOAM to Fluent data File")

(33 (918 3444 1074))
(300 (1 1 1 0 0 1 918)(
0.55756
1.18048
0.00130426
0.557016
-0.0125623
1.14746
-0.511871
0.654644
0.537765
-0.106821
-0.0546173
0.540127
1.00818
0.772746
-1.12372
-0.0111094
0.651927
-0.381647
0.536885
-0.0619466
0.684064
0.5443
0.547324
0.537901
0.5976
0.7468
0.889038
0.025913
0.0104524
0.00590111
-0.0119579
-0.0387105
-0.0328124
1.03112
1.08218
1.10488
0.505489
0.334099
-0.377381
-0.450645
-0.437339
-0.543424
0.654563
0.65461
-0.214547
0.657163
0.657536
0.524776
0.537134
0.538046
0.539061
0.538049
0.539427
0.403647
-0.107625
-0.138975
-0.0874019
-0.080884
0.0516989
-0.0552027
-0.0575412
-0.0531857
-0.0521312
0.454575
0.534437
0.530895
0.544441
0.553631
1.12003
1.09198
1.1181
1.03171
1.04821
0.986194
0.958777
0.79446
0.816236
0.756761
0.744128
-1.55418
-2.50342
-0.535063
-0.285148
-0.0106069
-0.00915788
-0.00374536
0.649278
0.650466
0.65139
0.653212
1.07933
-0.379111
-0.480096
0.537028
0.535839
0.544152
0.544853
0.540874
0.539963
-0.0529141
-0.0496919
-0.0524873
-0.0575293
-0.0558072
0.667202
0.669418
0.538428
0.53543
0.561218
0.581673
0.571796
0.277556
0.608623
0.624609
0.57962
0.740586
0.733735
0.743093
0.862693
0.825521
0.926201
0.949559
0.0176582
-0.000154543
-0.0156181
-0.0196184
-0.0183917
0.501315
0.493848
0.5215
0.50893
0.511442
0.250989
0.117828
0.418983
0.443762
-0.296823
-0.364123
-0.429779
-0.460358
-0.568417
0.613377
0.654844
0.653708
-0.224119
-0.1524
-0.286227
-0.0792989
-0.14246
0.515026
0.522051
0.517043
0.532613
0.527076
0.529041
0.541408
0.538477
0.540037
0.465722
0.589195
0.329922
0.294417
-0.242724
-0.154388
-0.242152
-0.0707519
-0.068489
0.0657306
0.0914211
0.038361
0.0265522
-0.0646193
-0.0592134
-0.0616388
-0.0508712
-0.0501946
0.447301
0.436042
0.467278
0.474848
0.520758
0.522268
0.526789
0.524767
0.909701
0.932092
0.939506
0.913282
-3.4907
-6.26827
0.0387497
0.174843
-0.00672222
-0.00937886
0.00199042
-0.00594019
0.000124056
-0.00201507
-0.0086752
-0.0100604
-0.00502484
-0.00374732
0.643803
0.644741
1.00171
1.00893
0.977087
0.930019
0.525259
0.527325
0.532816
0.528701
-0.0493302
-0.0490185
-0.0488214
0.660031
0.664709
0.662546
0.238908
0.148847
0.328802
0.358057
0.637211
0.626207
0.635569
0.640117
0.674932
0.95697
0.975065
0.973407
0.981627
1.02569
1.04212
1.0074
0.4807
0.490716
0.485644
0.524457
0.522288
0.523158
0.519609
0.520535
0.518787
-0.0324052
-0.41173
0.491188
0.507816
0.493397
0.495568
0.693451
0.772004
0.652639
0.653685
0.653497
-0.00974528
-0.0682548
0.249521
0.215291
0.386645
0.42318
0.402086
0.88085
0.841186
0.891253
0.864778
0.826111
0.852342
-0.363309
-1.86028
-0.980777
0.522791
0.338228
0.424918
0.00834722
-0.00824285
-0.00374035
1.00166
1.07374
0.644985
0.819926
0.822437
0.712136
0.742722
0.798594
0.722778
0.758564
0.79449
0.775994
0.569277
0.504347
0.520527
0.840948
0.896545
0.118376
0.0562184
0.0124739
0.110461
0.168019
0.14197
1.03368
0.950123
1.02017
0.535192
0.535916
-0.00537004
-0.0179314
0.54017
0.540227
-0.0127029
-0.00178363
0.408051
-0.831461
0.096694
0.528763
0.51863
0.535782
-0.0927533
0.355107
-0.055014
0.0469886
-0.00976454
0.530228
0.465711
0.424724
8.91448e-05
-0.0202243
-0.0522537
-0.213103
0.532862
0.531166
0.53525
0.536188
0.536871
-0.0189792
-0.0147999
-0.0103418
-0.0490134
-0.0416613
-0.0544057
0.499651
0.519113
-0.171057
0.535397
0.537533
0.537351
0.530621
0.536248
0.534503
-0.0109595
-0.0158195
-0.018126
0.218818
0.35162
0.646519
0.732235
0.619183
0.395614
0.161319
0.550519
0.613395
0.519639
0.672513
0.650522
0.653504
0.162191
0.0117485
0.171198
0.113049
0.526628
0.52536
0.516881
0.513837
0.53065
0.528766
0.533322
0.53035
0.5333
0.534678
-0.0493167
-0.0752192
-0.0848295
-0.151448
0.309879
0.570905
0.254535
0.283831
0.141308
-0.0489194
-0.0508563
-0.052404
-0.059824
0.000522379
-0.0255409
0.0416423
0.0418183
0.0135665
-0.0121726
-0.00980833
-0.0208864
-0.0150482
0.5235
0.523476
0.527904
0.536627
0.47539
0.47918
0.443939
0.464747
0.449958
0.388524
0.42398
0.399137
-0.00590902
0.00251211
-0.00276775
-0.0182988
-0.0149967
-0.0341835
-0.0311393
-0.0266717
-0.0223804
-0.0292805
-0.0466781
-0.049653
-0.171136
-0.287009
0.988282
0.908703
0.13766
0.522004
0.528466
0.525223
0.530161
0.53329
0.534084
0.531788
0.528334
0.519346
0.520824
0.517567
0.518628
-0.102173
-0.243969
-0.0723039
-0.147355
0.146111
0.628332
0.36351
0.298572
0.294004
0.523268
0.915507
0.698037
0.665657
0.66181
-0.34404
0.0441717
-0.280766
0.333824
0.161318
0.647269
0.695922
0.716916
0.665245
0.618548
-0.0996197
0.556178
-0.0752856
-0.0226764
0.179314
0.0542944
0.656233
0.638894
0.646322
0.647211
0.659171
0.641154
0.623062
0.623404
0.642532
0.647681
0.481924
0.249456
0.199888
0.161429
0.643177
0.515222
0.564073
0.489114
0.521969
0.524475
0.523132
0.504491
0.512092
0.507604
0.514166
0.51783
0.526372
0.526857
0.522103
0.524231
-0.0558808
-0.0620241
-0.0251011
-0.135422
-0.12806
-0.190304
-0.0590879
0.074421
0.0361644
0.237188
0.340605
0.0517913
-0.0568913
-0.0296466
0.0125663
0.179722
0.208482
0.0739239
0.161437
0.152913
0.133838
0.236783
0.240084
-0.0306695
-0.0319447
-0.0368648
-0.0395231
0.0181872
0.089627
0.0989114
-0.00864332
-0.0139355
-0.0469806
-0.0472082
-0.0229711
-0.0281024
-0.0231865
0.00429141
-0.0529331
-0.0206476
-0.00682878
-0.00632042
-0.00649652
-0.0120254
0.518371
0.520009
0.520303
0.528488
0.540651
0.555274
0.521677
0.497654
0.488422
0.491434
0.464368
0.474639
0.470503
0.484051
0.505247
0.513895
0.512185
0.515006
0.497305
0.499095
0.485562
0.489191
0.464387
0.444925
0.432926
-0.042773
-0.00431652
-0.0124898
-0.0381319
-0.00855984
-0.0204771
-0.0118628
0.00733072
-0.00931506
-0.0104627
-0.0206879
-0.0269968
-0.0265619
-0.0730565
0.0137577
-0.184847
-0.22002
-0.293402
0.890504
1.01472
0.809542
0.582366
0.602926
0.846498
0.930695
0.542674
0.735038
0.758193
0.588118
0.855144
0.526857
0.52645
0.52405
0.523529
0.52475
-0.00682004
0.0998697
0.097198
0.16124
0.277874
0.389348
0.320936
0.195376
0.325248
0.327684
0.621364
0.63345
0.588952
0.612915
0.613619
0.425194
0.500808
0.552545
0.513754
0.565856
0.587615
0.541441
0.574542
0.523739
0.47916
0.475342
0.424853
0.444491
0.419986
0.40311
0.516693
0.49379
0.504583
0.494927
0.516307
0.543705
0.540755
0.562699
0.577889
0.49821
0.4531
0.462506
0.49269
0.454169
0.46976
0.485682
0.233982
0.136339
0.2191
-0.0656551
0.00431356
-0.00800431
-0.0568125
-0.00503124
0.279101
-0.411388
-0.38832
-1.01474
0.505133
0.953445
0.585489
0.562471
0.660614
0.647638
0.654045
0.670945
0.6672
0.631727
0.640477
0.645192
0.593391
0.614216
0.633165
0.628998
0.524573
0.380974
0.380859
0.32804
0.198233
0.238378
0.433957
0.358342
0.283554
0.283632
0.456356
0.34272
0.41307
0.445954
0.377169
0.331915
0.534807
0.601152
0.594262
0.567934
0.477781
0.489701
0.514256
0.547677
0.57112
0.604255
0.513599
0.519552
0.520784
0.51825
0.515514
0.518624
0.518915
0.52151
0.522078
0.525111
0.524189
-0.0528202
-0.0387
-0.0505564
-0.0625255
-0.0181758
-0.0208183
0.0228988
0.0109476
-0.0159813
-0.011809
-0.0332952
-0.0372725
-0.0340155
-0.0262703
0.102983
0.11568
0.100647
0.0603469
0.250345
0.380449
0.454682
0.329552
0.223749
0.248343
0.266889
-0.0128286
0.0129864
0.000344795
0.0397605
0.0316963
-0.0400917
-0.0440698
-0.0402475
-0.0318876
-0.0238808
-0.0401515
-0.0456786
-0.0364474
-0.0412387
-0.044112
-0.0481117
0.49993
0.493407
0.494978
0.488916
0.487647
0.501895
0.50622
0.508171
0.513616
0.515988
0.506025
0.511418
0.515411
-0.0127839
-0.0359201
-0.0392795
-0.0310314
-0.0326513
-0.0300159
-0.0315931
0.123955
0.0549335
0.0586576
0.0114323
-0.121143
-0.0630972
0.492723
0.491568
0.480735
0.721738
0.570942
0.491978
0.589164
0.69478
0.276809
0.473261
0.308563
0.888664
0.785507
0.931754
0.542506
0.246722
0.411613
0.453454
0.267519
0.343712
0.324253
0.213443
0.244074
0.282843
0.381516
0.266884
0.243925
0.000293908
0.191286
0.302797
0.284699
0.408917
0.469425
0.268084
0.187734
0.142626
0.605548
0.625338
0.638639
0.610791
0.633137
0.581774
0.573918
0.589172
0.597192
0.591263
-0.743129
-0.449475
-1.39657
-0.720344
-0.264413
0.535698
0.508644
0.769934
0.645263
0.678121
0.662578
0.622222
0.592371
0.617724
0.63945
0.339119
0.449592
0.424762
0.430745
0.333651
0.263681
0.56211
0.559618
0.592616
0.616452
0.588249
0.618573
0.511404
0.511127
0.510594
0.50683
0.505087
0.507439
0.0585105
0.0259793
0.0672197
0.0494274
0.0271024
0.0153604
-0.0123378
-0.0224572
-0.0290845
-0.0284032
-0.0139506
-0.00993317
0.172908
0.109956
0.0303857
0.0591523
-0.00171944
-0.070181
-0.0895044
0.0163109
0.112492
0.102684
0.405789
0.65493
0.475014
0.642455
0.485286
0.54093
0.469077
0.460254
0.485118
0.380705
0.46113
0.252774
-0.255656
-0.164984
0.79562
0.805937
0.58155
0.407479
0.174905
0.351306
0.54054
0.46985
0.505252
0.574372
0.5612
0.0318059
0.0887028
0.377901
0.604715
0.242433
0.233327
0.226725
0.411833
0.329591
))
(300 (1 10 1 0 0 919 1018)(
0.55756
1.18048
0.00130426
0.557016
1.14746
-0.511871
0.654644
-0.106821
-0.0546173
0.540127
1.00818
0.772746
-1.12372
0.651927
-0.381647
0.536885
-0.0619466
0.684064
0.537901
0.5976
0.7468
0.889038
0.025913
1.03112
0.505489
-0.450645
-0.543424
0.65461
-0.214547
0.657536
0.524776
-0.138975
-0.080884
-0.0575412
-0.0521312
0.454575
0.530895
0.553631
1.04821
0.958777
0.816236
0.744128
-2.50342
-0.285148
0.650466
0.653212
-0.480096
0.535839
0.539963
-0.0496919
-0.0558072
0.669418
0.53543
0.571796
0.277556
0.624609
0.57962
0.743093
0.825521
0.949559
0.493848
0.5215
0.511442
-0.364123
-0.568417
0.653708
-0.286227
-0.14246
0.517043
0.529041
-0.242152
-0.068489
-0.0616388
-0.0501946
0.436042
0.474848
0.520758
0.524767
0.913282
0.174843
0.644741
0.525259
0.528701
-0.0488214
0.662546
0.148847
0.358057
0.635569
0.674932
0.981627
0.485644
0.523158
0.518787
0.653497
-0.0682548
0.402086
0.864778
0.424918
0.758564
0.0124739
))
(300 (1 11 1 0 0 919 926)(
0.55756
0.557016
0.537765
0.5443
0.538046
0.539427
0.544152
0.540037
))
(300 (1 12 1 0 0 919 922)(
1.18048
1.14746
1.10488
1.1181
))
(300 (1 13 1 0 0 919 926)(
0
0
0
0
0
0
0
0
))
(300 (1 14 1 0 0 919 952)(
-0.0125623
-0.0111094
-0.0328124
0.334099
0.403647
0.0516989
-0.00374536
1.07933
-0.0183917
0.117828
0.443762
0.613377
0.589195
0.294417
0.0914211
0.0265522
-6.26827
-0.0086752
-0.00374732
1.00893
0.930019
-0.41173
0.491188
0.495568
0.772004
0.215291
-0.980777
-0.00374035
1.07374
0.822437
0.520527
0.896545
0.14197
1.02017
))
(300 (1 15 1 0 0 919 2754)(
0.55756
0.55756
1.18048
1.18048
0.00130426
0.00130426
0.557016
0.557016
-0.0125623
-0.0125623
1.14746
1.14746
-0.511871
-0.511871
0.654644
0.654644
0.537765
0.537765
-0.106821
-0.106821
-0.0546173
-0.0546173
0.540127
0.540127
1.00818
1.00818
0.772746
0.772746
-1.12372
-1.12372
-0.0111094
-0.0111094
0.651927
0.651927
-0.381647
-0.381647
0.536885
0.536885
-0.0619466
-0.0619466
0.684064
0.684064
0.5443
0.5443
0.547324
0.547324
0.537901
0.537901
0.5976
0.5976
0.7468
0.7468
0.889038
0.889038
0.025913
0.025913
0.0104524
0.0104524
0.00590111
0.00590111
-0.0119579
-0.0119579
-0.0387105
-0.0387105
-0.0328124
-0.0328124
1.03112
1.03112
1.08218
1.08218
1.10488
1.10488
0.505489
0.505489
0.334099
0.334099
-0.377381
-0.377381
-0.450645
-0.450645
-0.437339
-0.437339
-0.543424
-0.543424
0.654563
0.654563
0.65461
0.65461
-0.214547
-0.214547
0.657163
0.657163
0.657536
0.657536
0.524776
0.524776
0.537134
0.537134
0.538046
0.538046
0.539061
0.539061
0.538049
0.538049
0.539427
0.539427
0.403647
0.403647
-0.107625
-0.107625
-0.138975
-0.138975
-0.0874019
-0.0874019
-0.080884
-0.080884
0.0516989
0.0516989
-0.0552027
-0.0552027
-0.0575412
-0.0575412
-0.0531857
-0.0531857
-0.0521312
-0.0521312
0.454575
0.454575
0.534437
0.534437
0.530895
0.530895
0.544441
0.544441
0.553631
0.553631
1.12003
1.12003
1.09198
1.09198
1.1181
1.1181
1.03171
1.03171
1.04821
1.04821
0.986194
0.986194
0.958777
0.958777
0.79446
0.79446
0.816236
0.816236
0.756761
0.756761
0.744128
0.744128
-1.55418
-1.55418
-2.50342
-2.50342
-0.535063
-0.535063
-0.285148
-0.285148
-0.0106069
-0.0106069
-0.00915788
-0.00915788
-0.00374536
-0.00374536
0.649278
0.649278
0.650466
0.650466
0.65139
0.65139
0.653212
0.653212
1.07933
1.07933
-0.379111
-0.379111
-0.480096
-0.480096
0.537028
0.537028
0.535839
0.535839
0.544152
0.544152
0.544853
0.544853
0.540874
0.540874
0.539963
0.539963
-0.0529141
-0.0529141
-0.0496919
-0.0496919
-0.0524873
-0.0524873
-0.0575293
-0.0575293
-0.0558072
-0.0558072
0.667202
0.667202
0.669418
0.669418
0.538428
0.538428
0.53543
0.53543
0.561218
0.561218
0.581673
0.581673
0.571796
0.571796
0.277556
0.277556
0.608623
0.608623
0.624609
0.624609
0.57962
0.57962
0.740586
0.740586
0.733735
0.733735
0.743093
0.743093
0.862693
0.862693
0.825521
0.825521
0.926201
0.926201
0.949559
0.949559
0.0176582
0.0176582
-0.000154543
-0.000154543
-0.0156181
-0.0156181
-0.0196184
-0.0196184
-0.0183917
-0.0183917
0.501315
0.501315
0.493848
0.493848
0.5215
0.5215
0.50893
0.50893
0.511442
0.511442
0.250989
0.250989
0.117828
0.117828
0.418983
0.418983
0.443762
0.443762
-0.296823
-0.296823
-0.364123
-0.364123
-0.429779
-0.429779
-0.460358
-0.460358
-0.568417
-0.568417
0.613377
0.613377
0.654844
0.654844
0.653708
0.653708
-0.224119
-0.224119
-0.1524
-0.1524
-0.286227
-0.286227
-0.0792989
-0.0792989
-0.14246
-0.14246
0.515026
0.515026
0.522051
0.522051
0.517043
0.517043
0.532613
0.532613
0.527076
0.527076
0.529041
0.529041
0.541408
0.541408
0.538477
0.538477
0.540037
0.540037
0.465722
0.465722
0.589195
0.589195
0.329922
0.329922
0.294417
0.294417
-0.242724
-0.242724
-0.154388
-0.154388
-0.242152
-0.242152
-0.0707519
-0.0707519
-0.068489
-0.068489
0.0657306
0.0657306
0.0914211
0.0914211
0.038361
0.038361
0.0265522
0.0265522
-0.0646193
-0.0646193
-0.0592134
-0.0592134
-0.0616388
-0.0616388
-0.0508712
-0.0508712
-0.0501946
-0.0501946
0.447301
0.447301
0.436042
0.436042
0.467278
0.467278
0.474848
0.474848
0.520758
0.520758
0.522268
0.522268
0.526789
0.526789
0.524767
0.524767
0.909701
0.909701
0.932092
0.932092
0.939506
0.939506
0.913282
0.913282
-3.4907
-3.4907
-6.26827
-6.26827
0.0387497
0.0387497
0.174843
0.174843
-0.00672222
-0.00672222
-0.00937886
-0.00937886
0.00199042
0.00199042
-0.00594019
-0.00594019
0.000124056
0.000124056
-0.00201507
-0.00201507
-0.0086752
-0.0086752
-0.0100604
-0.0100604
-0.00502484
-0.00502484
-0.00374732
-0.00374732
0.643803
0.643803
0.644741
0.644741
1.00171
1.00171
1.00893
1.00893
0.977087
0.977087
0.930019
0.930019
0.525259
0.525259
0.527325
0.527325
0.532816
0.532816
0.528701
0.528701
-0.0493302
-0.0493302
-0.0490185
-0.0490185
-0.0488214
-0.0488214
0.660031
0.660031
0.664709
0.664709
0.662546
0.662546
0.238908
0.238908
0.148847
0.148847
0.328802
0.328802
0.358057
0.358057
0.637211
0.637211
0.626207
0.626207
0.635569
0.635569
0.640117
0.640117
0.674932
0.674932
0.95697
0.95697
0.975065
0.975065
0.973407
0.973407
0.981627
0.981627
1.02569
1.02569
1.04212
1.04212
1.0074
1.0074
0.4807
0.4807
0.490716
0.490716
0.485644
0.485644
0.524457
0.524457
0.522288
0.522288
0.523158
0.523158
0.519609
0.519609
0.520535
0.520535
0.518787
0.518787
-0.0324052
-0.0324052
-0.41173
-0.41173
0.491188
0.491188
0.507816
0.507816
0.493397
0.493397
0.495568
0.495568
0.693451
0.693451
0.772004
0.772004
0.652639
0.652639
0.653685
0.653685
0.653497
0.653497
-0.00974528
-0.00974528
-0.0682548
-0.0682548
0.249521
0.249521
0.215291
0.215291
0.386645
0.386645
0.42318
0.42318
0.402086
0.402086
0.88085
0.88085
0.841186
0.841186
0.891253
0.891253
0.864778
0.864778
0.826111
0.826111
0.852342
0.852342
-0.363309
-0.363309
-1.86028
-1.86028
-0.980777
-0.980777
0.522791
0.522791
0.338228
0.338228
0.424918
0.424918
0.00834722
0.00834722
-0.00824285
-0.00824285
-0.00374035
-0.00374035
1.00166
1.00166
1.07374
1.07374
0.644985
0.644985
0.819926
0.819926
0.822437
0.822437
0.712136
0.712136
0.742722
0.742722
0.798594
0.798594
0.722778
0.722778
0.758564
0.758564
0.79449
0.79449
0.775994
0.775994
0.569277
0.569277
0.504347
0.504347
0.520527
0.520527
0.840948
0.840948
0.896545
0.896545
0.118376
0.118376
0.0562184
0.0562184
0.0124739
0.0124739
0.110461
0.110461
0.168019
0.168019
0.14197
0.14197
1.03368
1.03368
0.950123
0.950123
1.02017
1.02017
0.535192
0.535192
0.535916
0.535916
-0.00537004
-0.00537004
-0.0179314
-0.0179314
0.54017
0.54017
0.540227
0.540227
-0.0127029
-0.0127029
-0.00178363
-0.00178363
0.408051
0.408051
-0.831461
-0.831461
0.096694
0.096694
0.528763
0.528763
0.51863
0.51863
0.535782
0.535782
-0.0927533
-0.0927533
0.355107
0.355107
-0.055014
-0.055014
0.0469886
0.0469886
-0.00976454
-0.00976454
0.530228
0.530228
0.465711
0.465711
0.424724
0.424724
8.91448e-05
8.91448e-05
-0.0202243
-0.0202243
-0.0522537
-0.0522537
-0.213103
-0.213103
0.532862
0.532862
0.531166
0.531166
0.53525
0.53525
0.536188
0.536188
0.536871
0.536871
-0.0189792
-0.0189792
-0.0147999
-0.0147999
-0.0103418
-0.0103418
-0.0490134
-0.0490134
-0.0416613
-0.0416613
-0.0544057
-0.0544057
0.499651
0.499651
0.519113
0.519113
-0.171057
-0.171057
0.535397
0.535397
0.537533
0.537533
0.537351
0.537351
0.530621
0.530621
0.536248
0.536248
0.534503
0.534503
-0.0109595
-0.0109595
-0.0158195
-0.0158195
-0.018126
-0.018126
0.218818
0.218818
0.35162
0.35162
0.646519
0.646519
0.732235
0.732235
0.619183
0.619183
0.395614
0.395614
0.161319
0.161319
0.550519
0.550519
0.613395
0.613395
0.519639
0.519639
0.672513
0.672513
0.650522
0.650522
0.653504
0.653504
0.162191
0.162191
0.0117485
0.0117485
0.171198
0.171198
0.113049
0.113049
0.526628
0.526628
0.52536
0.52536
0.516881
0.516881
0.513837
0.513837
0.53065
0.53065
0.528766
0.528766
0.533322
0.533322
0.53035
0.53035
0.5333
0.5333
0.534678
0.534678
-0.0493167
-0.0493167
-0.0752192
-0.0752192
-0.0848295
-0.0848295
-0.151448
-0.151448
0.309879
0.309879
0.570905
0.570905
0.254535
0.254535
0.283831
0.283831
0.141308
0.141308
-0.0489194
-0.0489194
-0.0508563
-0.0508563
-0.052404
-0.052404
-0.059824
-0.059824
0.000522379
0.000522379
-0.0255409
-0.0255409
0.0416423
0.0416423
0.0418183
0.0418183
0.0135665
0.0135665
-0.0121726
-0.0121726
-0.00980833
-0.00980833
-0.0208864
-0.0208864
-0.0150482
-0.0150482
0.5235
0.5235
0.523476
0.523476
0.527904
0.527904
0.536627
0.536627
0.47539
0.47539
0.47918
0.47918
0.443939
0.443939
0.464747
0.464747
0.449958
0.449958
0.388524
0.388524
0.42398
0.42398
0.399137
0.399137
-0.00590902
-0.00590902
0.00251211
0.00251211
-0.00276775
-0.00276775
-0.0182988
-0.0182988
-0.0149967
-0.0149967
-0.0341835
-0.0341835
-0.0311393
-0.0311393
-0.0266717
-0.0266717
-0.0223804
-0.0223804
-0.0292805
-0.0292805
-0.0466781
-0.0466781
-0.049653
-0.049653
-0.171136
-0.171136
-0.287009
-0.287009
0.988282
0.988282
0.908703
0.908703
0.13766
0.13766
0.522004
0.522004
0.528466
0.528466
0.525223
0.525223
0.530161
0.530161
0.53329
0.53329
0.534084
0.534084
0.531788
0.531788
0.528334
0.528334
0.519346
0.519346
0.520824
0.520824
0.517567
0.517567
0.518628
0.518628
-0.102173
-0.102173
-0.243969
-0.243969
-0.0723039
-0.0723039
-0.147355
-0.147355
0.146111
0.146111
0.628332
0.628332
0.36351
0.36351
0.298572
0.298572
0.294004
0.294004
0.523268
0.523268
0.915507
0.915507
0.698037
0.698037
0.665657
0.665657
0.66181
0.66181
-0.34404
-0.34404
0.0441717
0.0441717
-0.280766
-0.280766
0.333824
0.333824
0.161318
0.161318
0.647269
0.647269
0.695922
0.695922
0.716916
0.716916
0.665245
0.665245
0.618548
0.618548
-0.0996197
-0.0996197
0.556178
0.556178
-0.0752856
-0.0752856
-0.0226764
-0.0226764
0.179314
0.179314
0.0542944
0.0542944
0.656233
0.656233
0.638894
0.638894
0.646322
0.646322
0.647211
0.647211
0.659171
0.659171
0.641154
0.641154
0.623062
0.623062
0.623404
0.623404
0.642532
0.642532
0.647681
0.647681
0.481924
0.481924
0.249456
0.249456
0.199888
0.199888
0.161429
0.161429
0.643177
0.643177
0.515222
0.515222
0.564073
0.564073
0.489114
0.489114
0.521969
0.521969
0.524475
0.524475
0.523132
0.523132
0.504491
0.504491
0.512092
0.512092
0.507604
0.507604
0.514166
0.514166
0.51783
0.51783
0.526372
0.526372
0.526857
0.526857
0.522103
0.522103
0.524231
0.524231
-0.0558808
-0.0558808
-0.0620241
-0.0620241
-0.0251011
-0.0251011
-0.135422
-0.135422
-0.12806
-0.12806
-0.190304
-0.190304
-0.0590879
-0.0590879
0.074421
0.074421
0.0361644
0.0361644
0.237188
0.237188
0.340605
0.340605
0.0517913
0.0517913
-0.0568913
-0.0568913
-0.0296466
-0.0296466
0.0125663
0.0125663
0.179722
0.179722
0.208482
0.208482
0.0739239
0.0739239
0.161437
0.161437
0.152913
0.152913
0.133838
0.133838
0.236783
0.236783
0.240084
0.240084
-0.0306695
-0.0306695
-0.0319447
-0.0319447
-0.0368648
-0.0368648
-0.0395231
-0.0395231
0.0181872
0.0181872
0.089627
0.089627
0.0989114
0.0989114
-0.00864332
-0.00864332
-0.0139355
-0.0139355
-0.0469806
-0.0469806
-0.0472082
-0.0472082
-0.0229711
-0.0229711
-0.0281024
-0.0281024
-0.0231865
-0.0231865
0.00429141
0.00429141
-0.0529331
-0.0529331
-0.0206476
-0.0206476
-0.00682878
-0.00682878
-0.00632042
-0.00632042
-0.00649652
-0.00649652
-0.0120254
-0.0120254
0.518371
0.518371
0.520009
0.520009
0.520303
0.520303
0.528488
0.528488
0.540651
0.540651
0.555274
0.555274
0.521677
0.521677
0.497654
0.497654
0.488422
0.488422
0.491434
0.491434
0.464368
0.464368
0.474639
0.474639
0.470503
0.470503
0.484051
0.484051
0.505247
0.505247
0.513895
0.513895
0.512185
0.512185
0.515006
0.515006
0.497305
0.497305
0.499095
0.499095
0.485562
0.485562
0.489191
0.489191
0.464387
0.464387
0.444925
0.444925
0.432926
0.432926
-0.042773
-0.042773
-0.00431652
-0.00431652
-0.0124898
-0.0124898
-0.0381319
-0.0381319
-0.00855984
-0.00855984
-0.0204771
-0.0204771
-0.0118628
-0.0118628
0.00733072
0.00733072
-0.00931506
-0.00931506
-0.0104627
-0.0104627
-0.0206879
-0.0206879
-0.0269968
-0.0269968
-0.0265619
-0.0265619
-0.0730565
-0.0730565
0.0137577
0.0137577
-0.184847
-0.184847
-0.22002
-0.22002
-0.293402
-0.293402
0.890504
0.890504
1.01472
1.01472
0.809542
0.809542
0.582366
0.582366
0.602926
0.602926
0.846498
0.846498
0.930695
0.930695
0.542674
0.542674
0.735038
0.735038
0.758193
0.758193
0.588118
0.588118
0.855144
0.855144
0.526857
0.526857
0.52645
0.52645
0.52405
0.52405
0.523529
0.523529
0.52475
0.52475
-0.00682004
-0.00682004
0.0998697
0.0998697
0.097198
0.097198
0.16124
0.16124
0.277874
0.277874
0.389348
0.389348
0.320936
0.320936
0.195376
0.195376
0.325248
0.325248
0.327684
0.327684
0.621364
0.621364
0.63345
0.63345
0.588952
0.588952
0.612915
0.612915
0.613619
0.613619
0.425194
0.425194
0.500808
0.500808
0.552545
0.552545
0.513754
0.513754
0.565856
0.565856
0.587615
0.587615
0.541441
0.541441
0.574542
0.574542
0.523739
0.523739
0.47916
0.47916
0.475342
0.475342
0.424853
0.424853
0.444491
0.444491
0.419986
0.419986
0.40311
0.40311
0.516693
0.516693
0.49379
0.49379
0.504583
0.504583
0.494927
0.494927
0.516307
0.516307
0.543705
0.543705
0.540755
0.540755
0.562699
0.562699
0.577889
0.577889
0.49821
0.49821
0.4531
0.4531
0.462506
0.462506
0.49269
0.49269
0.454169
0.454169
0.46976
0.46976
0.485682
0.485682
0.233982
0.233982
0.136339
0.136339
0.2191
0.2191
-0.0656551
-0.0656551
0.00431356
0.00431356
-0.00800431
-0.00800431
-0.0568125
-0.0568125
-0.00503124
-0.00503124
0.279101
0.279101
-0.411388
-0.411388
-0.38832
-0.38832
-1.01474
-1.01474
0.505133
0.505133
0.953445
0.953445
0.585489
0.585489
0.562471
0.562471
0.660614
0.660614
0.647638
0.647638
0.654045
0.654045
0.670945
0.670945
0.6672
0.6672
0.631727
0.631727
0.640477
0.640477
0.645192
0.645192
0.593391
0.593391
0.614216
0.614216
0.633165
0.633165
0.628998
0.628998
0.524573
0.524573
0.380974
0.380974
0.380859
0.380859
0.32804
0.32804
0.198233
0.198233
0.238378
0.238378
0.433957
0.433957
0.358342
0.358342
0.283554
0.283554
0.283632
0.283632
0.456356
0.456356
0.34272
0.34272
0.41307
0.41307
0.445954
0.445954
0.377169
0.377169
0.331915
0.331915
0.534807
0.534807
0.601152
0.601152
0.594262
0.594262
0.567934
0.567934
0.477781
0.477781
0.489701
0.489701
0.514256
0.514256
0.547677
0.547677
0.57112
0.57112
0.604255
0.604255
0.513599
0.513599
0.519552
0.519552
0.520784
0.520784
0.51825
0.51825
0.515514
0.515514
0.518624
0.518624
0.518915
0.518915
0.52151
0.52151
0.522078
0.522078
0.525111
0.525111
0.524189
0.524189
-0.0528202
-0.0528202
-0.0387
-0.0387
-0.0505564
-0.0505564
-0.0625255
-0.0625255
-0.0181758
-0.0181758
-0.0208183
-0.0208183
0.0228988
0.0228988
0.0109476
0.0109476
-0.0159813
-0.0159813
-0.011809
-0.011809
-0.0332952
-0.0332952
-0.0372725
-0.0372725
-0.0340155
-0.0340155
-0.0262703
-0.0262703
0.102983
0.102983
0.11568
0.11568
0.100647
0.100647
0.0603469
0.0603469
0.250345
0.250345
0.380449
0.380449
0.454682
0.454682
0.329552
0.329552
0.223749
0.223749
0.248343
0.248343
0.266889
0.266889
-0.0128286
-0.0128286
0.0129864
0.0129864
0.000344795
0.000344795
0.0397605
0.0397605
0.0316963
0.0316963
-0.0400917
-0.0400917
-0.0440698
-0.0440698
-0.0402475
-0.0402475
-0.0318876
-0.0318876
-0.0238808
-0.0238808
-0.0401515
-0.0401515
-0.0456786
-0.0456786
-0.0364474
-0.0364474
-0.0412387
-0.0412387
-0.044112
-0.044112
-0.0481117
-0.0481117
0.49993
0.49993
0.493407
0.493407
0.494978
0.494978
0.488916
0.488916
0.487647
0.487647
0.501895
0.501895
0.50622
0.50622
0.508171
0.508171
0.513616
0.513616
0.515988
0.515988
0.506025
0.506025
0.511418
0.511418
0.515411
0.515411
-0.0127839
-0.0127839
-0.0359201
-0.0359201
-0.0392795
-0.0392795
-0.0310314
-0.0310314
-0.0326513
-0.0326513
-0.0300159
-0.0300159
-0.0315931
-0.0315931
0.123955
0.123955
0.0549335
0.0549335
0.0586576
0.0586576
0.0114323
0.0114323
-0.121143
-0.121143
-0.0630972
-0.0630972
0.492723
0.492723
0.491568
0.491568
0.480735
0.480735
0.721738
0.721738
0.570942
0.570942
0.491978
0.491978
0.589164
0.589164
0.69478
0.69478
0.276809
0.276809
0.473261
0.473261
0.308563
0.308563
0.888664
0.888664
0.785507
0.785507
0.931754
0.931754
0.542506
0.542506
0.246722
0.246722
0.411613
0.411613
0.453454
0.453454
0.267519
0.267519
0.343712
0.343712
0.324253
0.324253
0.213443
0.213443
0.244074
0.244074
0.282843
0.282843
0.381516
0.381516
0.266884
0.266884
0.243925
0.243925
0.000293908
0.000293908
0.191286
0.191286
0.302797
0.302797
0.284699
0.284699
0.408917
0.408917
0.469425
0.469425
0.268084
0.268084
0.187734
0.187734
0.142626
0.142626
0.605548
0.605548
0.625338
0.625338
0.638639
0.638639
0.610791
0.610791
0.633137
0.633137
0.581774
0.581774
0.573918
0.573918
0.589172
0.589172
0.597192
0.597192
0.591263
0.591263
-0.743129
-0.743129
-0.449475
-0.449475
-1.39657
-1.39657
-0.720344
-0.720344
-0.264413
-0.264413
0.535698
0.535698
0.508644
0.508644
0.769934
0.769934
0.645263
0.645263
0.678121
0.678121
0.662578
0.662578
0.622222
0.622222
0.592371
0.592371
0.617724
0.617724
0.63945
0.63945
0.339119
0.339119
0.449592
0.449592
0.424762
0.424762
0.430745
0.430745
0.333651
0.333651
0.263681
0.263681
0.56211
0.56211
0.559618
0.559618
0.592616
0.592616
0.616452
0.616452
0.588249
0.588249
0.618573
0.618573
0.511404
0.511404
0.511127
0.511127
0.510594
0.510594
0.50683
0.50683
0.505087
0.505087
0.507439
0.507439
0.0585105
0.0585105
0.0259793
0.0259793
0.0672197
0.0672197
0.0494274
0.0494274
0.0271024
0.0271024
0.0153604
0.0153604
-0.0123378
-0.0123378
-0.0224572
-0.0224572
-0.0290845
-0.0290845
-0.0284032
-0.0284032
-0.0139506
-0.0139506
-0.00993317
-0.00993317
0.172908
0.172908
0.109956
0.109956
0.0303857
0.0303857
0.0591523
0.0591523
-0.00171944
-0.00171944
-0.070181
-0.070181
-0.0895044
-0.0895044
0.0163109
0.0163109
0.112492
0.112492
0.102684
0.102684
0.405789
0.405789
0.65493
0.65493
0.475014
0.475014
0.642455
0.642455
0.485286
0.485286
0.54093
0.54093
0.469077
0.469077
0.460254
0.460254
0.485118
0.485118
0.380705
0.380705
0.46113
0.46113
0.252774
0.252774
-0.255656
-0.255656
-0.164984
-0.164984
0.79562
0.79562
0.805937
0.805937
0.58155
0.58155
0.407479
0.407479
0.174905
0.174905
0.351306
0.351306
0.54054
0.54054
0.46985
0.46985
0.505252
0.505252
0.574372
0.574372
0.5612
0.5612
0.0318059
0.0318059
0.0887028
0.0887028
0.377901
0.377901
0.604715
0.604715
0.242433
0.242433
0.233327
0.233327
0.226725
0.226725
0.411833
0.411833
0.329591
0.329591
))
(300 (2 1 3 0 0 1 918)(
0.98516 -0.00050772 0 
0.00501488 2.96625 0 
0.00744685 0.886969 0 
0.979704 0.00214542 0 
-0.0122281 2.06397 3.75104e-20 
-0.00704992 2.9488 -2.45596e-18 
0.820587 1.16501 4.50168e-19 
0.100064 0.0656196 -1.46034e-20 
0.999909 -0.000275912 0 
0.0666733 0.734492 0 
0.0105477 0.487675 0 
0.732416 0.00183719 0 
0.0111424 2.93033 0 
0.00276066 2.7953 0 
-0.0178539 3.14805 7.80568e-19 
-0.0213737 1.91761 9.52824e-21 
0.285087 0.0547007 1.01853e-18 
0.188805 1.1433 3.16617e-19 
0.962719 0.00501568 0 
0.00758535 0.464313 0 
-0.0142855 0.0615789 -6.85088e-19 
1.00197 -0.00497477 0 
1.00023 -0.00978398 0 
0.975739 -0.00643882 0 
0.5988 0.0286071 0 
0.0142351 2.64176 0 
-0.0148287 2.90999 9.02548e-19 
0.0107354 0.933247 0 
-0.018447 1.1814 0 
0.0127801 0.91648 0 
-0.0144986 2.59064 0 
-0.00120867 2.1179 -2.99588e-20 
-0.0112698 1.89821 0 
-0.0205936 2.98761 -8.82405e-23 
-0.0166816 3.00529 1.90856e-18 
0.00210124 3.00017 0 
0.871438 -0.00965885 0 
0.402304 0.932332 1.80843e-19 
0.806484 1.17892 -5.14523e-19 
0.957695 1.02515 5.59501e-19 
0.674586 1.27072 -1.0443e-19 
0.675203 1.24455 6.00446e-19 
0.133667 0.120128 1.42459e-20 
0.132396 0.0550486 0 
1.16311 0.564433 0 
0.10642 0.0925073 6.45313e-20 
0.0698858 0.0485547 -6.69651e-20 
0.919919 -0.00745872 0 
1.00027 0.000161789 0 
0.999909 0.000338798 0 
1.00363 -0.00775841 0 
1.00096 -0.000919076 0 
1.00017 3.75939e-05 0 
0.0729693 1.82586 -7.71587e-19 
0.0326858 0.947549 0 
0.0982887 0.814521 0 
0.0147972 0.896355 0 
0.0415258 0.651063 0 
0.00680456 2.01503 0 
-0.00356294 0.782261 0 
0.0119531 0.503698 0 
-0.00822249 0.777363 0 
0.0100917 0.47604 0 
0.841999 -0.0156645 0 
0.841713 0.0279038 0 
0.759461 -0.000747374 0 
0.80098 0.0293087 0 
0.701068 0.0151424 0 
0.0146832 3.00041 9.10207e-19 
0.0114899 3.00811 0 
0.00610091 3.00274 0 
0.0135545 2.99739 1.03243e-23 
0.00795139 2.95846 -1.35279e-18 
0.0144998 2.98197 0 
0.0108897 2.90356 0 
0.0242789 2.93059 2.06613e-24 
0.00467721 2.82526 0 
0.0307727 2.91658 0 
-0.00492508 2.74596 0 
0.30476 3.54046 0 
-0.13153 3.62105 0 
0.137465 3.23798 -7.26388e-19 
-0.0137442 2.97658 0 
-0.0256468 1.98627 0 
-0.00694316 2.17024 -9.39768e-21 
-0.0153359 1.926 4.0024e-21 
0.340483 0.140373 -3.53779e-19 
0.316451 0.0319006 -3.43831e-19 
0.294894 0.145082 -1.05878e-18 
0.24719 0.0620816 -6.87658e-19 
0.229465 0.984176 0 
0.272372 1.29357 -3.68206e-19 
0.366123 1.22804 6.14207e-19 
0.987431 0.00857492 0 
0.941847 0.00582483 0 
1.0003 0.000581309 0 
1.00286 0.00930986 0 
1.00301 0.00847261 -2.74702e-18 
0.991907 0.00969523 2.07445e-18 
-0.0107893 0.776915 0 
0.00934081 0.471054 0 
-0.0482004 1.00797 0 
-0.0276198 0.822555 0 
0.00424784 0.467029 0 
-0.054198 0.0969418 2.12395e-19 
0.05215 0.0575298 0 
0.993555 -0.00836947 0 
0.954471 -0.00653335 0 
0.744647 0.0279004 0 
0.679666 0.0262028 0 
0.660527 0.0238812 0 
0.972047 -0.00719705 0 
0.590446 0.0731862 0 
0.454252 -0.00648574 1.54248e-18 
-0.0370268 2.86208 6.63603e-19 
0.040949 2.91026 0 
0.0537775 2.88604 0 
-0.00441359 2.7009 0 
-0.0131815 2.98512 8.54106e-19 
-0.0178561 2.89495 0 
-0.0154563 2.98804 -2.64947e-18 
-0.0132465 2.92516 9.07435e-19 
-0.0304366 1.34725 0 
-0.00420777 1.37668 0 
-0.00720229 2.13555 5.03956e-22 
-0.00630034 2.0975 0 
-0.0235433 1.90532 0 
0.938678 -0.00736296 0 
0.857627 -0.00997739 0 
0.863253 0.00506378 0 
0.94965 -0.00779275 0 
0.884117 -0.00819845 0 
0.513616 1.12515 -2.28318e-19 
0.562783 1.1761 0 
0.367011 0.87739 3.37039e-20 
0.309762 0.736108 0 
0.919478 1.06177 -1.5447e-19 
1.03833 0.87148 3.14979e-19 
0.35912 1.35524 0 
0.526903 1.32629 0 
0.549347 1.26482 0 
0.121242 0.185141 -3.0288e-19 
0.163982 0.12491 0 
0.175941 0.0795532 1.90736e-19 
1.00918 0.925873 0 
1.08354 0.779701 0 
1.10877 0.721368 -2.5127e-19 
1.1425 0.623869 0 
1.19298 0.407466 5.75599e-20 
0.957793 -0.0086865 0 
0.962533 -0.0100237 0 
0.901791 -0.00798915 0 
0.984209 -0.00914173 0 
0.974722 -0.00932474 0 
0.937148 -0.00637496 0 
1.00019 0.00234055 0 
1.0009 0.00141571 0 
0.999909 0.000855844 0 
0.0355466 2.07273 4.27612e-19 
0.118654 1.76888 0 
0.0181661 2.18633 6.57187e-19 
0.0459945 1.88018 -5.47725e-19 
0.106351 1.14894 -2.59259e-19 
0.0492809 1.02808 0 
0.143034 0.98021 0 
0.0077071 0.851553 0 
0.0207439 0.584626 0 
-0.000794767 2.2417 -8.07025e-22 
0.0160581 2.01899 0 
-0.00171051 2.24422 -2.82745e-20 
0.0081549 2.02473 4.33664e-20 
0.00252527 0.82242 0 
0.00045057 0.79723 0 
0.0144009 0.535108 0 
-0.0094792 0.773245 0 
0.00462513 0.469955 0 
0.938732 0.0098411 0 
0.850693 -0.0145867 0 
0.927839 0.000479756 0 
0.842807 -0.0128655 0 
0.8112 -0.00242374 0 
0.898633 0.0224339 0 
0.874485 0.0257088 0 
0.785085 -0.00283217 0 
0.00557962 3.06474 -8.47784e-21 
0.0166234 3.05771 0 
0.0146026 2.96901 0 
0.00864082 2.87623 0 
0.919896 3.9524 0 
1.23298 3.28606 9.25201e-19 
0.0687841 3.06905 0 
-0.0296775 2.90216 0 
-0.00886851 1.39901 0 
-0.0308518 1.69683 0 
-0.0177176 1.5324 0 
-0.0301338 2.54928 -8.42473e-21 
-0.0137895 2.24155 0 
-0.0198738 2.38892 0 
-0.00130544 1.95241 7.97108e-22 
-0.00348511 2.2408 -8.09711e-21 
-0.00537657 2.20508 -4.23603e-21 
-0.00922712 1.93732 0 
0.393339 0.123359 5.40539e-19 
0.364413 0.0197193 -5.30422e-19 
0.258643 1.58534 0 
0.277845 0.757334 -3.15759e-19 
0.176907 1.67255 -1.04782e-18 
0.225837 1.2204 1.0501e-18 
0.901975 0.00630909 0 
0.967376 0.0111447 0 
0.97453 0.0108177 0 
0.923269 0.00640224 0 
-0.0101741 0.770738 0 
-0.0115227 0.771431 0 
0.00570151 0.466087 0 
0.0971414 0.0737861 5.96131e-19 
0.0902341 0.0566169 -7.0568e-19 
0.0509061 0.0431999 0 
1.10069 0.086792 2.70307e-20 
1.08274 0.0398254 0 
1.0143 0.0402602 0 
0.908079 -0.0052357 0 
0.446776 0.104004 0 
0.506916 0.0870451 -2.465e-18 
0.408618 0.0136056 9.21892e-19 
0.0086573 2.98041 7.13253e-19 
-0.0331809 2.86473 4.51386e-20 
0.00363581 3.0503 -1.79573e-20 
0.020194 3.0433 6.38521e-19 
-0.0149776 2.99657 2.98093e-20 
-0.0129658 2.94947 -1.19892e-22 
-0.0172801 3.01191 -5.51697e-19 
0.0149373 3.0236 3.99835e-19 
0.00744538 3.03695 -6.33364e-19 
0.934181 -0.00116248 0 
0.939593 -0.0031609 0 
0.84618 -0.00945341 0 
0.956478 0.0119977 0 
0.942479 0.0135349 0 
0.881572 0.00562143 0 
0.915913 0.0186067 0 
0.925377 0.0157091 0 
0.838176 0.0010552 0 
0.715962 1.40201 3.88541e-20 
0.749214 1.5106 0 
0.180999 0.314531 7.06984e-20 
0.229194 0.66932 5.68827e-19 
0.262422 0.720118 -3.32342e-19 
0.26273 0.519965 6.61441e-19 
0.346501 0.812139 1.5937e-18 
0.140887 0.230611 3.76064e-19 
0.250157 0.146728 7.27444e-19 
0.20636 0.141723 1.88592e-19 
0.212985 0.0714623 3.5702e-19 
1.18195 0.465497 6.5899e-20 
1.19712 0.257874 6.10209e-20 
0.0103747 2.23483 2.52828e-19 
0.0402755 1.94832 0 
0.971318 0.0295215 0 
0.94379 0.0140351 0 
0.86967 -0.0177989 0 
0.0114241 3.07445 0 
0.0197297 2.94407 1.16781e-18 
0.0164048 2.95639 0 
0.00633974 2.85058 -1.1587e-18 
0.00622282 3.09096 2.83315e-19 
0.00709408 3.08229 0 
0.781919 1.81191 -1.58283e-19 
1.2408 2.4872 4.01658e-19 
0.763873 1.9512 -1.22644e-18 
0.0197072 2.98083 -6.13554e-19 
0.0348636 2.9992 0 
-0.0345975 2.87679 0 
-0.00385288 2.22393 -1.30388e-20 
-0.00299528 2.24499 1.26645e-20 
0.00141698 1.98709 -7.15371e-21 
0.278278 1.39473 1.02486e-18 
0.239294 0.552201 -7.02698e-19 
0.0637219 1.99765 7.61878e-19 
0.135139 1.88405 -9.09575e-19 
0.180067 1.51175 9.50378e-20 
0.00226841 3.11912 -1.76024e-18 
0.0127814 3.11907 1.91284e-18 
-0.00907508 2.98108 7.83595e-19 
-0.00438174 2.97742 -7.38302e-19 
-0.0210326 2.88071 -7.98077e-19 
0.00852966 3.10027 -2.10688e-18 
0.00216677 3.10498 2.0855e-18 
0.282718 0.696021 0 
0.248901 0.684776 -1.18319e-18 
0.0960064 0.225229 5.25276e-19 
0.358028 0.939297 1.11372e-18 
0.195981 0.276668 -1.71715e-18 
1.18804 0.175765 6.24443e-20 
1.19749 0.312649 0 
1.17645 0.123286 -5.53409e-21 
0.00168149 2.25327 -1.4596e-21 
0.00507092 2.24478 0 
0.0246666 1.98424 0 
0.34003 1.30369 -3.67947e-19 
0.375029 1.15104 -8.00254e-19 
0.210681 0.378742 1.42708e-18 
1.00588 -0.0108255 0 
1.00767 -0.00763232 5.06745e-19 
-0.025667 1.32802 0 
-0.0387388 1.32799 0 
1.00221 0.00351543 1.81232e-21 
1.00366 0.00947241 1.03471e-18 
-0.0185531 2.53383 1.06767e-20 
-0.0238299 2.57634 0 
0.0337801 3.17675 4.05047e-19 
0.390155 3.48305 0 
1.17722 0.665657 -5.63154e-20 
1.01285 0.0131481 -2.1306e-21 
1.02135 -0.0102752 0 
1.0017 0.000130986 7.8531e-23 
0.112449 1.37066 0 
0.143242 2.56746 0 
0.0311901 1.31656 0 
0.000106273 2.61828 2.71733e-20 
-0.0211746 2.57516 2.41363e-21 
0.998891 0.0306018 2.32039e-21 
1.06328 0.00480737 0 
1.0979 0.0253638 0 
-0.0293531 1.73999 0 
-0.0181436 2.57662 0 
-0.00706083 1.31551 0 
0.311299 1.48253 -1.68149e-19 
1.01131 -0.00961125 0 
1.0094 -0.0149146 0 
1.00237 0.000754982 6.47617e-19 
1.00547 -0.00479746 -7.61173e-19 
1.00118 -0.000965692 0 
-0.0154562 1.46636 0 
-0.0066104 1.37815 0 
-0.00841557 1.42377 0 
-0.0110977 1.30297 0 
-0.0209445 1.29029 0 
-0.0121189 1.27333 0 
1.03509 -0.00600201 0 
1.0195 0.0155666 -9.19758e-22 
0.822846 1.27488 2.61465e-19 
1.00223 0.000321736 -6.45156e-19 
1.00406 0.00526421 7.55306e-19 
1.00118 0.00207717 0 
1.01272 0.0103697 6.42083e-19 
1.00798 0.00831659 -7.77968e-19 
1.00856 0.0146994 0 
-0.0233579 2.60434 0 
-0.0254713 2.58388 -1.91323e-20 
-0.0227579 2.59799 1.35654e-20 
1.23887 0.269064 5.79161e-19 
1.16317 0.0875087 0 
0.0394803 3.07796 -9.0688e-19 
0.0649255 2.85643 -6.59211e-20 
0.137954 3.1918 1.38984e-18 
0.13282 3.21961 -1.95404e-19 
0.132342 3.23028 0 
0.0193548 3.13742 2.34015e-19 
0.0740708 3.15966 8.94261e-19 
0.0667222 3.18499 -4.41129e-19 
0.0220211 3.12971 0 
0.569203 0.281669 0 
0.507297 0.3031 0 
1.14907 0.701773 1.27175e-19 
1.14232 0.823213 -1.09926e-19 
1.20514 0.588677 0 
1.23248 0.52272 0 
1.01602 0.0133871 -1.19687e-18 
1.01499 0.0142649 1.5025e-18 
1.02541 -0.00978841 0 
1.02347 -0.0118379 0 
1.00642 0.00264872 0 
1.01041 0.00375206 0 
1.00458 0.00186827 0 
1.00978 0.0062611 0 
1.00781 0.00596901 0 
1.00451 0.00472646 0 
0.100999 1.36912 0 
0.0992403 1.33188 0 
0.131076 1.40492 0 
0.149835 1.41016 0 
0.145217 2.59262 0 
0.184854 2.66303 -4.22976e-19 
0.101499 2.64762 0 
0.0852888 2.65052 1.97769e-19 
0.0387532 2.67311 -1.47791e-19 
0.017791 1.32797 0 
0.0246822 1.24872 0 
0.0222887 1.33854 0 
0.0441813 1.27291 0 
0.00391121 1.98183 4.57355e-21 
-0.0200044 2.60296 -2.09502e-20 
-0.00798633 2.65957 1.17861e-20 
-0.0178339 2.6789 0 
-0.0228496 2.60859 -1.48851e-21 
-0.0229352 2.60356 1.50501e-20 
0.0127944 1.97999 -5.76077e-23 
-0.00724056 2.38997 2.81059e-20 
-0.0130002 2.41286 -1.33672e-20 
1.01217 0.0395228 1.21199e-18 
1.00509 0.0200455 -1.50808e-18 
1.00463 0.0465183 -1.23457e-18 
0.977685 0.0388181 1.55357e-18 
1.06449 0.00863707 0 
1.04956 -0.00815393 0 
1.0949 0.0355081 0 
1.07466 0.0132016 0 
1.07247 0.000754744 0 
1.14087 0.0840893 0 
1.11238 0.0451501 0 
1.11637 0.0329214 0 
-0.0253516 2.42715 1.22141e-21 
-0.014167 2.01221 0 
-0.0168676 2.21355 0 
-0.0200842 2.59717 -1.15258e-20 
-0.0172845 2.60718 2.19087e-22 
0.00287257 1.57826 -3.74696e-20 
-0.00681678 1.50638 3.81897e-20 
-0.0167678 1.39584 0 
-0.0201494 1.40225 0 
-0.0261039 1.3969 0 
-0.00525496 1.31672 0 
0.00727365 1.2385 0 
0.386948 1.50003 2.7374e-19 
0.430261 1.50064 1.45169e-19 
0.597342 2.44339 -2.40409e-19 
0.397902 2.54052 7.07188e-19 
0.34906 2.05118 7.16063e-20 
1.02109 -0.00809242 0 
1.01552 -0.00973505 0 
1.01493 -0.0154993 0 
1.0074 -0.00105787 0 
1.00493 -0.00090481 0 
1.00779 -0.00467447 0 
1.00928 -0.00359141 0 
1.01423 -0.0043525 0 
1.02023 0.0164297 1.17309e-18 
1.01755 0.0154143 -1.49756e-18 
1.02057 0.0186124 -1.18262e-18 
1.01813 0.0167068 1.4822e-18 
0.78609 1.32561 0 
0.721903 1.37631 2.47388e-19 
0.898746 1.22562 9.89516e-20 
0.944656 1.17108 -1.31679e-19 
1.15405 2.59796 2.81892e-19 
0.765747 0.123446 6.00094e-19 
1.16423 0.110096 0 
1.21363 0.195951 -4.66218e-19 
1.20103 0.156295 -1.98687e-20 
1.0062 0.158255 0 
0.127664 2.95848 5.28861e-19 
0.103692 2.86419 -1.14958e-18 
0.0101306 2.37571 7.66652e-19 
0.101408 -0.16753 -3.20448e-19 
0.335155 3.41334 -2.16095e-19 
0.190306 3.3082 0 
0.234495 3.34855 2.81434e-19 
0.238576 3.03088 -1.77101e-18 
0.331938 3.1891 0 
0.00709222 3.12087 4.57459e-20 
0.0165545 3.12977 -5.39178e-19 
0.0152013 3.12583 7.93578e-19 
0.0349093 3.13963 0 
0.0331991 3.15026 0 
1.20914 2.59529 0 
0.548 0.800391 -5.27663e-19 
1.06854 0.995833 -1.02905e-20 
1.00358 1.0802 0 
0.856958 0.975005 -1.09245e-19 
1.09499 0.896988 2.78274e-20 
0.301677 0.320735 -8.3761e-19 
0.648876 0.326051 -1.68138e-20 
0.537272 0.220029 4.05655e-19 
0.530217 0.336769 2.93195e-20 
0.422954 0.270902 -1.17699e-18 
0.605259 0.327464 0 
0.71307 0.427735 6.63712e-19 
0.710645 0.428598 0 
0.57086 0.342366 0 
0.486277 0.245752 0 
0.830907 0.627029 4.07905e-19 
1.24017 0.291562 -4.87073e-19 
1.2406 0.430799 0 
1.24882 0.371022 0 
0.676489 0.196153 6.20891e-19 
0.876228 0.55714 -3.71515e-19 
0.775727 0.534009 6.63359e-19 
0.963476 0.449676 -7.33143e-19 
1.01901 0.0150257 8.02891e-19 
1.01748 0.0143849 -8.08458e-19 
1.01592 0.0152668 0 
1.03656 -0.00554442 0 
1.02995 -0.00833633 -7.57986e-19 
1.028 -0.0119342 7.50451e-19 
1.02489 0.0107083 0 
1.02332 0.0145715 0 
1.01141 0.00418443 0 
1.01418 0.00917981 0 
1.01516 0.00422057 0 
1.01426 0.0029192 0 
0.0724727 1.35312 0 
0.0808186 1.29904 0 
0.148072 1.38514 7.09307e-21 
0.281761 1.48099 8.92858e-20 
0.176698 1.45177 1.87633e-19 
0.209594 1.45713 -3.06056e-19 
0.177323 1.41079 0 
0.13516 1.59998 -7.02302e-20 
0.120417 1.57922 0 
0.344883 2.00055 -1.04121e-19 
0.341704 2.33725 6.1368e-19 
0.196664 1.46533 6.123e-20 
0.26901 1.39729 2.31754e-20 
0.202063 1.39021 -1.86997e-20 
0.278589 1.34025 -1.03808e-19 
0.242003 1.57891 0 
0.269369 1.61568 1.12806e-19 
0.03071 2.25677 -2.88333e-20 
0.0436745 2.66243 0 
0.0665107 2.39356 1.35943e-19 
0.0632862 2.41438 0 
0.0697034 2.6642 -2.19167e-19 
0.0492673 2.69267 0 
0.0284621 1.44672 3.56548e-20 
0.0364398 1.49437 0 
0.0321512 1.41261 0 
0.0268162 1.41928 -4.02341e-20 
0.000836252 2.64583 -1.66885e-20 
0.029729 2.6915 1.65832e-19 
0.0105366 2.71657 1.16399e-21 
0.00475699 1.83859 -5.49609e-21 
-0.00147213 1.69291 -4.22067e-21 
0.0125595 1.30618 0 
0.02048 1.22091 0 
0.0456586 1.59488 -2.84069e-20 
0.0349091 1.4755 -3.46445e-20 
0.0387243 1.53747 4.31521e-20 
0.0403764 1.61858 0 
-0.0291188 2.26721 9.86803e-20 
-0.0301493 2.54401 -4.11771e-20 
-0.0161392 2.44198 4.27023e-21 
-0.00258928 1.85388 6.65775e-21 
-0.0253083 2.49401 2.87332e-21 
-0.0202008 2.43813 -2.25676e-21 
1.01864 0.0219257 -8.03731e-19 
1.01545 0.0282082 8.06792e-19 
1.01275 0.0174506 0 
1.01022 0.0712481 1.12953e-18 
0.991945 0.0611988 -1.26192e-18 
0.951184 0.0574803 1.41079e-18 
1.01404 0.112185 -1.50554e-19 
1.04301 -0.00551985 0 
1.05145 -0.00110377 7.22768e-19 
1.0393 -0.0096994 -7.24247e-19 
1.07218 0.0431216 -4.29795e-20 
1.0652 0.0242929 3.70727e-19 
1.06308 0.057276 0 
1.05429 0.0506967 -1.33329e-19 
1.03214 0.0426051 0 
1.02633 0.0391897 0 
1.028 0.0138795 0 
1.02391 0.0165133 0 
1.04027 0.0333665 2.74586e-19 
1.03867 0.0271449 -6.07201e-19 
1.05148 0.0347679 -2.91051e-19 
1.04833 0.0349842 -3.20549e-19 
1.07183 0.0655404 6.25655e-19 
1.09733 0.0534525 0 
1.10664 0.0978012 0 
-0.0247319 2.27222 5.49952e-20 
-0.0241228 2.01771 1.00344e-21 
-0.0201839 2.02516 0 
-0.0263302 2.44062 -5.47466e-20 
-0.0215611 2.3971 -2.16915e-21 
-0.0325247 2.46803 5.54633e-21 
-0.0203228 2.61611 -1.34447e-20 
-0.0227047 2.55782 1.85342e-22 
-0.021247 2.50963 -3.71856e-21 
-0.0154809 2.61008 1.11552e-20 
-0.0204743 2.61206 -1.20401e-20 
-0.0061713 1.50341 -7.28387e-22 
0.00351446 1.62623 -3.58484e-20 
0.371969 1.44883 -1.15664e-19 
0.371806 1.38215 3.72824e-20 
0.662461 1.42648 -2.39311e-19 
0.52919 1.49335 -1.42644e-19 
0.587459 1.45914 0 
0.59307 2.42051 2.0697e-19 
0.661597 2.41624 3.37651e-19 
0.410923 2.50984 8.80255e-20 
0.402138 2.53403 -6.08193e-19 
0.509966 2.47494 6.1357e-19 
0.553075 2.45719 0 
0.487714 2.51493 -5.59167e-19 
0.248009 2.58693 1.14243e-18 
0.354454 2.55912 -7.72133e-20 
0.283626 2.64864 -1.58513e-18 
0.948145 2.37349 7.28917e-19 
0.838153 2.37901 0 
1.01108 0.000539731 2.62734e-20 
1.01537 -0.00535148 -2.13109e-20 
1.01768 -0.00345274 -3.89223e-19 
1.01505 -0.000815769 3.91342e-19 
1.01247 0.00128977 0 
0.649429 1.29124 0 
0.673355 1.18513 0 
0.787342 1.1038 0 
0.666461 1.14861 0 
1.18412 2.61146 5.9914e-20 
1.07216 2.35896 0 
0.833397 2.16112 3.86658e-21 
0.823329 2.42815 0 
0.921491 2.5221 -4.23195e-19 
0.956731 2.47817 2.81487e-19 
0.796177 0.184645 0 
0.737088 0.156449 1.63003e-19 
0.906309 0.152712 9.48861e-19 
0.822011 0.156853 -3.54963e-19 
0.777346 0.0912453 -1.09682e-18 
1.08321 0.243004 -8.9209e-19 
1.00013 0.306932 -1.809e-20 
0.927208 0.310705 8.59394e-19 
1.00673 0.2365 7.22211e-19 
0.947734 0.200467 -1.25528e-18 
0.90972 0.204949 1.57033e-19 
0.946229 0.272485 -3.33174e-19 
0.925482 0.231906 0 
0.996483 0.196976 6.1906e-19 
1.04731 0.195704 0 
1.04505 0.224278 0 
1.10783 0.122221 2.89939e-19 
1.07197 0.18236 -1.5142e-20 
1.07648 0.242962 -1.57862e-19 
1.10192 0.208665 0 
1.02205 0.0466093 6.18458e-19 
1.03928 0.0601534 7.72695e-19 
1.03395 0.0457747 -6.14379e-19 
1.04269 0.0682051 -5.18401e-19 
1.01924 0.0762234 -7.95976e-19 
0.984784 0.160518 0 
0.989265 0.106446 0 
0.965488 0.0762572 -5.01799e-19 
0.904104 0.0980934 1.99925e-19 
1.04039 0.108665 7.16857e-19 
1.0696 0.125777 -8.3636e-19 
1.07692 0.158137 7.46975e-19 
1.03178 0.152751 0 
1.07514 0.113013 0 
1.05392 0.0937969 -3.42854e-19 
1.04358 0.0990328 -5.84895e-19 
0.578711 1.05255 1.41113e-19 
0.603031 1.37582 -4.26304e-20 
1.154 2.72692 -2.29477e-19 
1.21946 3.0695 2.56244e-21 
1.24568 2.71015 -1.26548e-19 
1.27393 2.69329 -3.02718e-20 
1.20121 2.33351 -1.11827e-20 
1.20725 2.97333 -9.55743e-20 
1.22751 2.93889 2.37557e-19 
1.20941 3.22226 -1.41829e-19 
1.36885 2.95296 1.95956e-19 
1.35719 2.871 0 
0.566744 0.809443 -5.05308e-20 
0.105863 1.22016 5.69319e-19 
0.561468 0.342308 5.48347e-19 
0.400149 0.088451 5.92561e-19 
0.47147 0.310634 6.68015e-19 
0.547814 0.428046 -1.08573e-18 
0.549964 0.423583 8.89503e-19 
0.462888 0.300334 -3.37897e-19 
0.33378 0.228527 7.59428e-19 
0.704188 0.271408 -3.58894e-19 
0.661951 0.293031 0 
0.594804 0.208029 6.20418e-21 
0.746697 0.510119 3.60187e-19 
0.727837 0.479843 -1.30919e-18 
0.626091 0.445162 1.01524e-20 
0.620674 0.436089 0 
0.695969 0.717545 3.96107e-19 
0.859101 0.780869 3.92911e-19 
0.782495 0.863249 -4.59819e-19 
0.90417 0.818019 -1.53211e-19 
0.935041 0.863378 -3.68947e-20 
0.942067 0.863019 3.77842e-20 
0.870608 0.662513 -6.75394e-19 
0.950485 0.715752 1.42257e-19 
1.00975 0.730298 0 
1.00071 0.706753 -1.9209e-19 
1.03016 0.347609 2.11398e-19 
1.15097 0.308351 2.86912e-19 
1.07139 0.280525 3.64543e-19 
1.0206 0.380176 -4.2996e-19 
1.0691 0.442326 0 
1.12505 0.422888 0 
0.921637 0.383639 1.19404e-21 
0.837964 0.318784 0 
0.886834 0.31777 4.06246e-19 
0.909735 0.319217 -8.4475e-21 
0.958544 0.453301 2.04227e-18 
0.92013 0.508363 5.24572e-19 
0.924437 0.47498 -5.596e-19 
0.83929 0.46378 6.00813e-19 
0.824365 0.458306 3.60038e-19 
0.79405 0.440801 -3.53855e-19 
1.02744 -0.000156806 6.48402e-19 
1.02002 0.000128679 0 
1.01856 0.00105426 4.22801e-19 
1.02175 -0.00148214 -9.57752e-19 
1.0224 0.00459563 4.65287e-19 
1.02031 0.0116475 -9.7432e-19 
1.0212 0.0110073 0 
1.02038 0.011236 -2.0307e-19 
1.01592 0.00790602 5.09504e-19 
1.01656 0.0107053 -2.54227e-19 
1.01726 0.0100474 1.87194e-19 
0.0350979 1.33043 0 
0.0404165 1.38546 0 
0.0529522 1.33042 0 
0.0602001 1.2781 0 
0.0744928 1.40198 -4.9199e-20 
0.0851376 1.36711 2.20877e-20 
0.111644 1.54848 -1.48353e-20 
0.10707 1.38879 -3.96778e-21 
0.0399332 1.48042 2.04566e-20 
0.0434199 1.47421 -1.57515e-20 
0.0673835 1.3895 -1.09385e-20 
0.0607547 1.39055 4.67037e-20 
0.0534231 1.36812 6.92357e-21 
0.0452692 1.39083 3.92993e-21 
0.107183 2.36116 -1.50176e-19 
0.0959051 2.40987 0 
0.168598 2.03503 1.09098e-19 
0.114329 1.70244 4.04191e-20 
0.234356 2.0332 -8.95989e-20 
0.199515 2.42388 0 
0.262216 2.37388 -6.05373e-19 
0.302078 2.37167 4.27751e-19 
0.228215 1.993 -2.50058e-19 
0.154253 2.15159 1.68935e-19 
0.141552 2.25845 0 
0.0183605 1.87745 7.29452e-21 
0.000774532 2.38511 -3.23397e-20 
0.0060847 2.14229 0 
0.0114095 2.44924 -1.3632e-20 
0.029128 2.29211 8.17267e-21 
0.0164957 1.42597 -7.63416e-21 
0.0132949 1.40722 1.27571e-19 
0.0127158 1.41472 -4.24098e-20 
0.0222421 1.42056 -3.52433e-20 
0.0265507 1.45049 0 
0.00824506 1.39652 0 
-0.00068848 1.30151 -5.08687e-20 
0.00411887 1.38848 1.45879e-20 
0.00855037 1.38769 0 
0.00593017 1.2933 -3.81954e-20 
0.015946 1.2104 7.74254e-20 
1.04086 0.0121741 0 
1.04707 0.00843503 -6.78246e-20 
1.03886 0.0226754 -4.89298e-19 
1.04869 0.0213584 0 
1.05252 0.0211564 0 
1.0365 0.0123912 -6.82302e-21 
1.03112 0.012243 7.86656e-19 
1.03166 0.0173054 9.53356e-19 
1.02559 0.0212397 0 
1.02248 0.0216923 0 
1.03531 0.0262088 4.88045e-19 
1.02611 0.0280503 0 
1.02376 0.0280773 0 
-0.0175356 2.02271 0 
0.000337221 1.65667 -4.44581e-21 
-0.00408273 1.76279 -3.05885e-20 
-0.00245709 1.39555 0 
-0.00674509 1.55977 -2.01203e-20 
-0.00969081 1.47159 1.23353e-20 
-0.00728347 1.41034 0 
0.388553 1.64083 0 
0.374564 1.30797 -7.33168e-20 
0.30078 1.34006 0 
0.426553 1.30698 8.84677e-21 
0.477277 1.47108 0 
0.457648 1.4155 2.42373e-20 
1.03633 2.67364 -1.54092e-20 
0.968492 2.40202 -9.16084e-19 
0.921792 2.19081 1.02726e-18 
0.852206 2.37087 2.42364e-19 
0.847679 2.48296 0 
0.917394 2.479 0 
0.931494 2.36706 0 
0.91044 2.35655 -9.46243e-19 
0.686487 2.44647 -3.95172e-19 
0.799699 2.43589 -9.79077e-20 
0.810022 2.40998 7.43623e-20 
0.695476 2.38926 0 
0.800748 2.38462 0 
0.758836 2.39814 -3.69018e-19 
0.767237 2.47276 0 
0.634154 1.09412 0 
0.47989 0.896373 -5.16557e-19 
0.5696 0.942025 -3.26637e-20 
0.518754 1.03104 0 
0.51915 0.973099 7.73265e-19 
0.803086 0.886265 -1.29639e-19 
0.811219 1.02196 0 
0.786483 0.988393 1.84914e-19 
0.671045 1.03434 0 
0.672181 0.935242 0 
1.16313 2.75023 -2.31128e-19 
1.14056 2.81356 -9.83666e-20 
0.928403 2.32687 1.02686e-19 
0.896246 2.30654 -8.39596e-20 
1.1288 2.72326 0 
1.08272 2.69266 1.01002e-19 
1.08861 2.47679 -3.14529e-19 
0.983279 2.23021 -3.03162e-20 
0.491636 1.32732 0 
0.507618 1.05839 -1.24366e-19 
0.578303 1.16739 0 
0.852217 0.250715 0 
0.757136 0.200459 0 
0.664073 0.15599 0 
0.843599 0.252468 -6.34869e-19 
0.727871 0.245355 3.74092e-19 
0.92154 0.0910317 -4.12061e-19 
0.924608 0.133133 0 
0.912544 0.141766 1.78012e-19 
0.848985 0.119112 7.11647e-19 
0.81362 0.0797855 -4.46131e-19 
1.15442 3.34717 -7.15604e-19 
1.20359 3.26671 0 
1.15205 3.37626 -1.48545e-18 
0.640565 3.53793 1.2598e-18 
0.861481 3.1069 6.99935e-20 
0.523102 0.793118 6.0721e-19 
0.422687 0.790677 0 
0.303871 0.369312 -1.48395e-19 
0.476407 0.647125 8.56355e-19 
0.56665 0.347193 -1.93588e-19 
0.51768 0.461267 2.29911e-19 
0.676536 0.511265 4.87786e-19 
0.718341 0.552036 0 
0.667426 0.571192 0 
0.634035 0.524322 0 
1.01096 0.617051 8.75945e-20 
0.925763 0.55813 -5.10792e-19 
0.951276 0.589354 3.84516e-19 
0.981027 0.529536 -3.9578e-19 
1.08886 0.4971 0 
1.09743 0.588407 -9.61525e-20 
0.858598 0.415928 -8.28821e-19 
0.856349 0.404108 -1.02792e-18 
0.789141 0.39795 6.31221e-19 
0.798073 0.386381 -6.41405e-19 
0.844628 0.342834 -5.19374e-19 
0.791837 0.339432 6.34998e-19 
1.02671 0.00618844 -4.9371e-19 
1.02642 0.0064032 1.00354e-18 
1.0295 0.000297057 6.2832e-19 
1.03374 0.00121608 -7.56754e-19 
1.03387 0.00935369 0 
1.03014 0.0100589 -1.2318e-18 
0.0628432 1.63804 1.89193e-20 
0.0518032 1.58977 0 
0.090631 1.68737 1.26321e-19 
0.0977295 1.66859 -1.1183e-19 
0.0917237 1.54882 2.65007e-20 
0.0911286 1.54998 0 
0.0126879 1.69104 0 
-0.0044752 1.5033 8.44395e-21 
-0.0024847 1.4492 -7.59541e-21 
-0.00789999 1.55707 5.38062e-21 
0.00273238 1.88541 1.24149e-20 
-0.00942648 1.93827 -2.32512e-21 
0.4969 1.35519 -2.77906e-19 
0.490506 1.35537 3.05421e-19 
0.454144 1.30243 -3.24364e-20 
0.436852 1.28268 7.81782e-21 
0.6416 1.30929 0 
0.556419 1.39969 1.04673e-19 
0.572312 1.40669 -1.01905e-19 
0.46801 1.29354 3.16432e-20 
0.523298 1.24192 0 
0.574808 1.2045 0 
0.653476 2.40616 5.80504e-19 
0.669083 2.448 1.25963e-18 
0.713502 2.45877 -8.67976e-19 
0.609584 2.43276 -2.01856e-19 
0.559784 2.52259 2.83814e-19 
0.509023 2.49745 -7.5671e-19 
0.978163 2.37357 -5.74939e-19 
1.01215 2.38561 0 
0.925842 2.16884 -6.60132e-19 
1.05377 2.67171 0 
1.05609 2.65831 0 
0.596514 2.25456 -1.31212e-19 
1.03548 3.15248 1.24921e-19 
0.906644 3.02299 -2.77063e-20 
0.261504 0.83836 0 
0.286541 0.679785 -3.17779e-19 
0.457638 0.640188 -3.20473e-19 
0.376617 1.99844 0 
0.461089 2.77798 -4.87248e-20 
0.414276 2.54053 0 
0.720514 0.667878 -8.36351e-19 
0.805777 0.687911 1.11739e-18 
0.825212 0.628033 -1.10386e-18 
0.69699 0.631005 -1.07046e-19 
0.752226 0.589444 -4.38158e-19 
0.999685 2.75084 -9.50094e-20 
1.04123 2.81274 -1.68306e-19 
0.630182 2.11651 7.06684e-19 
0.582189 1.68555 -5.03244e-19 
0.692581 1.88604 -4.10688e-19 
0.986093 2.43482 -1.13019e-19 
0.99337 2.42768 2.99131e-19 
0.647522 1.81861 2.85307e-20 
0.439155 1.30642 1.45737e-19 
))
(300 (2 10 3 0 0 919 1018)(
0 0 0 
0 0 0 
0 0 0 
0 0 0 
0 0 0 
0 0 0 
0 0 0 
0 0 0 
0 0 0 
0 0 0 
0 0 0 
0 0 0 
0 0 0 
0 0 0 
0 0 0 
0 0 0 
0 0 0 
0 0 0 
0 0 0 
0 0 0 
0 0 0 
0 0 0 
0 0 0 
0 0 0 
0 0 0 
0 0 0 
0 0 0 
0 0 0 
0 0 0 
0 0 0 
0 0 0 
0 0 0 
0 0 0 
0 0 0 
0 0 0 
0 0 0 
0 0 0 
0 0 0 
0 0 0 
0 0 0 
0 0 0 
0 0 0 
0 0 0 
0 0 0 
0 0 0 
0 0 0 
0 0 0 
0 0 0 
0 0 0 
0 0 0 
0 0 0 
0 0 0 
0 0 0 
0 0 0 
0 0 0 
0 0 0 
0 0 0 
0 0 0 
0 0 0 
0 0 0 
0 0 0 
0 0 0 
0 0 0 
0 0 0 
0 0 0 
0 0 0 
0 0 0 
0 0 0 
0 0 0 
0 0 0 
0 0 0 
0 0 0 
0 0 0 
0 0 0 
0 0 0 
0 0 0 
0 0 0 
0 0 0 
0 0 0 
0 0 0 
0 0 0 
0 0 0 
0 0 0 
0 0 0 
0 0 0 
0 0 0 
0 0 0 
0 0 0 
0 0 0 
0 0 0 
0 0 0 
0 0 0 
0 0 0 
0 0 0 
0 0 0 
0 0 0 
0 0 0 
0 0 0 
0 0 0 
0 0 0 
))
(300 (2 11 3 0 0 1019 1026)(
1 0 0 
1 0 0 
1 0 0 
1 0 0 
1 0 0 
1 0 0 
1 0 0 
1 0 0 
))
(300 (2 12 3 0 0 1027 1030)(
0 3 0 
0 3 0 
0 3 0 
0 3 0 
))
(300 (2 13 3 0 0 1031 1038)(
0.00744685 0.886969 0 
-0.0122281 2.06397 3.75104e-20 
-0.018447 1.1814 0 
-0.0144986 2.59064 0 
-0.0256468 1.98627 0 
-0.00420777 1.37668 0 
-0.0177176 1.5324 0 
-0.0198738 2.38892 0 
))
(300 (2 14 3 0 0 1039 1072)(
0 0 0 
0 0 0 
0 0 0 
0 0 0 
0 0 0 
0 0 0 
0 0 0 
0 0 0 
0 0 0 
0 0 0 
0 0 0 
0 0 0 
0 0 0 
0 0 0 
0 0 0 
0 0 0 
0 0 0 
0 0 0 
0 0 0 
0 0 0 
0 0 0 
0 0 0 
0 0 0 
0 0 0 
0 0 0 
0 0 0 
0 0 0 
0 0 0 
0 0 0 
0 0 0 
0 0 0 
0 0 0 
0 0 0 
0 0 0 
))
(300 (2 15 3 0 0 1073 1072)(
))
