(0 "FOAM to Fluent data File")

(33 (918 3444 1074))
(300 (1 1 1 0 0 1 918)(
0.335637
0.991881
0.0161207
0.33488
-0.0285726
0.958909
-0.724376
0.508901
0.315715
-0.305832
-0.285871
0.308142
0.819673
0.586062
-1.35065
-0.233027
0.460974
-0.603183
0.314701
-0.237321
0.545875
0.32236
0.325401
0.316
0.376016
0.566955
0.700683
-0.0294532
0.00621382
-0.0314204
-0.0665985
-0.153927
-0.198199
0.842537
0.893641
0.91633
0.284449
0.111798
-0.582313
-0.654539
-0.644945
-0.772624
0.501069
0.504358
-0.389022
0.50873
0.519819
0.30308
0.315075
0.315996
0.317112
0.316031
0.317444
0.203877
-0.31304
-0.341091
-0.284786
-0.279395
-0.115849
-0.271022
-0.267283
-0.298965
-0.313701
0.237172
0.304883
0.302371
0.312985
0.319916
0.93143
0.903332
0.929471
0.843245
0.859681
0.797621
0.770159
0.60629
0.62823
0.572012
0.558367
-1.79015
-2.75591
-0.753006
-0.4979
-0.017133
-0.187756
-0.161727
0.450755
0.452734
0.461242
0.473263
0.857537
-0.599263
-0.733959
0.31481
0.313597
0.322037
0.322717
0.318724
0.317816
-0.278893
-0.29818
-0.0817804
-0.214407
-0.170043
0.533213
0.531342
0.316553
0.313588
0.327607
0.348349
0.33983
0.0742586
0.382254
0.399229
0.38755
0.553719
0.550325
0.558143
0.674298
0.638118
0.737611
0.760861
-0.0135705
-0.00808534
-0.24546
-0.223962
-0.247926
0.28044
0.273301
0.298695
0.287754
0.290149
0.026996
-0.109344
0.198318
0.222962
-0.491158
-0.555979
-0.661134
-0.677242
-0.788114
0.367551
0.490739
0.491212
-0.408178
-0.326821
-0.46704
-0.253081
-0.316701
0.293597
0.300397
0.295487
0.310793
0.305323
0.307249
0.319308
0.31641
0.317946
0.267284
0.389882
0.131724
0.0992132
-0.461573
-0.362178
-0.455015
-0.271341
-0.268326
-0.110063
-0.093339
-0.132456
-0.126346
-0.261438
-0.266087
-0.263209
-0.332729
-0.333074
0.229967
0.219224
0.248828
0.255942
0.29632
0.297219
0.299964
0.29846
0.720867
0.743363
0.750819
0.724442
-3.76069
-6.57219
-0.167696
-0.0280602
-0.040657
-0.0310736
-0.0178892
-0.0337413
-0.0133013
-0.0121508
-0.107663
-0.109783
-0.109957
-0.130772
0.436308
0.436803
0.773609
0.768163
0.759551
0.710472
0.302812
0.30498
0.310545
0.306395
-0.345121
-0.322135
-0.333541
0.517548
0.525423
0.525427
0.0386816
-0.0451475
0.120784
0.14792
0.421937
0.404972
0.419925
0.450363
0.487333
0.768391
0.786659
0.784815
0.793161
0.837129
0.853473
0.818948
0.261252
0.270424
0.265641
0.301967
0.299636
0.300582
0.295686
0.297393
0.295053
-0.262417
-0.648344
0.282486
0.298757
0.271238
0.282589
0.44297
0.513949
0.472011
0.48039
0.482049
-0.186498
-0.245754
0.0601147
0.0336678
0.173331
0.207618
0.188145
0.69218
0.652263
0.702399
0.675738
0.636887
0.663206
-0.600476
-2.11941
-1.22818
0.329244
0.139237
0.22881
-0.13943
-0.134946
-0.123353
0.757344
0.836936
0.444869
0.606101
0.618072
0.523378
0.553012
0.61226
0.537563
0.572602
0.606851
0.585069
0.326258
0.293727
0.290941
0.582525
0.638237
-0.0726791
-0.125699
-0.171865
-0.0754561
-0.0179607
-0.0456769
0.80479
0.697259
0.771406
0.313306
0.313988
-0.0702096
-0.114269
0.318071
0.318087
-0.084495
-0.211633
0.210015
-1.06021
-0.0851287
0.306474
0.29694
0.313707
-0.295866
0.166817
-0.252125
-0.116518
-0.156796
0.305999
0.246339
0.208638
-0.0995901
-0.278371
-0.295679
-0.420216
0.310971
0.309302
0.31318
0.314222
0.314857
-0.135658
-0.122888
-0.0932585
-0.298902
-0.192503
-0.229632
0.278756
0.295255
-0.377037
0.313337
0.315443
0.31528
0.308401
0.314073
0.312306
-0.241681
-0.227826
-0.303644
0.0247015
0.141146
0.458203
0.555292
0.422439
0.195393
-0.0443047
0.357622
0.423354
0.325305
0.484609
0.482931
0.499031
-0.023379
-0.170068
-0.0144908
-0.0696873
0.304379
0.303016
0.295216
0.292379
0.308595
0.306681
0.311274
0.308196
0.311132
0.31256
-0.251644
-0.269387
-0.292197
-0.350735
0.125519
0.380309
0.0576562
0.0850942
-0.0418962
-0.274708
-0.285293
-0.2386
-0.259041
-0.170785
-0.177475
-0.12804
-0.124834
-0.169937
-0.16766
-0.177032
-0.19788
-0.196094
0.299718
0.298766
0.304957
0.31205
0.255501
0.259587
0.226049
0.245351
0.231047
0.174831
0.208285
0.183286
-0.0815475
-0.125019
-0.0707532
-0.272914
-0.19256
-0.272816
-0.218231
-0.31358
-0.199064
-0.198367
-0.355402
-0.341005
-0.381502
-0.495931
0.758902
0.703391
-0.105862
0.300264
0.3066
0.303455
0.308081
0.311219
0.312141
0.309882
0.306434
0.295932
0.297769
0.294051
0.294386
-0.317555
-0.453831
-0.278459
-0.345619
-0.0808573
0.414129
0.15453
0.0954105
0.090073
0.307972
0.703653
0.501554
0.502783
0.527375
-0.563257
-0.166124
-0.495963
0.122486
-0.0544331
0.457952
0.507329
0.528057
0.4763
0.428027
-0.334595
0.325224
-0.264659
-0.221075
-0.0304204
-0.135019
0.501323
0.465423
0.469935
0.486405
0.505323
0.47063
0.448572
0.444828
0.48305
0.488737
0.281023
0.0570976
0.0125983
-0.0253236
0.448725
0.322853
0.380914
0.295112
0.299176
0.30207
0.300604
0.28353
0.290698
0.286532
0.291961
0.295093
0.304333
0.30465
0.300115
0.302388
-0.254048
-0.263719
-0.232294
-0.343799
-0.333969
-0.385196
-0.275901
-0.140857
-0.174386
0.0141444
0.1218
-0.166516
-0.282895
-0.252738
-0.224669
-0.0398365
-0.0149919
-0.115254
-0.0284411
-0.046657
-0.0561914
0.0397208
0.0474142
-0.248065
-0.215489
-0.233483
-0.238953
-0.147002
-0.0904429
-0.0726648
-0.246011
-0.194751
-0.305649
-0.324576
-0.237247
-0.228492
-0.218608
-0.18789
-0.320829
-0.272795
-0.276145
-0.290144
-0.238909
-0.245875
0.294327
0.295845
0.295892
0.304163
0.318257
0.332982
0.297167
0.276826
0.268196
0.271081
0.245895
0.255247
0.251318
0.26382
0.283293
0.291001
0.290152
0.292545
0.275824
0.277642
0.264968
0.267956
0.245583
0.228117
0.217127
-0.267492
-0.195233
-0.26423
-0.217466
-0.135243
-0.174218
-0.185187
-0.246823
-0.226573
-0.19836
-0.16088
-0.386942
-0.347644
-0.293965
-0.218566
-0.401429
-0.433913
-0.502788
0.667227
0.779583
0.594754
0.37652
0.380662
0.61402
0.705409
0.344478
0.515813
0.545035
0.339949
0.599907
0.304976
0.304618
0.302271
0.301692
0.302984
-0.233652
-0.134085
-0.119885
-0.0689965
0.0501467
0.165734
0.0724533
-0.0517617
0.084375
0.0917417
0.408769
0.425284
0.370263
0.395216
0.393062
0.220469
0.297351
0.352168
0.30638
0.350398
0.372533
0.333793
0.363992
0.31099
0.268964
0.267714
0.212921
0.234096
0.21155
0.193553
0.294374
0.27282
0.282948
0.273774
0.293133
0.320758
0.315078
0.34179
0.353524
0.279135
0.239819
0.249064
0.27667
0.238386
0.251585
0.266624
-0.00437945
-0.105566
-0.0171651
-0.308487
-0.225642
-0.241681
-0.287703
-0.244014
0.0425062
-0.656653
-0.629936
-1.26446
0.265609
0.73366
0.456667
0.427586
0.500765
0.478716
0.481341
0.506056
0.512925
0.438196
0.455475
0.459731
0.412375
0.43641
0.46046
0.458151
0.294626
0.173046
0.164222
0.125102
0.00218207
0.0343355
0.23856
0.160288
0.0875241
0.0926675
0.256103
0.146651
0.2121
0.250302
0.182142
0.1382
0.337926
0.405692
0.396896
0.371013
0.287127
0.29923
0.325379
0.360885
0.387645
0.421829
0.291878
0.297514
0.298817
0.296441
0.293492
0.296329
0.296455
0.298954
0.299828
0.302778
0.301738
-0.254413
-0.235518
-0.255887
-0.264233
-0.228153
-0.23495
-0.188879
-0.193459
-0.214243
-0.207134
-0.237443
-0.237833
-0.234276
-0.225332
-0.10362
-0.0873749
-0.101099
-0.146195
0.0272781
0.163587
0.225812
0.108956
-0.00013794
0.0291748
0.0574904
-0.21975
-0.167621
-0.179786
-0.144171
-0.158819
-0.295686
-0.326654
-0.324817
-0.22568
-0.265593
-0.37822
-0.363455
-0.374311
-0.372153
-0.344311
-0.352858
0.279044
0.272645
0.273663
0.2681
0.266984
0.280241
0.284396
0.286022
0.291112
0.292763
0.283797
0.288881
0.292218
-0.366886
-0.423855
-0.41016
-0.383807
-0.447139
-0.438738
-0.40772
-0.110436
-0.183552
-0.178105
-0.219646
-0.341569
-0.286507
0.250615
0.248883
0.261767
0.475301
0.32886
0.247559
0.342339
0.445529
0.0355097
0.23567
0.0666354
0.648231
0.537061
0.680578
0.306457
0.0112359
0.164921
0.215604
0.0234455
0.0946335
0.104781
-0.00654432
0.0254383
0.0556494
0.155114
0.0347407
0.00792525
-0.237937
-0.0533347
0.0721714
0.0513148
0.185729
0.250747
0.0202829
-0.0553063
-0.0996897
0.399957
0.420091
0.438778
0.40853
0.433417
0.355528
0.346855
0.365309
0.373886
0.367767
-0.991891
-0.699087
-1.64409
-0.956747
-0.505912
0.299124
0.260307
0.533722
0.42468
0.491952
0.476862
0.437345
0.402352
0.413576
0.446701
0.148569
0.258789
0.232387
0.239666
0.142465
0.0760815
0.374332
0.36758
0.406277
0.429934
0.394963
0.42918
0.289561
0.289194
0.288908
0.28568
0.284019
0.285974
-0.138972
-0.169495
-0.144024
-0.160797
-0.181204
-0.187759
-0.349016
-0.371693
-0.393248
-0.425532
-0.366874
-0.330665
-0.0736038
-0.129142
-0.202231
-0.17387
-0.231019
-0.29312
-0.311976
-0.214705
-0.127166
-0.134426
0.16828
0.419473
0.243899
0.412722
0.24994
0.306532
0.254347
0.246813
0.277744
0.150013
0.225852
-0.00253671
-0.50873
-0.416276
0.550464
0.570104
0.359007
0.171534
-0.0588631
0.129249
0.323057
0.261471
0.301132
0.369668
0.362987
-0.219274
-0.152138
0.108504
0.336116
0.00282081
-0.00473496
-0.00971148
0.16377
0.0877594
))
(300 (1 10 1 0 0 919 1018)(
0.335637
0.991881
0.0161207
0.33488
0.958909
-0.724376
0.508901
-0.305832
-0.285871
0.308142
0.819673
0.586062
-1.35065
0.460974
-0.603183
0.314701
-0.237321
0.545875
0.316
0.376016
0.566955
0.700683
-0.0294532
0.842537
0.284449
-0.654539
-0.772624
0.504358
-0.389022
0.519819
0.30308
-0.341091
-0.279395
-0.267283
-0.313701
0.237172
0.302371
0.319916
0.859681
0.770159
0.62823
0.558367
-2.75591
-0.4979
0.452734
0.473263
-0.733959
0.313597
0.317816
-0.29818
-0.170043
0.531342
0.313588
0.33983
0.0742586
0.399229
0.38755
0.558143
0.638118
0.760861
0.273301
0.298695
0.290149
-0.555979
-0.788114
0.491212
-0.46704
-0.316701
0.295487
0.307249
-0.455015
-0.268326
-0.263209
-0.333074
0.219224
0.255942
0.29632
0.29846
0.724442
-0.0280602
0.436803
0.302812
0.306395
-0.333541
0.525427
-0.0451475
0.14792
0.419925
0.487333
0.793161
0.265641
0.300582
0.295053
0.482049
-0.245754
0.188145
0.675738
0.22881
0.572602
-0.171865
))
(300 (1 11 1 0 0 919 926)(
0.335637
0.33488
0.315715
0.32236
0.315996
0.317444
0.322037
0.317946
))
(300 (1 12 1 0 0 919 922)(
0.991881
0.958909
0.91633
0.929471
))
(300 (1 13 1 0 0 919 926)(
0
0
0
0
0
0
0
0
))
(300 (1 14 1 0 0 919 952)(
-0.0285726
-0.233027
-0.198199
0.111798
0.203877
-0.115849
-0.161727
0.857537
-0.247926
-0.109344
0.222962
0.367551
0.389882
0.0992132
-0.093339
-0.126346
-6.57219
-0.107663
-0.130772
0.768163
0.710472
-0.648344
0.282486
0.282589
0.513949
0.0336678
-1.22818
-0.123353
0.836936
0.618072
0.290941
0.638237
-0.0456769
0.771406
))
(300 (1 15 1 0 0 919 2754)(
0.335637
0.335637
0.991881
0.991881
0.0161207
0.0161207
0.33488
0.33488
-0.0285726
-0.0285726
0.958909
0.958909
-0.724376
-0.724376
0.508901
0.508901
0.315715
0.315715
-0.305832
-0.305832
-0.285871
-0.285871
0.308142
0.308142
0.819673
0.819673
0.586062
0.586062
-1.35065
-1.35065
-0.233027
-0.233027
0.460974
0.460974
-0.603183
-0.603183
0.314701
0.314701
-0.237321
-0.237321
0.545875
0.545875
0.32236
0.32236
0.325401
0.325401
0.316
0.316
0.376016
0.376016
0.566955
0.566955
0.700683
0.700683
-0.0294532
-0.0294532
0.00621382
0.00621382
-0.0314204
-0.0314204
-0.0665985
-0.0665985
-0.153927
-0.153927
-0.198199
-0.198199
0.842537
0.842537
0.893641
0.893641
0.91633
0.91633
0.284449
0.284449
0.111798
0.111798
-0.582313
-0.582313
-0.654539
-0.654539
-0.644945
-0.644945
-0.772624
-0.772624
0.501069
0.501069
0.504358
0.504358
-0.389022
-0.389022
0.50873
0.50873
0.519819
0.519819
0.30308
0.30308
0.315075
0.315075
0.315996
0.315996
0.317112
0.317112
0.316031
0.316031
0.317444
0.317444
0.203877
0.203877
-0.31304
-0.31304
-0.341091
-0.341091
-0.284786
-0.284786
-0.279395
-0.279395
-0.115849
-0.115849
-0.271022
-0.271022
-0.267283
-0.267283
-0.298965
-0.298965
-0.313701
-0.313701
0.237172
0.237172
0.304883
0.304883
0.302371
0.302371
0.312985
0.312985
0.319916
0.319916
0.93143
0.93143
0.903332
0.903332
0.929471
0.929471
0.843245
0.843245
0.859681
0.859681
0.797621
0.797621
0.770159
0.770159
0.60629
0.60629
0.62823
0.62823
0.572012
0.572012
0.558367
0.558367
-1.79015
-1.79015
-2.75591
-2.75591
-0.753006
-0.753006
-0.4979
-0.4979
-0.017133
-0.017133
-0.187756
-0.187756
-0.161727
-0.161727
0.450755
0.450755
0.452734
0.452734
0.461242
0.461242
0.473263
0.473263
0.857537
0.857537
-0.599263
-0.599263
-0.733959
-0.733959
0.31481
0.31481
0.313597
0.313597
0.322037
0.322037
0.322717
0.322717
0.318724
0.318724
0.317816
0.317816
-0.278893
-0.278893
-0.29818
-0.29818
-0.0817804
-0.0817804
-0.214407
-0.214407
-0.170043
-0.170043
0.533213
0.533213
0.531342
0.531342
0.316553
0.316553
0.313588
0.313588
0.327607
0.327607
0.348349
0.348349
0.33983
0.33983
0.0742586
0.0742586
0.382254
0.382254
0.399229
0.399229
0.38755
0.38755
0.553719
0.553719
0.550325
0.550325
0.558143
0.558143
0.674298
0.674298
0.638118
0.638118
0.737611
0.737611
0.760861
0.760861
-0.0135705
-0.0135705
-0.00808534
-0.00808534
-0.24546
-0.24546
-0.223962
-0.223962
-0.247926
-0.247926
0.28044
0.28044
0.273301
0.273301
0.298695
0.298695
0.287754
0.287754
0.290149
0.290149
0.026996
0.026996
-0.109344
-0.109344
0.198318
0.198318
0.222962
0.222962
-0.491158
-0.491158
-0.555979
-0.555979
-0.661134
-0.661134
-0.677242
-0.677242
-0.788114
-0.788114
0.367551
0.367551
0.490739
0.490739
0.491212
0.491212
-0.408178
-0.408178
-0.326821
-0.326821
-0.46704
-0.46704
-0.253081
-0.253081
-0.316701
-0.316701
0.293597
0.293597
0.300397
0.300397
0.295487
0.295487
0.310793
0.310793
0.305323
0.305323
0.307249
0.307249
0.319308
0.319308
0.31641
0.31641
0.317946
0.317946
0.267284
0.267284
0.389882
0.389882
0.131724
0.131724
0.0992132
0.0992132
-0.461573
-0.461573
-0.362178
-0.362178
-0.455015
-0.455015
-0.271341
-0.271341
-0.268326
-0.268326
-0.110063
-0.110063
-0.093339
-0.093339
-0.132456
-0.132456
-0.126346
-0.126346
-0.261438
-0.261438
-0.266087
-0.266087
-0.263209
-0.263209
-0.332729
-0.332729
-0.333074
-0.333074
0.229967
0.229967
0.219224
0.219224
0.248828
0.248828
0.255942
0.255942
0.29632
0.29632
0.297219
0.297219
0.299964
0.299964
0.29846
0.29846
0.720867
0.720867
0.743363
0.743363
0.750819
0.750819
0.724442
0.724442
-3.76069
-3.76069
-6.57219
-6.57219
-0.167696
-0.167696
-0.0280602
-0.0280602
-0.040657
-0.040657
-0.0310736
-0.0310736
-0.0178892
-0.0178892
-0.0337413
-0.0337413
-0.0133013
-0.0133013
-0.0121508
-0.0121508
-0.107663
-0.107663
-0.109783
-0.109783
-0.109957
-0.109957
-0.130772
-0.130772
0.436308
0.436308
0.436803
0.436803
0.773609
0.773609
0.768163
0.768163
0.759551
0.759551
0.710472
0.710472
0.302812
0.302812
0.30498
0.30498
0.310545
0.310545
0.306395
0.306395
-0.345121
-0.345121
-0.322135
-0.322135
-0.333541
-0.333541
0.517548
0.517548
0.525423
0.525423
0.525427
0.525427
0.0386816
0.0386816
-0.0451475
-0.0451475
0.120784
0.120784
0.14792
0.14792
0.421937
0.421937
0.404972
0.404972
0.419925
0.419925
0.450363
0.450363
0.487333
0.487333
0.768391
0.768391
0.786659
0.786659
0.784815
0.784815
0.793161
0.793161
0.837129
0.837129
0.853473
0.853473
0.818948
0.818948
0.261252
0.261252
0.270424
0.270424
0.265641
0.265641
0.301967
0.301967
0.299636
0.299636
0.300582
0.300582
0.295686
0.295686
0.297393
0.297393
0.295053
0.295053
-0.262417
-0.262417
-0.648344
-0.648344
0.282486
0.282486
0.298757
0.298757
0.271238
0.271238
0.282589
0.282589
0.44297
0.44297
0.513949
0.513949
0.472011
0.472011
0.48039
0.48039
0.482049
0.482049
-0.186498
-0.186498
-0.245754
-0.245754
0.0601147
0.0601147
0.0336678
0.0336678
0.173331
0.173331
0.207618
0.207618
0.188145
0.188145
0.69218
0.69218
0.652263
0.652263
0.702399
0.702399
0.675738
0.675738
0.636887
0.636887
0.663206
0.663206
-0.600476
-0.600476
-2.11941
-2.11941
-1.22818
-1.22818
0.329244
0.329244
0.139237
0.139237
0.22881
0.22881
-0.13943
-0.13943
-0.134946
-0.134946
-0.123353
-0.123353
0.757344
0.757344
0.836936
0.836936
0.444869
0.444869
0.606101
0.606101
0.618072
0.618072
0.523378
0.523378
0.553012
0.553012
0.61226
0.61226
0.537563
0.537563
0.572602
0.572602
0.606851
0.606851
0.585069
0.585069
0.326258
0.326258
0.293727
0.293727
0.290941
0.290941
0.582525
0.582525
0.638237
0.638237
-0.0726791
-0.0726791
-0.125699
-0.125699
-0.171865
-0.171865
-0.0754561
-0.0754561
-0.0179607
-0.0179607
-0.0456769
-0.0456769
0.80479
0.80479
0.697259
0.697259
0.771406
0.771406
0.313306
0.313306
0.313988
0.313988
-0.0702096
-0.0702096
-0.114269
-0.114269
0.318071
0.318071
0.318087
0.318087
-0.084495
-0.084495
-0.211633
-0.211633
0.210015
0.210015
-1.06021
-1.06021
-0.0851287
-0.0851287
0.306474
0.306474
0.29694
0.29694
0.313707
0.313707
-0.295866
-0.295866
0.166817
0.166817
-0.252125
-0.252125
-0.116518
-0.116518
-0.156796
-0.156796
0.305999
0.305999
0.246339
0.246339
0.208638
0.208638
-0.0995901
-0.0995901
-0.278371
-0.278371
-0.295679
-0.295679
-0.420216
-0.420216
0.310971
0.310971
0.309302
0.309302
0.31318
0.31318
0.314222
0.314222
0.314857
0.314857
-0.135658
-0.135658
-0.122888
-0.122888
-0.0932585
-0.0932585
-0.298902
-0.298902
-0.192503
-0.192503
-0.229632
-0.229632
0.278756
0.278756
0.295255
0.295255
-0.377037
-0.377037
0.313337
0.313337
0.315443
0.315443
0.31528
0.31528
0.308401
0.308401
0.314073
0.314073
0.312306
0.312306
-0.241681
-0.241681
-0.227826
-0.227826
-0.303644
-0.303644
0.0247015
0.0247015
0.141146
0.141146
0.458203
0.458203
0.555292
0.555292
0.422439
0.422439
0.195393
0.195393
-0.0443047
-0.0443047
0.357622
0.357622
0.423354
0.423354
0.325305
0.325305
0.484609
0.484609
0.482931
0.482931
0.499031
0.499031
-0.023379
-0.023379
-0.170068
-0.170068
-0.0144908
-0.0144908
-0.0696873
-0.0696873
0.304379
0.304379
0.303016
0.303016
0.295216
0.295216
0.292379
0.292379
0.308595
0.308595
0.306681
0.306681
0.311274
0.311274
0.308196
0.308196
0.311132
0.311132
0.31256
0.31256
-0.251644
-0.251644
-0.269387
-0.269387
-0.292197
-0.292197
-0.350735
-0.350735
0.125519
0.125519
0.380309
0.380309
0.0576562
0.0576562
0.0850942
0.0850942
-0.0418962
-0.0418962
-0.274708
-0.274708
-0.285293
-0.285293
-0.2386
-0.2386
-0.259041
-0.259041
-0.170785
-0.170785
-0.177475
-0.177475
-0.12804
-0.12804
-0.124834
-0.124834
-0.169937
-0.169937
-0.16766
-0.16766
-0.177032
-0.177032
-0.19788
-0.19788
-0.196094
-0.196094
0.299718
0.299718
0.298766
0.298766
0.304957
0.304957
0.31205
0.31205
0.255501
0.255501
0.259587
0.259587
0.226049
0.226049
0.245351
0.245351
0.231047
0.231047
0.174831
0.174831
0.208285
0.208285
0.183286
0.183286
-0.0815475
-0.0815475
-0.125019
-0.125019
-0.0707532
-0.0707532
-0.272914
-0.272914
-0.19256
-0.19256
-0.272816
-0.272816
-0.218231
-0.218231
-0.31358
-0.31358
-0.199064
-0.199064
-0.198367
-0.198367
-0.355402
-0.355402
-0.341005
-0.341005
-0.381502
-0.381502
-0.495931
-0.495931
0.758902
0.758902
0.703391
0.703391
-0.105862
-0.105862
0.300264
0.300264
0.3066
0.3066
0.303455
0.303455
0.308081
0.308081
0.311219
0.311219
0.312141
0.312141
0.309882
0.309882
0.306434
0.306434
0.295932
0.295932
0.297769
0.297769
0.294051
0.294051
0.294386
0.294386
-0.317555
-0.317555
-0.453831
-0.453831
-0.278459
-0.278459
-0.345619
-0.345619
-0.0808573
-0.0808573
0.414129
0.414129
0.15453
0.15453
0.0954105
0.0954105
0.090073
0.090073
0.307972
0.307972
0.703653
0.703653
0.501554
0.501554
0.502783
0.502783
0.527375
0.527375
-0.563257
-0.563257
-0.166124
-0.166124
-0.495963
-0.495963
0.122486
0.122486
-0.0544331
-0.0544331
0.457952
0.457952
0.507329
0.507329
0.528057
0.528057
0.4763
0.4763
0.428027
0.428027
-0.334595
-0.334595
0.325224
0.325224
-0.264659
-0.264659
-0.221075
-0.221075
-0.0304204
-0.0304204
-0.135019
-0.135019
0.501323
0.501323
0.465423
0.465423
0.469935
0.469935
0.486405
0.486405
0.505323
0.505323
0.47063
0.47063
0.448572
0.448572
0.444828
0.444828
0.48305
0.48305
0.488737
0.488737
0.281023
0.281023
0.0570976
0.0570976
0.0125983
0.0125983
-0.0253236
-0.0253236
0.448725
0.448725
0.322853
0.322853
0.380914
0.380914
0.295112
0.295112
0.299176
0.299176
0.30207
0.30207
0.300604
0.300604
0.28353
0.28353
0.290698
0.290698
0.286532
0.286532
0.291961
0.291961
0.295093
0.295093
0.304333
0.304333
0.30465
0.30465
0.300115
0.300115
0.302388
0.302388
-0.254048
-0.254048
-0.263719
-0.263719
-0.232294
-0.232294
-0.343799
-0.343799
-0.333969
-0.333969
-0.385196
-0.385196
-0.275901
-0.275901
-0.140857
-0.140857
-0.174386
-0.174386
0.0141444
0.0141444
0.1218
0.1218
-0.166516
-0.166516
-0.282895
-0.282895
-0.252738
-0.252738
-0.224669
-0.224669
-0.0398365
-0.0398365
-0.0149919
-0.0149919
-0.115254
-0.115254
-0.0284411
-0.0284411
-0.046657
-0.046657
-0.0561914
-0.0561914
0.0397208
0.0397208
0.0474142
0.0474142
-0.248065
-0.248065
-0.215489
-0.215489
-0.233483
-0.233483
-0.238953
-0.238953
-0.147002
-0.147002
-0.0904429
-0.0904429
-0.0726648
-0.0726648
-0.246011
-0.246011
-0.194751
-0.194751
-0.305649
-0.305649
-0.324576
-0.324576
-0.237247
-0.237247
-0.228492
-0.228492
-0.218608
-0.218608
-0.18789
-0.18789
-0.320829
-0.320829
-0.272795
-0.272795
-0.276145
-0.276145
-0.290144
-0.290144
-0.238909
-0.238909
-0.245875
-0.245875
0.294327
0.294327
0.295845
0.295845
0.295892
0.295892
0.304163
0.304163
0.318257
0.318257
0.332982
0.332982
0.297167
0.297167
0.276826
0.276826
0.268196
0.268196
0.271081
0.271081
0.245895
0.245895
0.255247
0.255247
0.251318
0.251318
0.26382
0.26382
0.283293
0.283293
0.291001
0.291001
0.290152
0.290152
0.292545
0.292545
0.275824
0.275824
0.277642
0.277642
0.264968
0.264968
0.267956
0.267956
0.245583
0.245583
0.228117
0.228117
0.217127
0.217127
-0.267492
-0.267492
-0.195233
-0.195233
-0.26423
-0.26423
-0.217466
-0.217466
-0.135243
-0.135243
-0.174218
-0.174218
-0.185187
-0.185187
-0.246823
-0.246823
-0.226573
-0.226573
-0.19836
-0.19836
-0.16088
-0.16088
-0.386942
-0.386942
-0.347644
-0.347644
-0.293965
-0.293965
-0.218566
-0.218566
-0.401429
-0.401429
-0.433913
-0.433913
-0.502788
-0.502788
0.667227
0.667227
0.779583
0.779583
0.594754
0.594754
0.37652
0.37652
0.380662
0.380662
0.61402
0.61402
0.705409
0.705409
0.344478
0.344478
0.515813
0.515813
0.545035
0.545035
0.339949
0.339949
0.599907
0.599907
0.304976
0.304976
0.304618
0.304618
0.302271
0.302271
0.301692
0.301692
0.302984
0.302984
-0.233652
-0.233652
-0.134085
-0.134085
-0.119885
-0.119885
-0.0689965
-0.0689965
0.0501467
0.0501467
0.165734
0.165734
0.0724533
0.0724533
-0.0517617
-0.0517617
0.084375
0.084375
0.0917417
0.0917417
0.408769
0.408769
0.425284
0.425284
0.370263
0.370263
0.395216
0.395216
0.393062
0.393062
0.220469
0.220469
0.297351
0.297351
0.352168
0.352168
0.30638
0.30638
0.350398
0.350398
0.372533
0.372533
0.333793
0.333793
0.363992
0.363992
0.31099
0.31099
0.268964
0.268964
0.267714
0.267714
0.212921
0.212921
0.234096
0.234096
0.21155
0.21155
0.193553
0.193553
0.294374
0.294374
0.27282
0.27282
0.282948
0.282948
0.273774
0.273774
0.293133
0.293133
0.320758
0.320758
0.315078
0.315078
0.34179
0.34179
0.353524
0.353524
0.279135
0.279135
0.239819
0.239819
0.249064
0.249064
0.27667
0.27667
0.238386
0.238386
0.251585
0.251585
0.266624
0.266624
-0.00437945
-0.00437945
-0.105566
-0.105566
-0.0171651
-0.0171651
-0.308487
-0.308487
-0.225642
-0.225642
-0.241681
-0.241681
-0.287703
-0.287703
-0.244014
-0.244014
0.0425062
0.0425062
-0.656653
-0.656653
-0.629936
-0.629936
-1.26446
-1.26446
0.265609
0.265609
0.73366
0.73366
0.456667
0.456667
0.427586
0.427586
0.500765
0.500765
0.478716
0.478716
0.481341
0.481341
0.506056
0.506056
0.512925
0.512925
0.438196
0.438196
0.455475
0.455475
0.459731
0.459731
0.412375
0.412375
0.43641
0.43641
0.46046
0.46046
0.458151
0.458151
0.294626
0.294626
0.173046
0.173046
0.164222
0.164222
0.125102
0.125102
0.00218207
0.00218207
0.0343355
0.0343355
0.23856
0.23856
0.160288
0.160288
0.0875241
0.0875241
0.0926675
0.0926675
0.256103
0.256103
0.146651
0.146651
0.2121
0.2121
0.250302
0.250302
0.182142
0.182142
0.1382
0.1382
0.337926
0.337926
0.405692
0.405692
0.396896
0.396896
0.371013
0.371013
0.287127
0.287127
0.29923
0.29923
0.325379
0.325379
0.360885
0.360885
0.387645
0.387645
0.421829
0.421829
0.291878
0.291878
0.297514
0.297514
0.298817
0.298817
0.296441
0.296441
0.293492
0.293492
0.296329
0.296329
0.296455
0.296455
0.298954
0.298954
0.299828
0.299828
0.302778
0.302778
0.301738
0.301738
-0.254413
-0.254413
-0.235518
-0.235518
-0.255887
-0.255887
-0.264233
-0.264233
-0.228153
-0.228153
-0.23495
-0.23495
-0.188879
-0.188879
-0.193459
-0.193459
-0.214243
-0.214243
-0.207134
-0.207134
-0.237443
-0.237443
-0.237833
-0.237833
-0.234276
-0.234276
-0.225332
-0.225332
-0.10362
-0.10362
-0.0873749
-0.0873749
-0.101099
-0.101099
-0.146195
-0.146195
0.0272781
0.0272781
0.163587
0.163587
0.225812
0.225812
0.108956
0.108956
-0.00013794
-0.00013794
0.0291748
0.0291748
0.0574904
0.0574904
-0.21975
-0.21975
-0.167621
-0.167621
-0.179786
-0.179786
-0.144171
-0.144171
-0.158819
-0.158819
-0.295686
-0.295686
-0.326654
-0.326654
-0.324817
-0.324817
-0.22568
-0.22568
-0.265593
-0.265593
-0.37822
-0.37822
-0.363455
-0.363455
-0.374311
-0.374311
-0.372153
-0.372153
-0.344311
-0.344311
-0.352858
-0.352858
0.279044
0.279044
0.272645
0.272645
0.273663
0.273663
0.2681
0.2681
0.266984
0.266984
0.280241
0.280241
0.284396
0.284396
0.286022
0.286022
0.291112
0.291112
0.292763
0.292763
0.283797
0.283797
0.288881
0.288881
0.292218
0.292218
-0.366886
-0.366886
-0.423855
-0.423855
-0.41016
-0.41016
-0.383807
-0.383807
-0.447139
-0.447139
-0.438738
-0.438738
-0.40772
-0.40772
-0.110436
-0.110436
-0.183552
-0.183552
-0.178105
-0.178105
-0.219646
-0.219646
-0.341569
-0.341569
-0.286507
-0.286507
0.250615
0.250615
0.248883
0.248883
0.261767
0.261767
0.475301
0.475301
0.32886
0.32886
0.247559
0.247559
0.342339
0.342339
0.445529
0.445529
0.0355097
0.0355097
0.23567
0.23567
0.0666354
0.0666354
0.648231
0.648231
0.537061
0.537061
0.680578
0.680578
0.306457
0.306457
0.0112359
0.0112359
0.164921
0.164921
0.215604
0.215604
0.0234455
0.0234455
0.0946335
0.0946335
0.104781
0.104781
-0.00654432
-0.00654432
0.0254383
0.0254383
0.0556494
0.0556494
0.155114
0.155114
0.0347407
0.0347407
0.00792525
0.00792525
-0.237937
-0.237937
-0.0533347
-0.0533347
0.0721714
0.0721714
0.0513148
0.0513148
0.185729
0.185729
0.250747
0.250747
0.0202829
0.0202829
-0.0553063
-0.0553063
-0.0996897
-0.0996897
0.399957
0.399957
0.420091
0.420091
0.438778
0.438778
0.40853
0.40853
0.433417
0.433417
0.355528
0.355528
0.346855
0.346855
0.365309
0.365309
0.373886
0.373886
0.367767
0.367767
-0.991891
-0.991891
-0.699087
-0.699087
-1.64409
-1.64409
-0.956747
-0.956747
-0.505912
-0.505912
0.299124
0.299124
0.260307
0.260307
0.533722
0.533722
0.42468
0.42468
0.491952
0.491952
0.476862
0.476862
0.437345
0.437345
0.402352
0.402352
0.413576
0.413576
0.446701
0.446701
0.148569
0.148569
0.258789
0.258789
0.232387
0.232387
0.239666
0.239666
0.142465
0.142465
0.0760815
0.0760815
0.374332
0.374332
0.36758
0.36758
0.406277
0.406277
0.429934
0.429934
0.394963
0.394963
0.42918
0.42918
0.289561
0.289561
0.289194
0.289194
0.288908
0.288908
0.28568
0.28568
0.284019
0.284019
0.285974
0.285974
-0.138972
-0.138972
-0.169495
-0.169495
-0.144024
-0.144024
-0.160797
-0.160797
-0.181204
-0.181204
-0.187759
-0.187759
-0.349016
-0.349016
-0.371693
-0.371693
-0.393248
-0.393248
-0.425532
-0.425532
-0.366874
-0.366874
-0.330665
-0.330665
-0.0736038
-0.0736038
-0.129142
-0.129142
-0.202231
-0.202231
-0.17387
-0.17387
-0.231019
-0.231019
-0.29312
-0.29312
-0.311976
-0.311976
-0.214705
-0.214705
-0.127166
-0.127166
-0.134426
-0.134426
0.16828
0.16828
0.419473
0.419473
0.243899
0.243899
0.412722
0.412722
0.24994
0.24994
0.306532
0.306532
0.254347
0.254347
0.246813
0.246813
0.277744
0.277744
0.150013
0.150013
0.225852
0.225852
-0.00253671
-0.00253671
-0.50873
-0.50873
-0.416276
-0.416276
0.550464
0.550464
0.570104
0.570104
0.359007
0.359007
0.171534
0.171534
-0.0588631
-0.0588631
0.129249
0.129249
0.323057
0.323057
0.261471
0.261471
0.301132
0.301132
0.369668
0.369668
0.362987
0.362987
-0.219274
-0.219274
-0.152138
-0.152138
0.108504
0.108504
0.336116
0.336116
0.00282081
0.00282081
-0.00473496
-0.00473496
-0.00971148
-0.00971148
0.16377
0.16377
0.0877594
0.0877594
))
(300 (2 1 3 0 0 1 918)(
0.985168 -0.000495072 0 
0.00500833 2.96625 0 
-0.051603 1.32581 0 
0.979699 0.00215083 0 
0.0115693 1.35337 1.32215e-19 
-0.00703943 2.94879 -2.04188e-18 
0.836185 1.17975 6.37177e-19 
0.361316 0.165358 -1.12601e-20 
0.999905 -0.000293381 0 
0.0650039 0.856539 0 
0.0136027 0.666346 0 
0.733488 -0.00908217 0 
0.0111136 2.93033 0 
0.00250893 2.79461 0 
-0.0174948 3.15879 9.86391e-19 
-0.0698638 1.28959 1.97808e-19 
0.450095 0.0609937 7.17792e-19 
0.188832 1.20837 5.32623e-19 
0.962775 0.00500775 0 
-0.0446224 0.767059 0 
0.0901598 0.202989 -5.43541e-19 
1.00198 -0.00498552 0 
1.00021 -0.00980494 0 
0.975708 -0.00644057 0 
0.604904 -0.0448594 0 
0.0162648 2.63742 0 
-0.0149061 2.91006 7.21495e-19 
-0.120909 1.21298 0 
-0.158757 1.46314 0 
-0.0750823 1.27685 0 
-0.0175215 2.21329 0 
0.0851659 1.43099 -1.04324e-19 
0.038034 1.06386 0 
-0.0206192 2.98759 -7.21018e-23 
-0.0166947 3.0053 1.58704e-18 
0.00210607 3.0002 0 
0.870169 -0.00933279 0 
0.404806 0.941158 3.59461e-20 
0.816774 1.19645 -8.55775e-19 
0.966623 1.03435 8.25576e-19 
0.685622 1.29031 -1.48015e-19 
0.683089 1.27899 8.335e-19 
0.402552 0.257618 1.09857e-20 
0.389667 0.143488 0 
1.15227 0.558589 0 
0.363326 0.258207 5.05268e-20 
0.31697 0.16919 -5.24365e-20 
0.919642 -0.00750359 0 
1.00028 0.000139727 0 
0.999913 0.000334166 0 
1.00364 -0.00778608 0 
1.00096 -0.000937512 0 
1.00017 2.22074e-05 0 
0.0831567 1.78401 -3.88953e-19 
0.0374212 1.00993 0 
0.0803705 0.928209 0 
0.0235904 0.942856 0 
0.0281183 0.786328 0 
0.0276405 1.99356 0 
0.00739194 0.810984 0 
-0.000158645 0.6953 0 
-0.00767067 0.765953 0 
-0.0123322 0.634137 0 
0.83476 -0.0142297 0 
0.852997 0.026127 0 
0.767752 7.89923e-05 0 
0.827365 0.0338967 0 
0.702129 -0.0152931 0 
0.0146963 3.0004 7.50793e-19 
0.0115181 3.00796 0 
0.00612777 3.00281 0 
0.0135445 2.99734 8.42372e-24 
0.00798604 2.95847 -1.11586e-18 
0.0144748 2.98203 0 
0.0107983 2.90365 0 
0.0250463 2.93045 1.57038e-24 
0.00435166 2.82483 0 
0.0311308 2.91585 0 
-0.00593033 2.7453 0 
0.309453 3.55688 0 
-0.132005 3.6386 0 
0.140225 3.24936 -9.17956e-19 
-0.0122835 2.98369 0 
-0.258581 2.05184 0 
-0.110861 1.52915 -1.94904e-19 
-0.131842 1.50551 1.24195e-19 
0.526332 0.151671 -2.47612e-19 
0.447966 0.0351266 -2.39299e-19 
0.509005 0.178498 -7.4753e-19 
0.432591 0.0840467 -4.97671e-19 
0.215095 0.917395 0 
0.269518 1.34702 -5.71098e-19 
0.382214 1.29366 9.41658e-19 
0.987493 0.00849918 0 
0.942034 0.00584552 0 
1.0003 0.000570447 0 
1.00287 0.00929825 0 
1.00304 0.00843489 -1.61785e-18 
0.991922 0.00971496 1.22166e-18 
-0.0486846 0.838017 0 
-0.0194803 0.671817 0 
-0.119981 1.17369 0 
-0.0503902 0.940204 0 
-0.0265798 0.886979 0 
0.138764 0.211136 1.68068e-19 
0.192497 0.189456 0 
0.993519 -0.00840982 0 
0.95437 -0.00651392 0 
0.783961 0.0368711 0 
0.73557 0.0457368 0 
0.664507 -0.0332477 0 
0.953067 -0.00441224 0 
0.666304 0.0606137 0 
0.502033 -0.0207483 9.92053e-19 
-0.0363477 2.86455 4.30519e-19 
0.0423573 2.90917 0 
0.0549328 2.88451 0 
-0.00449106 2.69858 0 
-0.0133189 2.98513 6.70437e-19 
-0.018078 2.89517 0 
-0.0154175 2.98811 -2.10547e-18 
-0.0133517 2.9252 7.2487e-19 
-0.258224 1.46012 0 
-0.25845 1.62238 0 
-0.0109861 1.38297 8.19476e-21 
0.0517819 1.31157 0 
-0.030898 1.1208 0 
0.937498 -0.00777208 0 
0.855486 -0.00958604 0 
0.863945 0.00685204 0 
0.948842 -0.00807834 0 
0.883396 -0.00818064 0 
0.517511 1.13528 -5.31756e-20 
0.567425 1.1868 0 
0.367754 0.884974 1.38332e-20 
0.309879 0.744985 0 
0.926259 1.07237 -2.36077e-19 
1.03997 0.874726 4.80876e-19 
0.376084 1.38708 0 
0.537845 1.35573 0 
0.544075 1.31536 0 
0.105702 0.176894 -1.87879e-19 
0.442503 0.237781 0 
0.416286 0.127552 1.41662e-19 
1.0106 0.928942 0 
1.07772 0.77685 0 
1.10338 0.719339 -4.10035e-19 
1.13179 0.618182 0 
1.17827 0.402781 5.6492e-20 
0.957338 -0.00876216 0 
0.962276 -0.0100756 0 
0.901364 -0.00811644 0 
0.984121 -0.00920974 0 
0.97456 -0.00935113 0 
0.936974 -0.00638224 0 
1.00019 0.00231953 0 
1.00091 0.00143144 0 
0.999904 0.000844409 0 
0.0340117 2.04376 2.32067e-19 
0.121256 1.72375 0 
0.0153261 2.16254 2.74342e-19 
0.0497392 1.8427 -1.83431e-19 
0.129228 1.20158 -4.40268e-19 
0.0432193 1.08184 0 
0.115877 1.0737 0 
0.0297357 0.894443 0 
0.0154238 0.722718 0 
-0.0103431 2.18216 1.53911e-21 
0.0308448 1.98587 0 
-0.0158158 2.15426 1.12708e-19 
0.0156959 1.99795 -2.27927e-19 
0.0108383 0.859681 0 
0.00106588 0.836913 0 
-0.00137481 0.692063 0 
-0.011718 0.749986 0 
-0.0238849 0.622818 0 
0.931693 0.00729092 0 
0.839999 -0.0152741 0 
0.92372 -0.000517791 0 
0.838185 -0.0109494 0 
0.813703 0.00405459 0 
0.903719 0.0185961 0 
0.882002 0.0216454 0 
0.790427 0.00271369 0 
0.00581009 3.06492 -6.73942e-21 
0.0165203 3.05779 0 
0.0146526 2.9691 0 
0.00861949 2.87634 0 
0.927324 3.97475 0 
1.24256 3.30695 9.86814e-19 
0.0704997 3.07592 0 
-0.0279397 2.90643 0 
-0.33969 1.65962 0 
-0.339217 1.99264 0 
-0.302181 1.8231 0 
-0.105438 2.24833 -5.40219e-20 
-0.256811 2.1736 0 
-0.166796 2.12215 0 
-0.0811446 1.89396 -1.10352e-20 
-0.125292 1.91833 -9.45624e-20 
-0.138968 1.72801 -1.2147e-19 
-0.125825 1.73815 0 
0.554342 0.124098 3.66763e-19 
0.465131 0.0108116 -3.59359e-19 
0.261274 1.55198 0 
0.262789 0.692854 -2.40408e-19 
0.177182 1.63864 -8.07636e-19 
0.22598 1.16626 8.09693e-19 
0.902496 0.00669779 0 
0.96763 0.0109805 0 
0.97472 0.0107217 0 
0.923638 0.00657976 0 
-0.00310801 0.744744 0 
-0.0232219 0.77221 0 
-0.0312353 0.644431 0 
0.307691 0.250604 4.62691e-19 
0.250303 0.227142 -5.50367e-19 
0.263822 0.180871 0 
1.08183 0.0867862 6.20644e-21 
1.06477 0.0405859 0 
0.99472 0.0407176 0 
0.889706 -0.00218984 0 
0.577899 0.0952781 0 
0.607352 0.0718023 -1.59303e-18 
0.480316 -0.00168072 6.03732e-19 
0.00925742 2.9817 5.08092e-19 
-0.0322933 2.86659 4.75955e-20 
0.00366333 3.05027 -1.44569e-20 
0.0200838 3.04338 5.17266e-19 
-0.0149826 2.99656 2.39969e-20 
-0.0129633 2.94943 -9.69113e-23 
-0.0172792 3.01198 -4.5102e-19 
0.0148506 3.0239 3.26632e-19 
0.00736519 3.03686 -5.12646e-19 
0.931457 -0.00189629 0 
0.937805 -0.00369961 0 
0.84328 -0.00889243 0 
0.956907 0.0115476 0 
0.943378 0.0126052 0 
0.882092 0.00641898 0 
0.91931 0.0153475 0 
0.92725 0.0141052 0 
0.839835 0.00530822 0 
0.721889 1.41442 2.374e-19 
0.755597 1.52363 0 
0.198998 0.349883 4.09169e-20 
0.204314 0.642297 3.2992e-19 
0.253536 0.716173 -1.91515e-19 
0.27392 0.553818 3.7093e-19 
0.315902 0.749276 1.02309e-18 
0.12183 0.206488 2.63312e-19 
0.484708 0.200491 5.31291e-19 
0.464351 0.216036 1.35408e-19 
0.423575 0.108358 2.65987e-19 
1.16702 0.459923 2.13919e-19 
1.17873 0.254282 2.19808e-19 
0.012961 2.20568 7.4148e-20 
0.0424601 1.90251 0 
0.954701 0.0291884 0 
0.931094 0.0125906 0 
0.853277 -0.0149921 0 
0.0112794 3.07452 0 
0.0199333 2.94425 9.09403e-19 
0.0164512 2.95644 0 
0.0062201 2.85058 -9.02026e-19 
0.00631267 3.09199 2.17511e-19 
0.00703951 3.08223 0 
0.788887 1.82664 -2.14643e-19 
1.25037 2.50534 5.81056e-19 
0.771072 1.96645 -1.41178e-18 
0.0202887 2.98255 -3.99155e-19 
0.0359596 3.00287 0 
-0.033578 2.87927 0 
-0.0463637 2.1066 8.182e-22 
-0.0758379 2.03947 2.20334e-19 
-0.0137322 1.97066 1.93789e-21 
0.274771 1.35907 7.84961e-19 
0.215868 0.473434 -5.40092e-19 
0.0649624 1.96898 5.52267e-19 
0.138178 1.85847 -6.77853e-19 
0.176613 1.45952 8.68367e-20 
0.00587613 3.11829 -1.1679e-18 
0.0121127 3.11907 1.27758e-18 
-0.00908455 2.98062 5.96269e-19 
-0.00391783 2.97741 -5.41285e-19 
-0.0215716 2.88112 -6.07291e-19 
0.00847027 3.09911 -1.60045e-18 
0.00162784 3.1057 1.60975e-18 
0.258678 0.661908 0 
0.216421 0.6508 -6.72294e-19 
0.103037 0.219174 3.00465e-19 
0.335708 0.871372 7.8974e-19 
0.177725 0.246901 -1.21299e-18 
1.16933 0.17349 -1.72179e-20 
1.17946 0.308288 0 
1.15727 0.121108 7.62851e-20 
-0.00876084 2.20265 1.02964e-21 
0.000804916 2.21105 0 
0.0314596 1.95665 0 
0.336657 1.25884 -2.84314e-19 
0.358912 1.08137 -6.08547e-19 
0.18939 0.340861 1.06163e-18 
1.00586 -0.0108789 0 
1.00766 -0.00767744 2.97016e-19 
-0.264803 1.44531 0 
-0.266842 1.31346 0 
1.0022 0.00348693 1.78415e-21 
1.00372 0.00946125 6.08576e-19 
-0.119579 2.28127 6.77785e-20 
-0.108103 2.32585 0 
0.0364765 3.1797 2.0392e-19 
0.396783 3.49402 0 
1.13027 0.651996 2.34014e-20 
1.01301 0.0129596 -2.14667e-21 
1.02118 -0.0105047 0 
1.00172 0.000156512 8.3739e-23 
0.102341 1.35441 0 
0.145544 2.57661 0 
0.0798616 1.23767 0 
-0.000293453 2.62046 -1.19359e-19 
-0.0272034 2.58435 -1.2552e-19 
1.00534 0.0288503 2.7434e-21 
1.06058 0.000775183 0 
1.08675 0.0143971 0 
-0.32845 1.99663 0 
-0.233971 2.54357 0 
-0.139945 1.07421 0 
0.276563 1.463 -3.51932e-19 
1.01124 -0.00971763 0 
1.00935 -0.014973 0 
1.00242 0.000735971 3.79016e-19 
1.00548 -0.00484849 -4.45981e-19 
1.00117 -0.00104589 0 
-0.382921 1.80517 0 
-0.330099 1.47771 0 
-0.333154 1.67217 0 
-0.152455 1.0522 0 
-0.234477 1.16119 0 
-0.146468 1.0444 0 
1.03419 -0.00679684 0 
1.02094 0.0156218 -9.72507e-22 
0.790526 1.25534 4.34749e-19 
1.00229 0.000343044 -3.7778e-19 
1.00408 0.00523719 4.43955e-19 
1.00116 0.00203802 0 
1.01287 0.0102179 3.72729e-19 
1.00805 0.00827295 -4.5672e-19 
1.00862 0.0146699 0 
-0.221957 2.54452 0 
-0.171137 2.46043 -3.04284e-19 
-0.186595 2.44693 2.33812e-19 
1.20396 0.261151 1.41934e-19 
1.14137 0.0845368 0 
0.0461167 3.0778 -6.33828e-19 
0.0660477 2.85319 -4.86059e-20 
0.143281 3.19447 9.97743e-19 
0.138101 3.2233 -6.17148e-20 
0.136694 3.23621 0 
0.0197424 3.13777 1.49294e-19 
0.0772113 3.16096 6.20847e-19 
0.0699804 3.1872 -2.85011e-19 
0.02313 3.1292 0 
0.660797 0.305626 0 
0.576417 0.369408 0 
1.10254 0.680644 -1.19972e-19 
1.09946 0.812141 2.15901e-19 
1.15885 0.570137 0 
1.1885 0.513134 0 
1.01619 0.0132518 -6.92036e-19 
1.01498 0.0142548 8.66686e-19 
1.02507 -0.0100674 0 
1.02308 -0.0122084 0 
1.00649 0.00256228 0 
1.01038 0.00365394 0 
1.00438 0.00190314 0 
1.00978 0.00604358 0 
1.00794 0.00586419 0 
1.0045 0.00467532 0 
0.0930868 1.35039 0 
0.0867556 1.31744 0 
0.115291 1.3825 0 
0.127946 1.40583 0 
0.145089 2.59975 0 
0.187118 2.66139 -2.74662e-19 
0.104699 2.65715 0 
0.0847465 2.66053 4.60102e-20 
0.039427 2.67823 8.42179e-20 
0.10027 1.20776 0 
0.0694049 1.09456 0 
0.0595311 1.28352 0 
0.0113545 1.24183 0 
0.0118646 1.97374 1.47198e-19 
-0.0409599 2.60541 -1.72422e-19 
-0.0152233 2.66213 -1.87078e-19 
-0.0254734 2.66428 0 
-0.0640592 2.61793 3.56717e-19 
-0.0597186 2.60327 2.21924e-19 
-0.00975566 1.98337 -1.06576e-19 
-0.0424916 2.4531 2.40319e-19 
-0.0056459 2.4472 2.21051e-19 
1.01434 0.0346805 6.97643e-19 
1.00879 0.0182287 -8.59805e-19 
1.00589 0.0418549 -7.04674e-19 
0.986581 0.0230043 9.02328e-19 
1.06143 0.00511687 0 
1.04727 -0.00990173 0 
1.08606 0.0231717 0 
1.06919 0.00696618 0 
1.06572 -0.00428024 0 
1.12468 0.0742102 0 
1.09842 0.0364569 0 
1.09977 0.0276462 0 
-0.198955 2.34696 1.78293e-20 
-0.349417 2.21079 0 
-0.266934 2.22737 0 
-0.230716 2.60371 -1.68078e-19 
-0.204149 2.55519 3.6436e-21 
-0.365734 1.94855 -2.88581e-19 
-0.350403 1.81971 2.83758e-19 
-0.287033 1.42997 0 
-0.332074 1.45496 0 
-0.349401 1.49485 0 
-0.0869118 1.05627 0 
-0.0363444 0.933402 0 
0.372461 1.47596 6.56211e-19 
0.405681 1.48686 2.70147e-19 
0.593713 2.44825 -1.80476e-19 
0.405643 2.54124 5.06332e-19 
0.353863 2.08422 -1.27657e-20 
1.02083 -0.00835193 0 
1.01541 -0.00989803 0 
1.01482 -0.0156243 0 
1.00756 -0.00137535 0 
1.00499 -0.00102987 0 
1.00774 -0.00487344 0 
1.0092 -0.00387189 0 
1.01412 -0.00456735 0 
1.02164 0.0157673 6.68759e-19 
1.0183 0.0157099 -8.59696e-19 
1.02209 0.0176026 -6.71567e-19 
1.01965 0.016332 8.41521e-19 
0.758775 1.30514 0 
0.692205 1.35957 4.9277e-19 
0.868107 1.20044 2.72223e-19 
0.911264 1.1579 -3.62271e-19 
1.16049 2.61269 -2.8098e-19 
0.824005 0.0960431 3.91212e-19 
1.14134 0.102581 0 
1.18442 0.18672 -1.10809e-19 
1.16936 0.157288 -4.56021e-21 
1.00292 0.129973 0 
0.13953 2.96326 2.62915e-19 
0.116968 2.86916 -8.17836e-19 
0.0285968 2.36905 5.68958e-19 
0.0937371 0.0221593 -2.44875e-19 
0.34171 3.42299 -3.68175e-19 
0.19596 3.31524 0 
0.238399 3.35753 4.79485e-19 
0.248111 3.03619 -1.08657e-18 
0.342357 3.1949 0 
0.00694646 3.12069 3.22791e-20 
0.0180176 3.12942 -3.9552e-19 
0.0157225 3.12546 5.82147e-19 
0.0360031 3.13967 0 
0.0342356 3.15097 0 
1.21944 2.61232 0 
0.542928 0.841689 -3.33981e-19 
1.03116 0.983626 -1.37103e-19 
0.968683 1.05423 0 
0.814565 0.957868 1.19681e-21 
1.05409 0.869959 3.00382e-20 
0.371209 0.416751 -6.48468e-19 
0.702803 0.322497 -2.2248e-20 
0.689578 0.253882 2.93794e-19 
0.591902 0.397934 2.22129e-20 
0.511519 0.375242 -9.00962e-19 
0.67122 0.347302 0 
0.695101 0.431853 4.89113e-19 
0.701866 0.428955 0 
0.62883 0.384974 0 
0.609918 0.315474 0 
0.781243 0.61505 2.26552e-19 
1.20036 0.279319 -1.32791e-19 
1.1957 0.414487 0 
1.20971 0.363776 0 
0.767159 0.20032 4.34878e-19 
0.826444 0.540493 -2.55765e-19 
0.73261 0.51714 4.32224e-19 
0.924457 0.419163 -4.41203e-19 
1.01998 0.0144331 4.6159e-19 
1.01796 0.0141404 -4.67666e-19 
1.01596 0.0156591 0 
1.03559 -0.00644622 0 
1.02938 -0.00889131 -4.29694e-19 
1.02709 -0.012598 4.25317e-19 
1.02515 0.00929943 0 
1.02372 0.012971 0 
1.01141 0.003918 0 
1.01433 0.00881164 0 
1.01507 0.00370802 0 
1.01416 0.00269701 0 
0.0707236 1.33639 0 
0.0635337 1.29427 0 
0.150932 1.33936 2.29708e-19 
0.259081 1.46034 1.9812e-19 
0.15002 1.43544 4.20579e-19 
0.179863 1.44238 -6.85535e-19 
0.168951 1.37248 0 
0.122722 1.58937 1.68121e-19 
0.11271 1.56106 0 
0.350946 2.03895 1.85515e-20 
0.351862 2.36991 3.48804e-19 
0.1828 1.44097 -1.46698e-19 
0.260232 1.36234 1.39577e-19 
0.190726 1.3535 -1.11794e-19 
0.267503 1.30189 1.89893e-19 
0.232768 1.57415 0 
0.25687 1.61614 -1.10641e-19 
0.0416753 2.27184 5.8499e-20 
0.0393308 2.66999 0 
0.0630128 2.41015 -8.06583e-20 
0.0508215 2.4289 0 
0.0740431 2.67255 -5.20122e-20 
0.0497197 2.69912 0 
0.107801 1.45634 2.55202e-19 
0.0304811 1.49524 0 
0.0381748 1.39677 0 
0.108532 1.39285 -2.82672e-19 
-0.00460806 2.64739 -2.67261e-20 
0.0223728 2.69703 -1.21275e-19 
0.00745467 2.7162 -8.21015e-22 
0.0933342 1.94442 -1.99153e-19 
0.0525486 1.68389 -6.85411e-20 
0.0553584 1.07107 0 
0.0363024 0.963763 0 
0.02691 1.5748 -3.18634e-19 
0.0353152 1.44152 -3.06923e-19 
0.0490625 1.52047 3.91912e-19 
0.0296307 1.59802 0 
-0.246345 2.46429 7.81721e-19 
-0.241169 2.6181 -3.07222e-19 
-0.218807 2.58192 8.18009e-20 
0.0323302 1.97648 2.40863e-19 
-0.0973893 2.5643 1.00028e-19 
-0.0463126 2.495 -3.01731e-19 
1.02064 0.0202075 -4.56595e-19 
1.01767 0.0252195 4.58679e-19 
1.01478 0.0166155 0 
1.01864 0.0615628 6.47124e-19 
0.996782 0.0532157 -7.44173e-19 
0.959677 0.0374808 8.448e-19 
1.01759 0.0925616 -8.53246e-20 
1.04189 -0.00639329 0 
1.04953 -0.00263186 3.98794e-19 
1.03811 -0.0106524 -3.99241e-19 
1.06686 0.0330081 -2.28789e-20 
1.06137 0.0164351 2.00151e-19 
1.06167 0.0444246 0 
1.057 0.038226 -7.30321e-20 
1.03387 0.0365055 0 
1.02776 0.0338256 0 
1.02758 0.0122782 0 
1.02437 0.0152212 0 
1.0397 0.0270692 1.5128e-19 
1.03784 0.0224795 -3.39228e-19 
1.05157 0.0264032 -1.57646e-19 
1.04891 0.0262353 -1.76245e-19 
1.07244 0.05155 3.32649e-19 
1.08631 0.0427888 0 
1.09327 0.090152 0 
-0.270016 2.46499 3.27371e-19 
-0.333323 2.23763 2.59827e-20 
-0.318984 2.28875 0 
-0.254131 2.48586 -3.21996e-19 
-0.230733 2.39285 -4.36778e-20 
-0.210667 2.46033 6.3599e-20 
-0.102383 2.62283 -1.80768e-19 
-0.164999 2.6187 1.9159e-20 
-0.132279 2.57587 -7.3913e-20 
-0.169265 2.62388 1.1936e-19 
-0.115711 2.58498 -1.45611e-19 
-0.295005 1.70269 -1.92397e-20 
-0.295711 1.99405 -4.74632e-19 
0.362809 1.41076 -3.19004e-19 
0.360211 1.3521 -2.67487e-19 
0.640189 1.40601 -4.76691e-19 
0.507397 1.47224 -2.61716e-19 
0.5576 1.44714 0 
0.589599 2.42272 1.50166e-19 
0.656698 2.41261 2.59584e-19 
0.411116 2.51752 8.04054e-20 
0.404919 2.55706 -3.0103e-19 
0.515526 2.5111 3.6597e-19 
0.547758 2.4617 0 
0.488235 2.51155 -4.16199e-19 
0.246836 2.58968 7.6557e-19 
0.352839 2.56605 -8.09573e-20 
0.284587 2.64907 -1.10955e-18 
0.93381 2.38521 3.94677e-19 
0.829683 2.38658 0 
1.01106 0.000152002 1.52125e-20 
1.01522 -0.00551616 -1.23226e-20 
1.01742 -0.00364005 -2.24167e-19 
1.01479 -0.00112052 2.25602e-19 
1.01228 0.000740259 0 
0.626272 1.27281 0 
0.645523 1.16366 0 
0.747407 1.0683 0 
0.638076 1.13325 0 
1.18784 2.62875 5.72626e-20 
1.07831 2.37226 0 
0.845586 2.2036 -4.87053e-24 
0.82751 2.46849 0 
0.921987 2.55548 -1.12942e-19 
0.958884 2.5096 7.5268e-20 
0.835947 0.145645 0 
0.804661 0.136184 1.10021e-19 
0.925629 0.121708 5.97274e-19 
0.853515 0.119576 -2.32764e-19 
0.835864 0.0608116 -7.01972e-19 
1.05791 0.221777 -4.61239e-19 
0.976844 0.274623 -1.57078e-20 
0.909219 0.271139 5.51253e-19 
0.99231 0.203442 4.33904e-19 
0.944946 0.161589 -7.72944e-19 
0.916155 0.17027 9.83465e-20 
0.94238 0.232971 -2.01396e-19 
0.920715 0.192862 0 
0.988151 0.163295 3.76252e-19 
1.03512 0.170045 0 
1.03019 0.196365 0 
1.09014 0.1117 1.4907e-19 
1.06178 0.161717 -1.34093e-20 
1.05218 0.225617 -8.21677e-20 
1.08525 0.195404 0 
1.02486 0.0410678 3.50353e-19 
1.04482 0.0496068 4.26102e-19 
1.03539 0.0375835 -3.48024e-19 
1.04715 0.055279 -2.86163e-19 
1.02173 0.0641958 -4.55329e-19 
0.988433 0.133245 0 
1.00362 0.0873886 0 
0.973217 0.0517755 -3.03353e-19 
0.92606 0.0671746 1.22762e-19 
1.04155 0.0897199 3.98648e-19 
1.0656 0.111925 -4.40483e-19 
1.06929 0.141184 3.98049e-19 
1.03225 0.128919 0 
1.07286 0.097546 0 
1.05973 0.0777425 -1.81146e-19 
1.05126 0.0850417 -3.23166e-19 
0.588469 1.09059 -1.86639e-20 
0.620097 1.41967 1.2015e-19 
1.16046 2.74453 -5.896e-21 
1.22648 3.08479 -4.70075e-20 
1.25172 2.72709 3.39534e-19 
1.2824 2.71055 -2.41262e-19 
1.2108 2.35155 -9.49807e-21 
1.21362 2.98911 1.00734e-19 
1.23271 2.95452 -6.85844e-20 
1.21766 3.23856 -2.27846e-19 
1.37878 2.97101 3.15192e-19 
1.36992 2.88926 0 
0.544486 0.848739 -2.52652e-20 
0.142637 1.26468 4.36077e-19 
0.525551 0.47287 4.24728e-19 
0.361317 0.228223 4.62114e-19 
0.530326 0.40546 5.06636e-19 
0.53904 0.491337 -8.08901e-19 
0.541553 0.495955 6.62457e-19 
0.495795 0.422598 -2.56541e-19 
0.426573 0.363304 5.88338e-19 
0.768799 0.256535 -2.4593e-19 
0.728623 0.290763 0 
0.725636 0.228925 1.00325e-20 
0.712412 0.516581 2.53926e-19 
0.682526 0.490998 -9.32104e-19 
0.603232 0.488898 1.64177e-20 
0.620858 0.47528 0 
0.670652 0.736385 2.30841e-19 
0.811907 0.767765 1.69078e-19 
0.741793 0.850029 -2.03215e-19 
0.854869 0.800404 -6.35843e-20 
0.886372 0.838409 -3.12776e-21 
0.894788 0.840579 3.20195e-21 
0.820735 0.642569 -3.80574e-19 
0.898917 0.693681 5.90591e-20 
0.956486 0.70562 0 
0.945216 0.681233 -7.68712e-20 
1.00273 0.316017 1.13731e-19 
1.11297 0.288144 9.95018e-20 
1.04222 0.258721 1.88483e-19 
0.982163 0.349053 -2.41259e-19 
1.02598 0.415581 0 
1.08088 0.403813 0 
0.897514 0.350645 4.88856e-21 
0.837341 0.285765 0 
0.857132 0.274405 2.71655e-19 
0.893262 0.277573 -6.37356e-21 
0.915817 0.422255 1.21931e-18 
0.872786 0.484116 3.12467e-19 
0.878048 0.44907 -3.6208e-19 
0.809091 0.436685 3.88491e-19 
0.791271 0.432935 2.48196e-19 
0.761577 0.417971 -2.43766e-19 
1.02749 -0.000591202 3.69257e-19 
1.0202 -0.000158716 0 
1.0186 0.000705553 2.41836e-19 
1.02106 -0.00214574 -5.4591e-19 
1.02235 0.00422409 2.6564e-19 
1.02043 0.0107916 -5.56575e-19 
1.02142 0.0101988 0 
1.02091 0.0104026 -1.16711e-19 
1.01612 0.00739345 2.92758e-19 
1.01682 0.0101615 -1.4622e-19 
1.01747 0.00951184 1.07628e-19 
0.0581832 1.31352 0 
0.0473509 1.36794 0 
0.0493385 1.32169 0 
0.0326601 1.2736 0 
0.0718645 1.37168 -5.00084e-19 
0.0873689 1.34073 1.58429e-19 
0.103563 1.50366 1.06869e-19 
0.0944241 1.33714 -1.18058e-19 
0.0304932 1.45665 3.03769e-19 
0.0303814 1.44721 -2.34687e-19 
0.0587745 1.3565 -5.38213e-21 
0.0523758 1.35967 3.09879e-19 
0.0491353 1.34083 4.52297e-20 
0.0308039 1.37954 4.06357e-20 
0.102063 2.38631 9.21677e-20 
0.0951298 2.42944 0 
0.160816 2.06671 6.2805e-21 
0.101674 1.7066 -6.23854e-20 
0.226633 2.06077 -5.27441e-21 
0.21084 2.4565 0 
0.268853 2.40982 -2.57905e-19 
0.302459 2.40993 1.84074e-19 
0.228997 2.02122 -1.28553e-20 
0.147141 2.18671 4.31135e-20 
0.143758 2.3083 0 
0.0251815 1.87556 3.25991e-19 
-0.00469703 2.40591 2.88583e-19 
-0.038268 2.15262 0 
-0.000972491 2.46431 -1.36787e-20 
0.0274881 2.31574 -1.44596e-19 
0.131162 1.43985 -5.59679e-20 
0.149323 1.35062 9.6661e-19 
0.103292 1.41164 -3.22286e-19 
0.129085 1.4719 -2.6624e-19 
0.124972 1.49204 0 
0.100766 1.37689 0 
-0.0645152 1.01915 -4.10118e-19 
0.01306 1.24117 1.30955e-19 
0.0916466 1.30733 0 
0.000688364 0.98951 -2.89683e-19 
-0.0173098 0.901629 5.8994e-19 
1.04016 0.0108113 0 
1.04608 0.00690338 -3.73889e-20 
1.03867 0.0201727 -2.71608e-19 
1.04739 0.017533 0 
1.05211 0.0171852 0 
1.03537 0.0104471 -6.37974e-21 
1.03127 0.0106036 4.40962e-19 
1.0311 0.0152274 5.35473e-19 
1.02616 0.0189925 0 
1.02365 0.0198297 0 
1.03475 0.0226668 2.72115e-19 
1.02569 0.0248067 0 
1.02557 0.0237361 0 
-0.0927594 2.28316 0 
-0.225834 2.08279 -2.39472e-20 
-0.196227 2.19292 -1.70987e-19 
0.0202613 1.25715 0 
-0.122344 1.84438 -2.99626e-19 
-0.127238 1.54542 1.80124e-19 
-0.0731621 1.23215 0 
0.394167 1.69363 0 
0.360488 1.27845 4.33829e-19 
0.303725 1.33599 0 
0.415471 1.27678 -5.87314e-19 
0.459629 1.44498 0 
0.44051 1.38727 2.80388e-19 
1.03142 2.69963 -7.92442e-21 
0.957116 2.4177 -4.97286e-19 
0.902556 2.1842 5.67719e-19 
0.84212 2.37939 1.58434e-19 
0.844694 2.51383 0 
0.914337 2.50768 0 
0.917182 2.37901 0 
0.89488 2.3621 -6.0855e-19 
0.692909 2.48761 -1.28832e-19 
0.801397 2.47923 -3.88374e-20 
0.812921 2.4503 2.97252e-20 
0.690619 2.3906 0 
0.794527 2.38917 0 
0.753806 2.39967 -2.70958e-19 
0.7696 2.50353 0 
0.610326 1.08441 0 
0.492296 0.934961 -1.68645e-19 
0.558093 0.964915 -1.14704e-20 
0.529631 1.06755 0 
0.530275 1.01811 2.54732e-19 
0.765139 0.87076 -3.32004e-20 
0.773648 1.00711 0 
0.747915 0.962353 1.82797e-20 
0.641569 1.02574 0 
0.64377 0.939224 0 
1.16625 2.76668 -3.64474e-20 
1.14484 2.83012 5.2424e-20 
0.936987 2.35407 -1.59892e-19 
0.903711 2.33269 -2.35374e-21 
1.13051 2.74151 0 
1.08254 2.71253 3.01698e-21 
1.08982 2.49412 -1.5627e-19 
0.985122 2.23715 -3.06843e-20 
0.502872 1.37186 0 
0.516174 1.08282 1.64797e-20 
0.550048 1.15153 0 
0.860331 0.214757 0 
0.812102 0.170185 0 
0.770761 0.149939 0 
0.853359 0.222481 -4.27438e-19 
0.788092 0.214526 2.58721e-19 
0.935354 0.0546339 -2.52531e-19 
0.950845 0.101487 0 
0.925695 0.106844 1.11048e-19 
0.877146 0.0845425 4.49579e-19 
0.860194 0.0463146 -2.78666e-19 
1.16476 3.36399 -8.96549e-19 
1.21253 3.28316 0 
1.16303 3.39198 -1.78982e-18 
0.64969 3.5526 1.53148e-18 
0.875239 3.11946 2.75688e-19 
0.519268 0.86042 3.55212e-19 
0.440493 0.857893 0 
0.342366 0.50578 -1.05426e-19 
0.444097 0.688793 5.41542e-19 
0.528096 0.477232 -1.41984e-19 
0.504439 0.525628 1.63832e-19 
0.649079 0.543539 3.48463e-19 
0.678979 0.56425 0 
0.630682 0.624427 0 
0.587843 0.564196 0 
0.951774 0.591922 -3.8588e-21 
0.875229 0.533261 -3.03284e-19 
0.89937 0.565701 1.92338e-19 
0.934367 0.501695 -2.2934e-19 
1.03761 0.474612 0 
1.04591 0.563629 -3.73679e-20 
0.83491 0.387834 -5.575e-19 
0.839381 0.372977 -6.62744e-19 
0.789356 0.382484 4.35957e-19 
0.782118 0.3542 -4.70937e-19 
0.836338 0.312689 -3.55659e-19 
0.791902 0.30935 4.37443e-19 
1.02647 0.00545202 -2.75914e-19 
1.02625 0.00558847 5.57478e-19 
1.02939 -0.000633335 3.54791e-19 
1.03305 6.03532e-05 -4.26713e-19 
1.03316 0.00800492 0 
1.02982 0.00853083 -6.90029e-19 
0.0444649 1.64834 -3.30614e-20 
0.0335456 1.5732 0 
0.0891975 1.6992 -3.19401e-19 
0.0826042 1.68008 2.97169e-19 
0.0956608 1.53125 -2.0051e-19 
0.0836045 1.49881 0 
0.144812 1.90136 0 
0.101479 1.58413 1.26913e-19 
0.0851118 1.43545 -1.1361e-19 
0.0107362 1.71582 2.40062e-20 
-0.0384963 2.1765 2.17642e-19 
-0.00943198 2.15447 -7.67273e-20 
0.495935 1.38017 2.0355e-19 
0.489224 1.38567 -2.16782e-19 
0.437076 1.27554 2.81875e-19 
0.432722 1.29365 -1.53441e-20 
0.621177 1.28779 0 
0.536563 1.37431 3.97076e-19 
0.55243 1.38356 -3.86518e-19 
0.44329 1.26402 -2.71744e-19 
0.497702 1.21893 0 
0.553237 1.18888 0 
0.659531 2.44669 1.89303e-19 
0.669328 2.47612 7.54098e-19 
0.717673 2.49201 -5.18852e-19 
0.62195 2.47414 -1.4634e-19 
0.563042 2.56581 1.54489e-19 
0.512572 2.53777 -4.33065e-19 
0.971626 2.38193 -3.11675e-19 
1.0116 2.39894 0 
0.916667 2.16452 -3.82303e-19 
1.05136 2.69304 0 
1.05352 2.68014 0 
0.616527 2.27877 1.12726e-19 
1.04561 3.16605 3.6365e-19 
0.91653 3.036 -2.93822e-19 
0.2851 0.927045 0 
0.324784 0.788402 -2.097e-19 
0.484514 0.743959 -1.57433e-19 
0.391379 2.02687 0 
0.468929 2.78761 -1.91938e-19 
0.425483 2.55199 0 
0.679977 0.687665 -4.84316e-19 
0.756233 0.678266 6.42991e-19 
0.774409 0.624362 -6.3276e-19 
0.657906 0.653971 -6.69866e-20 
0.711026 0.601464 -2.76332e-19 
1.00833 2.77024 -2.76509e-19 
1.04408 2.82541 1.38489e-19 
0.642709 2.15686 2.81219e-19 
0.602695 1.72374 -2.20783e-19 
0.705285 1.9148 -5.99939e-20 
0.994371 2.45375 -8.3354e-20 
0.997893 2.44635 -1.17813e-20 
0.666657 1.85374 5.98626e-21 
0.460648 1.34551 -5.18835e-21 
))
(300 (2 10 3 0 0 919 1018)(
0 0 0 
0 0 0 
0 0 0 
0 0 0 
0 0 0 
0 0 0 
0 0 0 
0 0 0 
0 0 0 
0 0 0 
0 0 0 
0 0 0 
0 0 0 
0 0 0 
0 0 0 
0 0 0 
0 0 0 
0 0 0 
0 0 0 
0 0 0 
0 0 0 
0 0 0 
0 0 0 
0 0 0 
0 0 0 
0 0 0 
0 0 0 
0 0 0 
0 0 0 
0 0 0 
0 0 0 
0 0 0 
0 0 0 
0 0 0 
0 0 0 
0 0 0 
0 0 0 
0 0 0 
0 0 0 
0 0 0 
0 0 0 
0 0 0 
0 0 0 
0 0 0 
0 0 0 
0 0 0 
0 0 0 
0 0 0 
0 0 0 
0 0 0 
0 0 0 
0 0 0 
0 0 0 
0 0 0 
0 0 0 
0 0 0 
0 0 0 
0 0 0 
0 0 0 
0 0 0 
0 0 0 
0 0 0 
0 0 0 
0 0 0 
0 0 0 
0 0 0 
0 0 0 
0 0 0 
0 0 0 
0 0 0 
0 0 0 
0 0 0 
0 0 0 
0 0 0 
0 0 0 
0 0 0 
0 0 0 
0 0 0 
0 0 0 
0 0 0 
0 0 0 
0 0 0 
0 0 0 
0 0 0 
0 0 0 
0 0 0 
0 0 0 
0 0 0 
0 0 0 
0 0 0 
0 0 0 
0 0 0 
0 0 0 
0 0 0 
0 0 0 
0 0 0 
0 0 0 
0 0 0 
0 0 0 
0 0 0 
))
(300 (2 11 3 0 0 1019 1026)(
1 0 0 
1 0 0 
1 0 0 
1 0 0 
1 0 0 
1 0 0 
1 0 0 
1 0 0 
))
(300 (2 12 3 0 0 1027 1030)(
0 3 0 
0 3 0 
0 3 0 
0 3 0 
))
(300 (2 13 3 0 0 1031 1038)(
-0.051603 1.32581 0 
0.0115693 1.35337 1.32215e-19 
-0.158757 1.46314 0 
-0.0175215 2.21329 0 
-0.258581 2.05184 0 
-0.25845 1.62238 0 
-0.302181 1.8231 0 
-0.166796 2.12215 0 
))
(300 (2 14 3 0 0 1039 1072)(
0 0 0 
0 0 0 
0 0 0 
0 0 0 
0 0 0 
0 0 0 
0 0 0 
0 0 0 
0 0 0 
0 0 0 
0 0 0 
0 0 0 
0 0 0 
0 0 0 
0 0 0 
0 0 0 
0 0 0 
0 0 0 
0 0 0 
0 0 0 
0 0 0 
0 0 0 
0 0 0 
0 0 0 
0 0 0 
0 0 0 
0 0 0 
0 0 0 
0 0 0 
0 0 0 
0 0 0 
0 0 0 
0 0 0 
0 0 0 
))
(300 (2 15 3 0 0 1073 1072)(
))
