(0 "FOAM to Fluent data File")

(33 (918 3444 1074))
(300 (1 1 1 0 0 1 918)(
0.597644
1.24932
0.00588788
0.596992
-0.00460967
1.21638
-0.457907
0.759851
0.577796
-0.0507619
0.00947872
0.573154
1.07684
0.843187
-1.08547
0.0325659
0.710221
-0.336337
0.576822
0.0237095
0.796379
0.584377
0.587407
0.577993
0.641116
0.824187
0.957639
0.0159531
0.000834783
-0.00311135
0.00635526
-0.0166475
0.00458196
1.10003
1.15112
1.17379
0.546055
0.3713
-0.319966
-0.389021
-0.380022
-0.504169
0.752531
0.75388
-0.132434
0.761431
0.770466
0.564971
0.577157
0.578049
0.579135
0.578087
0.57948
0.45392
-0.0554178
-0.0873444
-0.0312744
-0.0208095
0.100436
0.0110738
0.0108946
0.0147477
0.0133912
0.496884
0.568869
0.566098
0.578207
0.586678
1.18887
1.16079
1.18693
1.10056
1.1171
1.05483
1.02746
0.863685
0.885265
0.828446
0.817523
-1.5236
-2.48657
-0.489294
-0.234876
-0.000116509
0.0347036
0.0452651
0.701368
0.699499
0.711552
0.723455
1.12492
-0.331225
-0.448567
0.576942
0.575737
0.584133
0.584829
0.580843
0.579936
0.027604
0.0274331
0.0173116
0.0206247
0.0206156
0.785688
0.783704
0.578533
0.575551
0.59403
0.614829
0.606785
0.328123
0.644978
0.657034
0.646454
0.814351
0.808341
0.817193
0.931087
0.894514
0.994979
1.0181
0.0127711
0.00383204
0.0255059
0.00767478
0.0148952
0.54199
0.534741
0.560987
0.54941
0.551852
0.287125
0.152267
0.456692
0.481712
-0.23214
-0.293076
-0.388481
-0.41065
-0.516589
0.644861
0.74317
0.742329
-0.152339
-0.0755694
-0.207641
-0.00289092
-0.0625654
0.555376
0.562282
0.557334
0.572742
0.56724
0.569191
0.581394
0.578468
0.580028
0.517445
0.641633
0.380082
0.344919
-0.197094
-0.106234
-0.199415
-0.00853086
-0.00399786
0.119112
0.144763
0.0905957
0.083496
0.00372214
0.0099425
0.00827795
0.0143532
0.0176651
0.490086
0.479441
0.509157
0.516523
0.559168
0.560321
0.563551
0.562053
0.978257
1.00049
1.00814
0.982012
-3.48832
-6.29267
0.0946656
0.233572
0.00673906
0.00934242
0.00470016
0.0163197
0.00814691
0.00348689
0.0609538
0.0501033
0.0421996
0.0531344
0.686521
0.686005
1.04343
1.04362
1.02551
0.975393
0.565018
0.567144
0.572707
0.568554
0.0210475
0.0269262
0.0263627
0.771398
0.779431
0.777803
0.291254
0.204408
0.377011
0.404804
0.674534
0.660769
0.672354
0.707108
0.743947
1.02547
1.04376
1.04202
1.05052
1.09461
1.11107
1.07632
0.5221
0.531712
0.526844
0.564191
0.56189
0.56284
0.558338
0.559808
0.557598
0.000258769
-0.383371
0.532064
0.550022
0.530309
0.536646
0.724609
0.801326
0.724261
0.734226
0.732342
0.0624837
0.00577544
0.302076
0.269834
0.43184
0.467005
0.446675
0.949324
0.909989
0.959996
0.933284
0.894827
0.920193
-0.334908
-1.84901
-0.959879
0.5886
0.399649
0.488057
0.0631435
0.0582333
0.0496799
1.03814
1.11599
0.697399
0.865882
0.873513
0.783112
0.813387
0.867601
0.793774
0.827912
0.862682
0.844044
0.601015
0.544586
0.55562
0.871106
0.927138
0.177975
0.122844
0.078109
0.162162
0.221394
0.192347
1.07936
0.983272
1.05499
0.575302
0.576001
0.0241518
0.035459
0.580156
0.580205
0.00426912
0.00962071
0.470999
-0.795222
0.166143
0.568637
0.558834
0.575806
-0.0338875
0.41028
0.0121121
0.105397
0.0542541
0.571133
0.507335
0.468084
0.0387738
0.0296008
0.0224941
-0.161389
0.572973
0.571283
0.575266
0.576243
0.576904
0.0305741
0.0307215
0.0280349
0.0284027
0.0287588
0.0273839
0.540354
0.557886
-0.116623
0.575399
0.577522
0.577339
0.570519
0.576204
0.574414
0.0415188
0.0120033
0.0233938
0.275274
0.397971
0.717801
0.811892
0.684516
0.457322
0.218631
0.617305
0.683021
0.585485
0.743649
0.735999
0.754729
0.230261
0.0825687
0.23815
0.179238
0.566505
0.565164
0.557096
0.55418
0.570647
0.568759
0.573323
0.570307
0.573275
0.57467
0.00539041
-0.01683
-0.0303929
-0.0931638
0.366503
0.627352
0.30436
0.33458
0.196724
0.0148391
0.0162836
0.0145019
0.00950891
0.0536508
0.0379731
0.0974826
0.0993974
0.0745339
0.0526465
0.0457696
0.0386389
0.0357507
0.564544
0.562791
0.569263
0.577865
0.516651
0.520408
0.486565
0.506425
0.492374
0.433096
0.467469
0.443063
0.0258453
0.044972
0.0189522
0.0296851
0.0281802
0.0415668
0.0377338
0.0369233
0.0360129
0.0336799
0.0265979
0.0260928
-0.121143
-0.235248
1.03066
0.965303
0.175669
0.562157
0.568584
0.565367
0.570168
0.5733
0.574142
0.571891
0.568466
0.558418
0.56015
0.556651
0.557334
-0.0543892
-0.189501
-0.0178213
-0.0865821
0.181169
0.666997
0.410187
0.349839
0.344527
0.56666
0.971635
0.76583
0.757073
0.778542
-0.299469
0.0973819
-0.232496
0.387255
0.209021
0.714906
0.765735
0.788829
0.735459
0.686964
-0.0697406
0.591981
-0.00834877
0.0379734
0.232414
0.12144
0.75805
0.719485
0.725254
0.743277
0.762685
0.725272
0.706302
0.701998
0.738922
0.742394
0.543437
0.307599
0.261855
0.222719
0.702047
0.583421
0.640171
0.551894
0.561477
0.564234
0.562827
0.545093
0.552468
0.548165
0.554073
0.557362
0.566387
0.566749
0.56214
0.564334
0.00288877
0.00126044
0.0218584
-0.0854647
-0.0756132
-0.134954
-0.0156239
0.123679
0.0854745
0.282626
0.387591
0.100743
-0.0147716
0.014962
0.0484163
0.227125
0.252128
0.125851
0.215402
0.200715
0.186457
0.288202
0.294311
0.0283439
0.0224037
0.0251436
0.0227682
0.0755167
0.145567
0.155638
0.0491698
0.0428578
0.0167776
0.0141082
0.0282509
0.0275712
0.028308
0.0667549
-0.0237319
0.0256537
0.0489094
0.0534744
0.0472569
0.0433507
0.557373
0.559279
0.559137
0.567129
0.583941
0.599524
0.558089
0.538345
0.529297
0.532277
0.505912
0.515905
0.51157
0.525086
0.545253
0.5543
0.552258
0.554865
0.537957
0.539452
0.526322
0.530189
0.506003
0.487889
0.476378
0.0216535
0.0562783
0.0611545
0.0179802
0.0517127
0.0354902
0.0465572
0.063061
0.0459359
0.0383176
0.0345143
0.0383851
0.0396025
-0.027663
0.0529181
-0.138048
-0.171952
-0.243724
0.934934
1.05517
0.857935
0.633898
0.64847
0.887136
0.973146
0.595805
0.781624
0.805163
0.617962
0.887059
0.566973
0.56658
0.564177
0.563661
0.564903
0.0343996
0.135576
0.144193
0.198717
0.312803
0.425913
0.350048
0.228452
0.361475
0.365356
0.662251
0.677163
0.627695
0.65035
0.648827
0.475202
0.55369
0.607647
0.560922
0.608253
0.630638
0.590789
0.621446
0.567631
0.523496
0.521109
0.469315
0.49098
0.468493
0.450045
0.556595
0.53444
0.54452
0.535562
0.555072
0.579512
0.575672
0.605941
0.617136
0.539431
0.497712
0.507611
0.536305
0.497494
0.511568
0.527255
0.263253
0.162078
0.247491
-0.0434251
0.0372312
0.022278
-0.024873
0.0205433
0.306253
-0.391242
-0.364112
-0.996792
0.531341
1.00175
0.711024
0.683835
0.758693
0.73734
0.740789
0.764031
0.77042
0.692067
0.710503
0.713632
0.672004
0.695275
0.718931
0.716259
0.56505
0.43759
0.430166
0.388
0.261294
0.296084
0.498204
0.420486
0.346322
0.349169
0.511785
0.399687
0.466168
0.505046
0.436859
0.391871
0.596301
0.661807
0.651702
0.626221
0.544022
0.557954
0.582887
0.618698
0.645682
0.677824
0.553805
0.559622
0.560889
0.558376
0.555599
0.558521
0.558654
0.561184
0.561991
0.564922
0.563917
0.0134963
0.0251238
0.0132631
0.00525423
0.0320682
0.0269138
0.0718999
0.0585695
0.0441669
0.0508059
0.0245951
0.020649
0.0268881
0.0354401
0.145974
0.159562
0.144009
0.104622
0.294712
0.42604
0.496396
0.373556
0.267109
0.290492
0.313745
0.0369441
0.0658909
0.0510172
0.0932459
0.0841483
0.0244043
0.0240127
0.0249744
0.0262253
0.0372261
0.0209617
0.0274919
0.0331021
0.0228842
0.0227628
0.0254429
0.540536
0.53404
0.535364
0.529402
0.528281
0.542119
0.546398
0.548213
0.553549
0.555545
0.546047
0.551514
0.555066
0.0463099
0.0316095
0.0175864
0.039932
0.039262
0.0395635
0.0384073
0.163759
0.0933531
0.0994091
0.0517498
-0.0768097
-0.0188616
0.525475
0.522228
0.517821
0.756196
0.606892
0.525055
0.620357
0.726939
0.313503
0.51204
0.345422
0.92658
0.819759
0.965915
0.582424
0.277811
0.432804
0.483613
0.291678
0.363952
0.369833
0.258226
0.290042
0.322078
0.423159
0.299705
0.274124
0.0321677
0.219951
0.336802
0.317801
0.445712
0.50778
0.297213
0.2168
0.172817
0.653971
0.67314
0.692534
0.662806
0.687125
0.616093
0.605319
0.623111
0.631477
0.6278
-0.725034
-0.433001
-1.37664
-0.691258
-0.241492
0.561232
0.52422
0.80461
0.690685
0.754321
0.739063
0.697497
0.663459
0.676908
0.708799
0.405168
0.516513
0.490675
0.496576
0.397295
0.330119
0.631162
0.625098
0.66129
0.685344
0.652408
0.685454
0.551568
0.55119
0.550908
0.547311
0.545566
0.547732
0.109556
0.0789468
0.113764
0.0938065
0.0715957
0.0605549
0.0496057
0.0428113
0.039256
0.0373228
0.0436101
0.045294
0.203971
0.146165
0.0697497
0.100236
0.0380155
-0.0285988
-0.0471911
0.0548002
0.147601
0.137846
0.445069
0.696336
0.517498
0.68641
0.526348
0.581854
0.508328
0.500834
0.527767
0.415055
0.495148
0.261116
-0.242698
-0.15104
0.819483
0.837529
0.618993
0.433397
0.204384
0.393289
0.590738
0.526187
0.564812
0.633733
0.625434
0.0462705
0.112993
0.372992
0.60053
0.267978
0.26027
0.254868
0.429232
0.353722
))
(300 (1 10 1 0 0 919 1018)(
0.597644
1.24932
0.00588788
0.596992
1.21638
-0.457907
0.759851
-0.0507619
0.00947872
0.573154
1.07684
0.843187
-1.08547
0.710221
-0.336337
0.576822
0.0237095
0.796379
0.577993
0.641116
0.824187
0.957639
0.0159531
1.10003
0.546055
-0.389021
-0.504169
0.75388
-0.132434
0.770466
0.564971
-0.0873444
-0.0208095
0.0108946
0.0133912
0.496884
0.566098
0.586678
1.1171
1.02746
0.885265
0.817523
-2.48657
-0.234876
0.699499
0.723455
-0.448567
0.575737
0.579936
0.0274331
0.0206156
0.783704
0.575551
0.606785
0.328123
0.657034
0.646454
0.817193
0.894514
1.0181
0.534741
0.560987
0.551852
-0.293076
-0.516589
0.742329
-0.207641
-0.0625654
0.557334
0.569191
-0.199415
-0.00399786
0.00827795
0.0176651
0.479441
0.516523
0.559168
0.562053
0.982012
0.233572
0.686005
0.565018
0.568554
0.0263627
0.777803
0.204408
0.404804
0.672354
0.743947
1.05052
0.526844
0.56284
0.557598
0.732342
0.00577544
0.446675
0.933284
0.488057
0.827912
0.078109
))
(300 (1 11 1 0 0 919 926)(
0.597644
0.596992
0.577796
0.584377
0.578049
0.57948
0.584133
0.580028
))
(300 (1 12 1 0 0 919 922)(
1.24932
1.21638
1.17379
1.18693
))
(300 (1 13 1 0 0 919 926)(
0
0
0
0
0
0
0
0
))
(300 (1 14 1 0 0 919 952)(
-0.00460967
0.0325659
0.00458196
0.3713
0.45392
0.100436
0.0452651
1.12492
0.0148952
0.152267
0.481712
0.644861
0.641633
0.344919
0.144763
0.083496
-6.29267
0.0609538
0.0531344
1.04362
0.975393
-0.383371
0.532064
0.536646
0.801326
0.269834
-0.959879
0.0496799
1.11599
0.873513
0.55562
0.927138
0.192347
1.05499
))
(300 (1 15 1 0 0 919 2754)(
0.597644
0.597644
1.24932
1.24932
0.00588788
0.00588788
0.596992
0.596992
-0.00460967
-0.00460967
1.21638
1.21638
-0.457907
-0.457907
0.759851
0.759851
0.577796
0.577796
-0.0507619
-0.0507619
0.00947872
0.00947872
0.573154
0.573154
1.07684
1.07684
0.843187
0.843187
-1.08547
-1.08547
0.0325659
0.0325659
0.710221
0.710221
-0.336337
-0.336337
0.576822
0.576822
0.0237095
0.0237095
0.796379
0.796379
0.584377
0.584377
0.587407
0.587407
0.577993
0.577993
0.641116
0.641116
0.824187
0.824187
0.957639
0.957639
0.0159531
0.0159531
0.000834783
0.000834783
-0.00311135
-0.00311135
0.00635526
0.00635526
-0.0166475
-0.0166475
0.00458196
0.00458196
1.10003
1.10003
1.15112
1.15112
1.17379
1.17379
0.546055
0.546055
0.3713
0.3713
-0.319966
-0.319966
-0.389021
-0.389021
-0.380022
-0.380022
-0.504169
-0.504169
0.752531
0.752531
0.75388
0.75388
-0.132434
-0.132434
0.761431
0.761431
0.770466
0.770466
0.564971
0.564971
0.577157
0.577157
0.578049
0.578049
0.579135
0.579135
0.578087
0.578087
0.57948
0.57948
0.45392
0.45392
-0.0554178
-0.0554178
-0.0873444
-0.0873444
-0.0312744
-0.0312744
-0.0208095
-0.0208095
0.100436
0.100436
0.0110738
0.0110738
0.0108946
0.0108946
0.0147477
0.0147477
0.0133912
0.0133912
0.496884
0.496884
0.568869
0.568869
0.566098
0.566098
0.578207
0.578207
0.586678
0.586678
1.18887
1.18887
1.16079
1.16079
1.18693
1.18693
1.10056
1.10056
1.1171
1.1171
1.05483
1.05483
1.02746
1.02746
0.863685
0.863685
0.885265
0.885265
0.828446
0.828446
0.817523
0.817523
-1.5236
-1.5236
-2.48657
-2.48657
-0.489294
-0.489294
-0.234876
-0.234876
-0.000116509
-0.000116509
0.0347036
0.0347036
0.0452651
0.0452651
0.701368
0.701368
0.699499
0.699499
0.711552
0.711552
0.723455
0.723455
1.12492
1.12492
-0.331225
-0.331225
-0.448567
-0.448567
0.576942
0.576942
0.575737
0.575737
0.584133
0.584133
0.584829
0.584829
0.580843
0.580843
0.579936
0.579936
0.027604
0.027604
0.0274331
0.0274331
0.0173116
0.0173116
0.0206247
0.0206247
0.0206156
0.0206156
0.785688
0.785688
0.783704
0.783704
0.578533
0.578533
0.575551
0.575551
0.59403
0.59403
0.614829
0.614829
0.606785
0.606785
0.328123
0.328123
0.644978
0.644978
0.657034
0.657034
0.646454
0.646454
0.814351
0.814351
0.808341
0.808341
0.817193
0.817193
0.931087
0.931087
0.894514
0.894514
0.994979
0.994979
1.0181
1.0181
0.0127711
0.0127711
0.00383204
0.00383204
0.0255059
0.0255059
0.00767478
0.00767478
0.0148952
0.0148952
0.54199
0.54199
0.534741
0.534741
0.560987
0.560987
0.54941
0.54941
0.551852
0.551852
0.287125
0.287125
0.152267
0.152267
0.456692
0.456692
0.481712
0.481712
-0.23214
-0.23214
-0.293076
-0.293076
-0.388481
-0.388481
-0.41065
-0.41065
-0.516589
-0.516589
0.644861
0.644861
0.74317
0.74317
0.742329
0.742329
-0.152339
-0.152339
-0.0755694
-0.0755694
-0.207641
-0.207641
-0.00289092
-0.00289092
-0.0625654
-0.0625654
0.555376
0.555376
0.562282
0.562282
0.557334
0.557334
0.572742
0.572742
0.56724
0.56724
0.569191
0.569191
0.581394
0.581394
0.578468
0.578468
0.580028
0.580028
0.517445
0.517445
0.641633
0.641633
0.380082
0.380082
0.344919
0.344919
-0.197094
-0.197094
-0.106234
-0.106234
-0.199415
-0.199415
-0.00853086
-0.00853086
-0.00399786
-0.00399786
0.119112
0.119112
0.144763
0.144763
0.0905957
0.0905957
0.083496
0.083496
0.00372214
0.00372214
0.0099425
0.0099425
0.00827795
0.00827795
0.0143532
0.0143532
0.0176651
0.0176651
0.490086
0.490086
0.479441
0.479441
0.509157
0.509157
0.516523
0.516523
0.559168
0.559168
0.560321
0.560321
0.563551
0.563551
0.562053
0.562053
0.978257
0.978257
1.00049
1.00049
1.00814
1.00814
0.982012
0.982012
-3.48832
-3.48832
-6.29267
-6.29267
0.0946656
0.0946656
0.233572
0.233572
0.00673906
0.00673906
0.00934242
0.00934242
0.00470016
0.00470016
0.0163197
0.0163197
0.00814691
0.00814691
0.00348689
0.00348689
0.0609538
0.0609538
0.0501033
0.0501033
0.0421996
0.0421996
0.0531344
0.0531344
0.686521
0.686521
0.686005
0.686005
1.04343
1.04343
1.04362
1.04362
1.02551
1.02551
0.975393
0.975393
0.565018
0.565018
0.567144
0.567144
0.572707
0.572707
0.568554
0.568554
0.0210475
0.0210475
0.0269262
0.0269262
0.0263627
0.0263627
0.771398
0.771398
0.779431
0.779431
0.777803
0.777803
0.291254
0.291254
0.204408
0.204408
0.377011
0.377011
0.404804
0.404804
0.674534
0.674534
0.660769
0.660769
0.672354
0.672354
0.707108
0.707108
0.743947
0.743947
1.02547
1.02547
1.04376
1.04376
1.04202
1.04202
1.05052
1.05052
1.09461
1.09461
1.11107
1.11107
1.07632
1.07632
0.5221
0.5221
0.531712
0.531712
0.526844
0.526844
0.564191
0.564191
0.56189
0.56189
0.56284
0.56284
0.558338
0.558338
0.559808
0.559808
0.557598
0.557598
0.000258769
0.000258769
-0.383371
-0.383371
0.532064
0.532064
0.550022
0.550022
0.530309
0.530309
0.536646
0.536646
0.724609
0.724609
0.801326
0.801326
0.724261
0.724261
0.734226
0.734226
0.732342
0.732342
0.0624837
0.0624837
0.00577544
0.00577544
0.302076
0.302076
0.269834
0.269834
0.43184
0.43184
0.467005
0.467005
0.446675
0.446675
0.949324
0.949324
0.909989
0.909989
0.959996
0.959996
0.933284
0.933284
0.894827
0.894827
0.920193
0.920193
-0.334908
-0.334908
-1.84901
-1.84901
-0.959879
-0.959879
0.5886
0.5886
0.399649
0.399649
0.488057
0.488057
0.0631435
0.0631435
0.0582333
0.0582333
0.0496799
0.0496799
1.03814
1.03814
1.11599
1.11599
0.697399
0.697399
0.865882
0.865882
0.873513
0.873513
0.783112
0.783112
0.813387
0.813387
0.867601
0.867601
0.793774
0.793774
0.827912
0.827912
0.862682
0.862682
0.844044
0.844044
0.601015
0.601015
0.544586
0.544586
0.55562
0.55562
0.871106
0.871106
0.927138
0.927138
0.177975
0.177975
0.122844
0.122844
0.078109
0.078109
0.162162
0.162162
0.221394
0.221394
0.192347
0.192347
1.07936
1.07936
0.983272
0.983272
1.05499
1.05499
0.575302
0.575302
0.576001
0.576001
0.0241518
0.0241518
0.035459
0.035459
0.580156
0.580156
0.580205
0.580205
0.00426912
0.00426912
0.00962071
0.00962071
0.470999
0.470999
-0.795222
-0.795222
0.166143
0.166143
0.568637
0.568637
0.558834
0.558834
0.575806
0.575806
-0.0338875
-0.0338875
0.41028
0.41028
0.0121121
0.0121121
0.105397
0.105397
0.0542541
0.0542541
0.571133
0.571133
0.507335
0.507335
0.468084
0.468084
0.0387738
0.0387738
0.0296008
0.0296008
0.0224941
0.0224941
-0.161389
-0.161389
0.572973
0.572973
0.571283
0.571283
0.575266
0.575266
0.576243
0.576243
0.576904
0.576904
0.0305741
0.0305741
0.0307215
0.0307215
0.0280349
0.0280349
0.0284027
0.0284027
0.0287588
0.0287588
0.0273839
0.0273839
0.540354
0.540354
0.557886
0.557886
-0.116623
-0.116623
0.575399
0.575399
0.577522
0.577522
0.577339
0.577339
0.570519
0.570519
0.576204
0.576204
0.574414
0.574414
0.0415188
0.0415188
0.0120033
0.0120033
0.0233938
0.0233938
0.275274
0.275274
0.397971
0.397971
0.717801
0.717801
0.811892
0.811892
0.684516
0.684516
0.457322
0.457322
0.218631
0.218631
0.617305
0.617305
0.683021
0.683021
0.585485
0.585485
0.743649
0.743649
0.735999
0.735999
0.754729
0.754729
0.230261
0.230261
0.0825687
0.0825687
0.23815
0.23815
0.179238
0.179238
0.566505
0.566505
0.565164
0.565164
0.557096
0.557096
0.55418
0.55418
0.570647
0.570647
0.568759
0.568759
0.573323
0.573323
0.570307
0.570307
0.573275
0.573275
0.57467
0.57467
0.00539041
0.00539041
-0.01683
-0.01683
-0.0303929
-0.0303929
-0.0931638
-0.0931638
0.366503
0.366503
0.627352
0.627352
0.30436
0.30436
0.33458
0.33458
0.196724
0.196724
0.0148391
0.0148391
0.0162836
0.0162836
0.0145019
0.0145019
0.00950891
0.00950891
0.0536508
0.0536508
0.0379731
0.0379731
0.0974826
0.0974826
0.0993974
0.0993974
0.0745339
0.0745339
0.0526465
0.0526465
0.0457696
0.0457696
0.0386389
0.0386389
0.0357507
0.0357507
0.564544
0.564544
0.562791
0.562791
0.569263
0.569263
0.577865
0.577865
0.516651
0.516651
0.520408
0.520408
0.486565
0.486565
0.506425
0.506425
0.492374
0.492374
0.433096
0.433096
0.467469
0.467469
0.443063
0.443063
0.0258453
0.0258453
0.044972
0.044972
0.0189522
0.0189522
0.0296851
0.0296851
0.0281802
0.0281802
0.0415668
0.0415668
0.0377338
0.0377338
0.0369233
0.0369233
0.0360129
0.0360129
0.0336799
0.0336799
0.0265979
0.0265979
0.0260928
0.0260928
-0.121143
-0.121143
-0.235248
-0.235248
1.03066
1.03066
0.965303
0.965303
0.175669
0.175669
0.562157
0.562157
0.568584
0.568584
0.565367
0.565367
0.570168
0.570168
0.5733
0.5733
0.574142
0.574142
0.571891
0.571891
0.568466
0.568466
0.558418
0.558418
0.56015
0.56015
0.556651
0.556651
0.557334
0.557334
-0.0543892
-0.0543892
-0.189501
-0.189501
-0.0178213
-0.0178213
-0.0865821
-0.0865821
0.181169
0.181169
0.666997
0.666997
0.410187
0.410187
0.349839
0.349839
0.344527
0.344527
0.56666
0.56666
0.971635
0.971635
0.76583
0.76583
0.757073
0.757073
0.778542
0.778542
-0.299469
-0.299469
0.0973819
0.0973819
-0.232496
-0.232496
0.387255
0.387255
0.209021
0.209021
0.714906
0.714906
0.765735
0.765735
0.788829
0.788829
0.735459
0.735459
0.686964
0.686964
-0.0697406
-0.0697406
0.591981
0.591981
-0.00834877
-0.00834877
0.0379734
0.0379734
0.232414
0.232414
0.12144
0.12144
0.75805
0.75805
0.719485
0.719485
0.725254
0.725254
0.743277
0.743277
0.762685
0.762685
0.725272
0.725272
0.706302
0.706302
0.701998
0.701998
0.738922
0.738922
0.742394
0.742394
0.543437
0.543437
0.307599
0.307599
0.261855
0.261855
0.222719
0.222719
0.702047
0.702047
0.583421
0.583421
0.640171
0.640171
0.551894
0.551894
0.561477
0.561477
0.564234
0.564234
0.562827
0.562827
0.545093
0.545093
0.552468
0.552468
0.548165
0.548165
0.554073
0.554073
0.557362
0.557362
0.566387
0.566387
0.566749
0.566749
0.56214
0.56214
0.564334
0.564334
0.00288877
0.00288877
0.00126044
0.00126044
0.0218584
0.0218584
-0.0854647
-0.0854647
-0.0756132
-0.0756132
-0.134954
-0.134954
-0.0156239
-0.0156239
0.123679
0.123679
0.0854745
0.0854745
0.282626
0.282626
0.387591
0.387591
0.100743
0.100743
-0.0147716
-0.0147716
0.014962
0.014962
0.0484163
0.0484163
0.227125
0.227125
0.252128
0.252128
0.125851
0.125851
0.215402
0.215402
0.200715
0.200715
0.186457
0.186457
0.288202
0.288202
0.294311
0.294311
0.0283439
0.0283439
0.0224037
0.0224037
0.0251436
0.0251436
0.0227682
0.0227682
0.0755167
0.0755167
0.145567
0.145567
0.155638
0.155638
0.0491698
0.0491698
0.0428578
0.0428578
0.0167776
0.0167776
0.0141082
0.0141082
0.0282509
0.0282509
0.0275712
0.0275712
0.028308
0.028308
0.0667549
0.0667549
-0.0237319
-0.0237319
0.0256537
0.0256537
0.0489094
0.0489094
0.0534744
0.0534744
0.0472569
0.0472569
0.0433507
0.0433507
0.557373
0.557373
0.559279
0.559279
0.559137
0.559137
0.567129
0.567129
0.583941
0.583941
0.599524
0.599524
0.558089
0.558089
0.538345
0.538345
0.529297
0.529297
0.532277
0.532277
0.505912
0.505912
0.515905
0.515905
0.51157
0.51157
0.525086
0.525086
0.545253
0.545253
0.5543
0.5543
0.552258
0.552258
0.554865
0.554865
0.537957
0.537957
0.539452
0.539452
0.526322
0.526322
0.530189
0.530189
0.506003
0.506003
0.487889
0.487889
0.476378
0.476378
0.0216535
0.0216535
0.0562783
0.0562783
0.0611545
0.0611545
0.0179802
0.0179802
0.0517127
0.0517127
0.0354902
0.0354902
0.0465572
0.0465572
0.063061
0.063061
0.0459359
0.0459359
0.0383176
0.0383176
0.0345143
0.0345143
0.0383851
0.0383851
0.0396025
0.0396025
-0.027663
-0.027663
0.0529181
0.0529181
-0.138048
-0.138048
-0.171952
-0.171952
-0.243724
-0.243724
0.934934
0.934934
1.05517
1.05517
0.857935
0.857935
0.633898
0.633898
0.64847
0.64847
0.887136
0.887136
0.973146
0.973146
0.595805
0.595805
0.781624
0.781624
0.805163
0.805163
0.617962
0.617962
0.887059
0.887059
0.566973
0.566973
0.56658
0.56658
0.564177
0.564177
0.563661
0.563661
0.564903
0.564903
0.0343996
0.0343996
0.135576
0.135576
0.144193
0.144193
0.198717
0.198717
0.312803
0.312803
0.425913
0.425913
0.350048
0.350048
0.228452
0.228452
0.361475
0.361475
0.365356
0.365356
0.662251
0.662251
0.677163
0.677163
0.627695
0.627695
0.65035
0.65035
0.648827
0.648827
0.475202
0.475202
0.55369
0.55369
0.607647
0.607647
0.560922
0.560922
0.608253
0.608253
0.630638
0.630638
0.590789
0.590789
0.621446
0.621446
0.567631
0.567631
0.523496
0.523496
0.521109
0.521109
0.469315
0.469315
0.49098
0.49098
0.468493
0.468493
0.450045
0.450045
0.556595
0.556595
0.53444
0.53444
0.54452
0.54452
0.535562
0.535562
0.555072
0.555072
0.579512
0.579512
0.575672
0.575672
0.605941
0.605941
0.617136
0.617136
0.539431
0.539431
0.497712
0.497712
0.507611
0.507611
0.536305
0.536305
0.497494
0.497494
0.511568
0.511568
0.527255
0.527255
0.263253
0.263253
0.162078
0.162078
0.247491
0.247491
-0.0434251
-0.0434251
0.0372312
0.0372312
0.022278
0.022278
-0.024873
-0.024873
0.0205433
0.0205433
0.306253
0.306253
-0.391242
-0.391242
-0.364112
-0.364112
-0.996792
-0.996792
0.531341
0.531341
1.00175
1.00175
0.711024
0.711024
0.683835
0.683835
0.758693
0.758693
0.73734
0.73734
0.740789
0.740789
0.764031
0.764031
0.77042
0.77042
0.692067
0.692067
0.710503
0.710503
0.713632
0.713632
0.672004
0.672004
0.695275
0.695275
0.718931
0.718931
0.716259
0.716259
0.56505
0.56505
0.43759
0.43759
0.430166
0.430166
0.388
0.388
0.261294
0.261294
0.296084
0.296084
0.498204
0.498204
0.420486
0.420486
0.346322
0.346322
0.349169
0.349169
0.511785
0.511785
0.399687
0.399687
0.466168
0.466168
0.505046
0.505046
0.436859
0.436859
0.391871
0.391871
0.596301
0.596301
0.661807
0.661807
0.651702
0.651702
0.626221
0.626221
0.544022
0.544022
0.557954
0.557954
0.582887
0.582887
0.618698
0.618698
0.645682
0.645682
0.677824
0.677824
0.553805
0.553805
0.559622
0.559622
0.560889
0.560889
0.558376
0.558376
0.555599
0.555599
0.558521
0.558521
0.558654
0.558654
0.561184
0.561184
0.561991
0.561991
0.564922
0.564922
0.563917
0.563917
0.0134963
0.0134963
0.0251238
0.0251238
0.0132631
0.0132631
0.00525423
0.00525423
0.0320682
0.0320682
0.0269138
0.0269138
0.0718999
0.0718999
0.0585695
0.0585695
0.0441669
0.0441669
0.0508059
0.0508059
0.0245951
0.0245951
0.020649
0.020649
0.0268881
0.0268881
0.0354401
0.0354401
0.145974
0.145974
0.159562
0.159562
0.144009
0.144009
0.104622
0.104622
0.294712
0.294712
0.42604
0.42604
0.496396
0.496396
0.373556
0.373556
0.267109
0.267109
0.290492
0.290492
0.313745
0.313745
0.0369441
0.0369441
0.0658909
0.0658909
0.0510172
0.0510172
0.0932459
0.0932459
0.0841483
0.0841483
0.0244043
0.0244043
0.0240127
0.0240127
0.0249744
0.0249744
0.0262253
0.0262253
0.0372261
0.0372261
0.0209617
0.0209617
0.0274919
0.0274919
0.0331021
0.0331021
0.0228842
0.0228842
0.0227628
0.0227628
0.0254429
0.0254429
0.540536
0.540536
0.53404
0.53404
0.535364
0.535364
0.529402
0.529402
0.528281
0.528281
0.542119
0.542119
0.546398
0.546398
0.548213
0.548213
0.553549
0.553549
0.555545
0.555545
0.546047
0.546047
0.551514
0.551514
0.555066
0.555066
0.0463099
0.0463099
0.0316095
0.0316095
0.0175864
0.0175864
0.039932
0.039932
0.039262
0.039262
0.0395635
0.0395635
0.0384073
0.0384073
0.163759
0.163759
0.0933531
0.0933531
0.0994091
0.0994091
0.0517498
0.0517498
-0.0768097
-0.0768097
-0.0188616
-0.0188616
0.525475
0.525475
0.522228
0.522228
0.517821
0.517821
0.756196
0.756196
0.606892
0.606892
0.525055
0.525055
0.620357
0.620357
0.726939
0.726939
0.313503
0.313503
0.51204
0.51204
0.345422
0.345422
0.92658
0.92658
0.819759
0.819759
0.965915
0.965915
0.582424
0.582424
0.277811
0.277811
0.432804
0.432804
0.483613
0.483613
0.291678
0.291678
0.363952
0.363952
0.369833
0.369833
0.258226
0.258226
0.290042
0.290042
0.322078
0.322078
0.423159
0.423159
0.299705
0.299705
0.274124
0.274124
0.0321677
0.0321677
0.219951
0.219951
0.336802
0.336802
0.317801
0.317801
0.445712
0.445712
0.50778
0.50778
0.297213
0.297213
0.2168
0.2168
0.172817
0.172817
0.653971
0.653971
0.67314
0.67314
0.692534
0.692534
0.662806
0.662806
0.687125
0.687125
0.616093
0.616093
0.605319
0.605319
0.623111
0.623111
0.631477
0.631477
0.6278
0.6278
-0.725034
-0.725034
-0.433001
-0.433001
-1.37664
-1.37664
-0.691258
-0.691258
-0.241492
-0.241492
0.561232
0.561232
0.52422
0.52422
0.80461
0.80461
0.690685
0.690685
0.754321
0.754321
0.739063
0.739063
0.697497
0.697497
0.663459
0.663459
0.676908
0.676908
0.708799
0.708799
0.405168
0.405168
0.516513
0.516513
0.490675
0.490675
0.496576
0.496576
0.397295
0.397295
0.330119
0.330119
0.631162
0.631162
0.625098
0.625098
0.66129
0.66129
0.685344
0.685344
0.652408
0.652408
0.685454
0.685454
0.551568
0.551568
0.55119
0.55119
0.550908
0.550908
0.547311
0.547311
0.545566
0.545566
0.547732
0.547732
0.109556
0.109556
0.0789468
0.0789468
0.113764
0.113764
0.0938065
0.0938065
0.0715957
0.0715957
0.0605549
0.0605549
0.0496057
0.0496057
0.0428113
0.0428113
0.039256
0.039256
0.0373228
0.0373228
0.0436101
0.0436101
0.045294
0.045294
0.203971
0.203971
0.146165
0.146165
0.0697497
0.0697497
0.100236
0.100236
0.0380155
0.0380155
-0.0285988
-0.0285988
-0.0471911
-0.0471911
0.0548002
0.0548002
0.147601
0.147601
0.137846
0.137846
0.445069
0.445069
0.696336
0.696336
0.517498
0.517498
0.68641
0.68641
0.526348
0.526348
0.581854
0.581854
0.508328
0.508328
0.500834
0.500834
0.527767
0.527767
0.415055
0.415055
0.495148
0.495148
0.261116
0.261116
-0.242698
-0.242698
-0.15104
-0.15104
0.819483
0.819483
0.837529
0.837529
0.618993
0.618993
0.433397
0.433397
0.204384
0.204384
0.393289
0.393289
0.590738
0.590738
0.526187
0.526187
0.564812
0.564812
0.633733
0.633733
0.625434
0.625434
0.0462705
0.0462705
0.112993
0.112993
0.372992
0.372992
0.60053
0.60053
0.267978
0.267978
0.26027
0.26027
0.254868
0.254868
0.429232
0.429232
0.353722
0.353722
))
(300 (2 1 3 0 0 1 918)(
0.985164 -0.000501062 0 
0.00501256 2.96625 0 
-0.00834599 0.798187 0 
0.979703 0.00214822 0 
-0.055909 1.9579 1.54676e-20 
-0.00704424 2.94879 -2.60733e-18 
0.828515 1.1698 4.03064e-19 
0.294249 0.136769 -1.68779e-20 
0.999909 -0.000281242 0 
0.0575944 0.81902 0 
0.012647 0.626468 0 
0.73471 -0.0135703 0 
0.0111054 2.9304 0 
0.00218706 2.79504 0 
-0.017654 3.15663 7.41457e-19 
-0.001703 1.86184 -3.16e-20 
0.363215 0.0385282 1.10903e-18 
0.190521 1.17898 2.71664e-19 
0.962778 0.00501605 0 
0.00752414 0.61586 0 
0.068266 0.182965 -7.98144e-19 
1.00198 -0.00498138 0 
1.00022 -0.00979272 0 
0.975725 -0.00644265 0 
0.585728 -0.0365641 0 
0.0161045 2.63878 0 
-0.0150019 2.91008 9.68807e-19 
-0.00409032 0.86478 0 
0.00198238 1.0446 0 
-0.00393339 0.8397 0 
-0.0484077 2.58958 0 
-0.0267704 2.05735 -1.23252e-20 
-0.0239288 1.79733 0 
-0.0206093 2.9876 -9.41375e-23 
-0.0166903 3.00529 2.0264e-18 
0.00209873 3.00018 0 
0.870668 -0.00938755 0 
0.403337 0.936843 2.04493e-19 
0.807957 1.18685 -4.20774e-19 
0.954231 1.02493 4.782e-19 
0.67855 1.28014 -9.25294e-20 
0.677718 1.2653 5.43168e-19 
0.335717 0.220379 1.64659e-20 
0.309533 0.107136 0 
1.12885 0.550411 0 
0.301204 0.213102 7.52404e-20 
0.264762 0.142071 -7.80782e-20 
0.919748 -0.00745963 0 
1.00027 0.000146768 0 
0.999909 0.000330933 0 
1.00363 -0.00777295 0 
1.00096 -0.00093323 0 
1.00017 2.89999e-05 0 
0.0805398 1.809 -8.68931e-19 
0.0304914 0.997701 0 
0.0877413 0.885052 0 
0.0111655 0.949517 0 
0.0349424 0.761206 0 
0.023807 1.99864 0 
0.0211017 0.820697 0 
0.0201465 0.653959 0 
0.00317399 0.802291 0 
-0.00676469 0.609112 0 
0.837731 -0.015721 0 
0.848413 0.0282719 0 
0.767763 -0.00301892 0 
0.81975 0.0383039 0 
0.702965 -0.0185027 0 
0.0146872 3.00041 9.68434e-19 
0.0114939 3.00802 0 
0.00611307 3.00277 0 
0.0135345 2.99735 1.10164e-23 
0.00797371 2.95848 -1.43933e-18 
0.0145001 2.98207 0 
0.0108614 2.90356 0 
0.0244442 2.93081 2.24744e-24 
0.00456674 2.8251 0 
0.0305847 2.91628 0 
-0.00515021 2.74477 0 
0.308492 3.55358 0 
-0.131907 3.63507 0 
0.139649 3.24716 -6.9001e-19 
-0.0126142 2.98262 0 
-0.0100353 2.13093 0 
-0.0110767 2.12287 3.11661e-20 
-0.00136923 1.87138 -3.99546e-20 
0.457855 0.144176 -3.83704e-19 
0.361264 0.0212102 -3.6974e-19 
0.441699 0.164914 -1.15552e-18 
0.348955 0.0581519 -7.62416e-19 
0.220641 0.95442 0 
0.272995 1.32172 -3.34571e-19 
0.375169 1.26477 5.61973e-19 
0.987483 0.00855726 0 
0.941946 0.00587367 0 
1.0003 0.000578681 0 
1.00286 0.0093062 0 
1.00302 0.00845946 -2.95017e-18 
0.991913 0.00969888 2.22789e-18 
-0.00985215 0.799046 0 
-0.00675866 0.623756 0 
0.00708758 0.889854 0 
-0.0135167 0.796683 0 
-0.0138654 0.61749 0 
0.10787 0.188251 2.46739e-19 
0.164555 0.165307 0 
0.993538 -0.00838151 0 
0.954416 -0.00651831 0 
0.770396 0.0459158 0 
0.706286 0.0565202 0 
0.662857 -0.0302675 0 
0.958952 -0.0100796 0 
0.621964 0.0748571 0 
0.448059 -0.0138231 1.62521e-18 
-0.036954 2.86273 7.43122e-19 
0.0417581 2.90917 0 
0.0544682 2.88525 0 
-0.00482745 2.69937 0 
-0.0130647 2.9853 9.21041e-19 
-0.0179456 2.89524 0 
-0.0153464 2.98808 -2.84801e-18 
-0.01334 2.92521 9.73726e-19 
0.0655854 1.28872 0 
0.0605841 1.35877 0 
-0.0214333 2.07797 -7.3125e-22 
-0.0161992 2.04359 0 
-0.00749971 1.83614 0 
0.937919 -0.00772566 0 
0.856257 -0.00947776 0 
0.863427 0.0063709 0 
0.949132 -0.00800071 0 
0.883616 -0.00817245 0 
0.515608 1.13076 -2.56977e-19 
0.565178 1.18273 0 
0.367098 0.880521 3.70537e-20 
0.309383 0.739586 0 
0.913876 1.06345 -1.28504e-19 
1.02364 0.865002 2.53595e-19 
0.369644 1.37387 0 
0.532651 1.34358 0 
0.545548 1.29503 0 
0.114575 0.180668 -3.17446e-19 
0.369759 0.209441 0 
0.334878 0.100578 2.1546e-19 
0.994316 0.920488 0 
1.05829 0.769118 0 
1.08306 0.709632 -1.82392e-19 
1.10935 0.611292 0 
1.15444 0.394954 5.42893e-20 
0.957478 -0.00880514 0 
0.962368 -0.0101283 0 
0.901465 -0.00799674 0 
0.984168 -0.00917923 0 
0.974641 -0.00939917 0 
0.93705 -0.00635576 0 
1.00019 0.00233785 0 
1.00091 0.00139594 0 
0.999911 0.000855971 0 
0.0333227 2.0629 4.77716e-19 
0.121737 1.75169 0 
0.0136597 2.17951 7.54688e-19 
0.0539551 1.86265 -6.43268e-19 
0.10575 1.18436 -2.21578e-19 
0.0465784 1.07061 0 
0.14126 1.03474 0 
0.00906414 0.90063 0 
0.0184882 0.721202 0 
-0.00569281 2.22564 -1.56236e-21 
0.0288434 1.9948 0 
-0.0055286 2.22085 -7.58194e-20 
0.027665 1.99296 1.39349e-19 
0.00492719 0.869427 0 
0.0136329 0.846526 0 
0.0171501 0.683691 0 
-0.00247518 0.803251 0 
-0.00451789 0.60622 0 
0.93523 0.00884906 0 
0.844664 -0.0149366 0 
0.925409 -0.000343607 0 
0.839957 -0.0126501 0 
0.812219 0.00148524 0 
0.901897 0.0197923 0 
0.878588 0.0238396 0 
0.788997 -0.000444503 0 
0.00569231 3.06477 -9.11077e-21 
0.0166698 3.05788 0 
0.0147074 2.96906 0 
0.00860881 2.87619 0 
0.925666 3.97022 0 
1.24037 3.3025 9.25425e-19 
0.070156 3.07466 0 
-0.0281648 2.9058 0 
0.084925 1.45946 0 
0.0290771 1.82517 0 
0.0474888 1.68402 0 
-0.03343 2.54107 7.67422e-21 
-0.0198974 2.31023 0 
-0.0506522 2.4382 0 
0.0272077 1.92982 3.59694e-21 
-0.0122433 2.18893 4.86467e-20 
-0.00767769 2.16473 4.05405e-20 
0.0119658 1.89392 0 
0.483985 0.120023 5.75337e-19 
0.382 0.00429485 -5.65189e-19 
0.260323 1.57377 0 
0.268603 0.729883 -3.26586e-19 
0.177573 1.65892 -1.09892e-18 
0.22692 1.197 1.10169e-18 
0.902252 0.00652708 0 
0.967511 0.0110262 0 
0.974623 0.01078 0 
0.923446 0.00650857 0 
-0.0143741 0.803165 0 
-0.00571234 0.799416 0 
-0.010992 0.616641 0 
0.259394 0.210076 6.93725e-19 
0.215665 0.196985 -8.21525e-19 
0.224065 0.155543 0 
1.08036 0.0806182 3.2379e-20 
1.06265 0.0356652 0 
1.00167 0.0376212 0 
0.898579 -0.00791051 0 
0.511678 0.0975907 0 
0.55071 0.0799982 -2.59948e-18 
0.408043 -0.000967198 9.74203e-19 
0.0090831 2.98116 7.86556e-19 
-0.0326998 2.86615 4.73121e-20 
0.00366802 3.05019 -1.92304e-20 
0.0201765 3.04343 6.83819e-19 
-0.0150269 2.99657 3.19184e-20 
-0.0129586 2.94948 -1.28358e-22 
-0.0172564 3.01194 -5.88653e-19 
0.0148356 3.02387 4.25626e-19 
0.0073409 3.03675 -6.75923e-19 
0.932506 -0.0017719 0 
0.938495 -0.00374988 0 
0.844226 -0.00912316 0 
0.956735 0.0116978 0 
0.943071 0.0129492 0 
0.88178 0.00612275 0 
0.918209 0.0162614 0 
0.926613 0.0146241 0 
0.838723 0.00395877 0 
0.719377 1.41027 1.1009e-20 
0.753168 1.5197 0 
0.18751 0.324589 7.6461e-20 
0.217664 0.656095 6.17558e-19 
0.258862 0.717319 -3.58546e-19 
0.265124 0.533148 7.13672e-19 
0.334671 0.787087 1.66464e-18 
0.13246 0.220982 3.87835e-19 
0.416 0.185134 8.08933e-19 
0.39528 0.201229 2.10503e-19 
0.346557 0.0817943 4.01938e-19 
1.14512 0.453391 1.64384e-21 
1.15945 0.248485 -5.16843e-21 
0.00650541 2.22741 3.00706e-19 
0.0482377 1.92755 0 
0.963577 0.0279979 0 
0.938344 0.0129724 0 
0.862234 -0.0185984 0 
0.0111281 3.07432 0 
0.0196804 2.94402 1.2621e-18 
0.0164662 2.9563 0 
0.00633781 2.85068 -1.25192e-18 
0.00623583 3.091 3.07219e-19 
0.00732268 3.08271 0 
0.786366 1.82271 -1.52452e-19 
1.24809 2.50143 3.84143e-19 
0.768632 1.96268 -1.21618e-18 
0.0202176 2.98145 -6.86917e-19 
0.036101 3.00205 0 
-0.0335405 2.87874 0 
-0.00904128 2.19764 -1.44292e-20 
-0.0116261 2.1994 -9.98543e-20 
0.0293508 1.97456 -2.11461e-21 
0.27476 1.3805 1.06406e-18 
0.22579 0.516867 -7.29663e-19 
0.0628627 1.98763 8.15485e-19 
0.136381 1.87596 -9.63077e-19 
0.180364 1.49132 9.17583e-20 
0.00233299 3.11848 -1.93132e-18 
0.016902 3.11786 2.06815e-18 
-0.00899356 2.98109 8.52777e-19 
-0.00323689 2.9775 -8.11856e-19 
-0.0212007 2.88157 -8.68529e-19 
0.00868041 3.09943 -2.28921e-18 
0.00229158 3.10648 2.2329e-18 
0.273524 0.680375 0 
0.237026 0.670245 -1.2736e-18 
0.0957448 0.221645 5.64285e-19 
0.349149 0.912756 1.15201e-18 
0.187773 0.26544 -1.77684e-18 
1.15903 0.167943 8.68384e-20 
1.16188 0.302578 0 
1.14586 0.116781 -3.4682e-20 
-0.00256736 2.24102 -2.20924e-21 
0.000302061 2.2346 0 
0.0346294 1.96605 0 
0.339079 1.28947 -3.83301e-19 
0.367397 1.12421 -8.27322e-19 
0.201265 0.362906 1.47521e-18 
1.00587 -0.0108647 0 
1.00766 -0.007654 5.44724e-19 
0.0454143 1.26929 0 
0.00633032 1.19646 0 
1.00222 0.00350719 1.80625e-21 
1.00366 0.00944679 1.11131e-18 
-0.0382702 2.54377 -9.56165e-21 
-0.03401 2.57583 0 
0.0364428 3.17911 4.67703e-19 
0.395599 3.49221 0 
1.14447 0.65197 -8.62412e-20 
1.01292 0.0130599 -2.14172e-21 
1.02126 -0.0104118 0 
1.00168 0.000100837 7.09927e-23 
0.0991024 1.35519 0 
0.148169 2.57892 0 
0.0231904 1.29589 0 
0.000370186 2.63223 7.85921e-20 
-0.022326 2.58714 5.0088e-20 
1.00196 0.0280639 2.46837e-21 
1.06144 0.00334856 0 
1.09433 0.0226442 0 
0.0173187 1.85125 0 
-0.0278108 2.58242 0 
0.0281309 1.27522 0 
0.291364 1.46874 -1.23879e-19 
1.01126 -0.00965924 0 
1.00939 -0.0149363 0 
1.00235 0.000705926 6.95744e-19 
1.00548 -0.00483231 -8.18106e-19 
1.00119 -0.00098801 0 
0.0400983 1.55412 0 
0.0553129 1.37254 0 
0.0585253 1.48662 0 
0.0402372 1.26065 0 
0.0169481 1.18718 0 
0.00731684 1.15923 0 
1.03444 -0.00647711 0 
1.02062 0.0156918 -9.1353e-22 
0.7971 1.26518 2.13825e-19 
1.00226 0.00025465 -6.94482e-19 
1.00406 0.00524774 8.11364e-19 
1.00118 0.00205806 0 
1.01285 0.0102621 6.90423e-19 
1.00802 0.00828023 -8.35585e-19 
1.00858 0.0146683 0 
-0.0313215 2.60574 0 
-0.0323301 2.58748 2.14055e-20 
-0.0321328 2.59846 -1.417e-20 
1.22305 0.252369 7.00156e-19 
1.15518 0.0817572 0 
0.0447492 3.07735 -1.00953e-18 
0.0658599 2.85367 -7.32474e-20 
0.142513 3.1934 1.5327e-18 
0.137445 3.22239 -2.3703e-19 
0.135624 3.23495 0 
0.0205119 3.13763 2.63014e-19 
0.0771357 3.16069 9.96803e-19 
0.0698512 3.18671 -4.95042e-19 
0.0230619 3.12965 0 
0.649564 0.295858 0 
0.571788 0.345744 0 
1.11262 0.685964 2.20514e-19 
1.10876 0.814054 -2.32641e-19 
1.17301 0.570946 0 
1.20346 0.508025 0 
1.01615 0.013295 -1.28762e-18 
1.01499 0.0142637 1.61634e-18 
1.02518 -0.00995948 0 
1.02323 -0.0119758 0 
1.00646 0.00255602 0 
1.01044 0.00369309 0 
1.00462 0.00181377 0 
1.0098 0.00615841 0 
1.00781 0.00595242 0 
1.00453 0.0046373 0 
0.0879006 1.35149 0 
0.0824831 1.32586 0 
0.119506 1.38813 0 
0.13146 1.39976 0 
0.147078 2.60313 0 
0.187377 2.66979 -4.64495e-19 
0.102021 2.66122 0 
0.0878612 2.66481 2.3699e-19 
0.0399492 2.68709 -2.18894e-19 
0.025546 1.31704 0 
0.0240653 1.24208 0 
0.0353233 1.32163 0 
0.028395 1.26237 0 
-0.000838747 1.98734 -3.91258e-20 
-0.0237421 2.61489 3.49913e-20 
-0.0118393 2.67537 7.18698e-20 
-0.0195619 2.6894 0 
-0.0271665 2.61985 -1.15389e-19 
-0.0275434 2.61303 -6.18296e-20 
0.009 1.98722 3.15754e-20 
-0.0139983 2.41208 -4.69442e-20 
-0.0173927 2.4308 -8.14897e-20 
1.01122 0.0362172 1.31032e-18 
1.00769 0.0165917 -1.61963e-18 
1.00319 0.042192 -1.31191e-18 
0.982107 0.021847 1.67033e-18 
1.06265 0.0071592 0 
1.0482 -0.00887483 0 
1.09133 0.0326733 0 
1.0724 0.0114863 0 
1.07013 -0.0013373 0 
1.1366 0.0782801 0 
1.1081 0.0417064 0 
1.11088 0.0296748 0 
-0.0411769 2.44677 -6.49441e-21 
0.00489533 2.06171 0 
-0.0217876 2.25717 0 
-0.0295151 2.60299 1.6309e-20 
-0.0254312 2.61487 -7.98252e-22 
0.0114781 1.61782 4.54305e-20 
0.0303595 1.57873 -4.59036e-20 
0.0330855 1.40158 0 
0.0430499 1.41544 0 
0.0276712 1.42099 0 
0.013969 1.29118 0 
0.00621785 1.20148 0 
0.379024 1.4835 1.89412e-19 
0.417691 1.4886 1.18204e-19 
0.59671 2.44784 -2.48655e-19 
0.402946 2.54348 7.37461e-19 
0.353421 2.0665 8.70468e-20 
1.02096 -0.00823124 0 
1.01545 -0.00980892 0 
1.01489 -0.0155319 0 
1.00746 -0.00120764 0 
1.00491 -0.000971278 0 
1.00776 -0.00477341 0 
1.00924 -0.00372576 0 
1.01415 -0.00450224 0 
1.02133 0.0160092 1.26124e-18 
1.01809 0.0157311 -1.61672e-18 
1.02179 0.0179555 -1.27007e-18 
1.0197 0.0166807 1.58967e-18 
0.76436 1.31377 0 
0.699788 1.36664 1.89116e-19 
0.873008 1.21017 4.90562e-20 
0.915614 1.16369 -6.52368e-20 
1.15605 2.60864 3.66505e-19 
0.807248 0.104731 6.37397e-19 
1.15775 0.101085 0 
1.20216 0.182351 -5.6227e-19 
1.18559 0.146951 -2.37855e-20 
1.00389 0.14389 0 
0.137008 2.9613 5.99042e-19 
0.114182 2.867 -1.27558e-18 
0.0249232 2.37141 8.61035e-19 
0.0918211 -0.0126511 -3.8685e-19 
0.340337 3.42119 -1.83385e-19 
0.19457 3.31371 0 
0.237303 3.35595 2.38829e-19 
0.245958 3.03461 -1.94775e-18 
0.340751 3.19392 0 
0.00604409 3.12103 5.05304e-20 
0.016057 3.12981 -5.93263e-19 
0.0143702 3.12584 8.73166e-19 
0.0357742 3.14011 0 
0.034362 3.15066 0 
1.21533 2.60826 0 
0.536115 0.838246 -5.63735e-19 
1.0367 0.988159 3.46076e-20 
0.973306 1.06364 0 
0.822987 0.965738 -1.34818e-19 
1.06 0.878841 2.89687e-20 
0.367825 0.399419 -9.94925e-19 
0.694574 0.320747 -2.22561e-20 
0.659931 0.237929 4.56534e-19 
0.589796 0.376076 3.37369e-20 
0.506249 0.347362 -1.35852e-18 
0.664215 0.339207 0 
0.703002 0.424458 7.74582e-19 
0.711233 0.42128 0 
0.624426 0.368663 0 
0.598156 0.292388 0 
0.797863 0.615981 4.64253e-19 
1.22117 0.275274 -5.92402e-19 
1.21538 0.413347 0 
1.22697 0.354689 0 
0.744841 0.187917 6.78462e-19 
0.844554 0.535646 -4.23623e-19 
0.744301 0.508875 7.50993e-19 
0.947727 0.423042 -8.3232e-19 
1.01975 0.0146619 8.67086e-19 
1.01787 0.0142003 -8.72213e-19 
1.01594 0.0155975 0 
1.03588 -0.00603174 0 
1.02955 -0.00863654 -8.18753e-19 
1.02749 -0.0121622 8.10757e-19 
1.02508 0.00972456 0 
1.02365 0.0133862 0 
1.01142 0.00405683 0 
1.01429 0.00898185 0 
1.01512 0.003925 0 
1.01422 0.00273848 0 
0.0584049 1.3351 0 
0.0631552 1.2951 0 
0.143555 1.36096 -4.40762e-20 
0.268088 1.46564 6.07962e-20 
0.16054 1.43657 1.24507e-19 
0.190747 1.44455 -2.04907e-19 
0.163534 1.38513 0 
0.131945 1.59143 -1.24201e-19 
0.115567 1.56265 0 
0.352858 2.01982 -1.26533e-19 
0.347967 2.35199 6.75336e-19 
0.188248 1.44668 1.08284e-19 
0.26124 1.38001 8.02399e-22 
0.199799 1.36584 -6.5056e-22 
0.273736 1.32164 -1.53389e-19 
0.241507 1.57537 0 
0.262219 1.6158 1.51686e-19 
0.0346931 2.27094 -5.2048e-20 
0.0427621 2.67707 0 
0.06685 2.40884 1.84227e-19 
0.0605477 2.43038 0 
0.0709879 2.67829 -2.62334e-19 
0.0505347 2.70654 0 
0.0284513 1.40442 -2.56393e-20 
0.0360043 1.45605 0 
0.032623 1.37258 0 
0.0252586 1.37509 2.89296e-20 
-0.00130702 2.66089 -1.98368e-20 
0.0284838 2.70622 2.53416e-19 
0.0108042 2.73005 1.76121e-21 
-0.00105099 1.83622 3.84192e-20 
-0.00793214 1.67925 1.66443e-20 
0.0252361 1.29174 0 
0.00219437 1.22058 0 
0.0493103 1.56654 4.25907e-20 
0.0302605 1.43895 3.97396e-20 
0.0382312 1.50486 -4.88108e-20 
0.0412883 1.59148 0 
-0.0366227 2.28511 1.27457e-21 
-0.0425152 2.55481 -2.59961e-21 
-0.0216762 2.45327 -1.08661e-20 
-0.0153323 1.85241 -4.65472e-20 
-0.0323253 2.50579 -1.65815e-20 
-0.0266522 2.44995 7.97506e-20 
1.01977 0.0206342 -8.61921e-19 
1.01602 0.0261806 8.65209e-19 
1.0152 0.0162043 0 
1.01119 0.0675629 1.21644e-18 
0.991544 0.0561971 -1.36083e-18 
0.952599 0.0421507 1.52189e-18 
1.01448 0.10362 -1.62363e-19 
1.04209 -0.00606536 0 
1.05018 -0.00194751 7.83027e-19 
1.03847 -0.0100875 -7.84242e-19 
1.06956 0.0403194 -4.67849e-20 
1.06329 0.0222144 4.02423e-19 
1.06405 0.053375 0 
1.05108 0.0482745 -1.44443e-19 
1.0332 0.0403498 0 
1.0261 0.0366204 0 
1.02784 0.0127199 0 
1.02434 0.0155672 0 
1.03972 0.0305988 2.97333e-19 
1.03939 0.0259503 -6.5574e-19 
1.05021 0.0321877 -3.15576e-19 
1.04816 0.03203 -3.47065e-19 
1.06918 0.0622005 6.81547e-19 
1.0939 0.0496684 0 
1.10177 0.0924064 0 
-0.0405996 2.2778 -2.50078e-20 
-0.0124699 2.04844 -8.55622e-21 
-0.0184425 2.03229 0 
-0.0299669 2.45799 2.68113e-20 
-0.0229932 2.40379 1.47531e-20 
-0.0517341 2.46785 -6.86079e-21 
-0.0272335 2.62637 5.43532e-20 
-0.0336632 2.56746 -4.21977e-21 
-0.0299056 2.52109 1.6172e-20 
-0.0231409 2.62013 -2.17983e-20 
-0.0289609 2.62112 2.79765e-20 
0.0129837 1.51154 -5.35263e-24 
0.0120932 1.64724 4.53233e-20 
0.367735 1.42432 -7.07433e-20 
0.365878 1.36808 8.68849e-20 
0.646419 1.41365 -1.82816e-19 
0.515038 1.47834 -1.14784e-19 
0.568042 1.45007 0 
0.592271 2.42354 2.21178e-19 
0.659487 2.41577 3.50667e-19 
0.411144 2.51748 8.37887e-20 
0.404764 2.54471 -6.7909e-19 
0.51288 2.48942 6.56065e-19 
0.551879 2.46159 0 
0.489094 2.51761 -5.87187e-19 
0.249364 2.59361 1.24036e-18 
0.354138 2.56635 -8.22158e-20 
0.28522 2.65535 -1.69365e-18 
0.943279 2.37852 7.70088e-19 
0.835266 2.38123 0 
1.01094 0.000388541 2.82618e-20 
1.01521 -0.00552759 -2.29459e-20 
1.01763 -0.00365639 -4.19295e-19 
1.01489 -0.00098028 4.21134e-19 
1.0123 0.00101512 0 
0.634149 1.28184 0 
0.652123 1.17848 0 
0.755783 1.08676 0 
0.644421 1.14328 0 
1.18571 2.62309 5.87719e-20 
1.07356 2.36712 0 
0.837486 2.1901 4.32001e-21 
0.825022 2.44829 0 
0.92176 2.5394 -4.70489e-19 
0.957016 2.49562 3.13189e-19 
0.816145 0.157383 0 
0.783252 0.130589 1.74062e-19 
0.925145 0.138753 1.01259e-18 
0.840058 0.136701 -3.79319e-19 
0.817246 0.0783699 -1.1629e-18 
1.07651 0.223523 -9.98701e-19 
0.99696 0.281699 -1.52492e-20 
0.923317 0.279584 9.43799e-19 
1.00468 0.212746 7.90901e-19 
0.953273 0.181874 -1.34985e-18 
0.91783 0.183039 1.68693e-19 
0.95169 0.242379 -3.62991e-19 
0.930425 0.205277 0 
0.993378 0.178634 6.66608e-19 
1.04416 0.177606 0 
1.04364 0.20364 0 
1.10515 0.112104 3.19303e-19 
1.06883 0.165519 -1.39237e-20 
1.07083 0.225081 -1.74113e-19 
1.10147 0.192621 0 
1.0229 0.0437299 6.69116e-19 
1.04102 0.0565613 8.36399e-19 
1.03429 0.0421464 -6.63825e-19 
1.04176 0.0629234 -5.60554e-19 
1.01861 0.0705145 -8.55463e-19 
0.988524 0.150709 0 
0.998471 0.0999383 0 
0.968631 0.0643396 -5.41776e-19 
0.919592 0.0867552 2.12678e-19 
1.03717 0.0996293 7.75119e-19 
1.06753 0.11536 -9.20578e-19 
1.06987 0.146595 8.21047e-19 
1.02928 0.137289 0 
1.07337 0.105189 0 
1.05498 0.0864336 -3.74291e-19 
1.04411 0.0927253 -6.34926e-19 
0.577924 1.07596 1.60361e-19 
0.612483 1.41374 -6.2319e-20 
1.15637 2.74198 -2.55764e-19 
1.22319 3.08262 7.33182e-21 
1.24848 2.72279 -1.95542e-19 
1.2787 2.70677 -1.96224e-21 
1.20658 2.34597 -1.00868e-20 
1.21029 2.98644 -1.17116e-19 
1.22954 2.95152 2.72127e-19 
1.21434 3.23611 -1.33788e-19 
1.37539 2.96772 1.85046e-19 
1.36615 2.88572 0 
0.541016 0.846186 -5.30954e-20 
0.137887 1.25679 5.98512e-19 
0.532123 0.455849 6.42336e-19 
0.369079 0.207211 7.0985e-19 
0.528822 0.381603 7.66684e-19 
0.545101 0.476307 -1.23952e-18 
0.546716 0.478873 1.01213e-18 
0.496904 0.403721 -3.87566e-19 
0.420773 0.337604 8.78978e-19 
0.74802 0.247341 -3.88378e-19 
0.713657 0.280835 0 
0.698783 0.205148 9.56914e-21 
0.729597 0.512801 4.07913e-19 
0.700443 0.483254 -1.48651e-18 
0.614618 0.470427 1.58286e-20 
0.625459 0.458406 0 
0.671958 0.732071 4.29925e-19 
0.823593 0.771805 4.48307e-19 
0.748041 0.853473 -5.23109e-19 
0.865161 0.804676 -1.80606e-19 
0.897918 0.849221 -4.71589e-20 
0.905963 0.84992 4.82871e-20 
0.838985 0.64417 -7.70402e-19 
0.916555 0.701393 1.67774e-19 
0.972728 0.715907 0 
0.963584 0.692307 -2.32017e-19 
1.02366 0.319623 2.4194e-19 
1.13737 0.289103 3.4225e-19 
1.06358 0.258867 4.08467e-19 
1.01041 0.354653 -4.84449e-19 
1.051 0.420337 0 
1.10297 0.404388 0 
0.9118 0.35056 5.93387e-21 
0.8416 0.283194 0 
0.87263 0.276523 4.42768e-19 
0.906257 0.285236 -4.85531e-21 
0.939914 0.426028 2.32282e-18 
0.896187 0.48732 6.00583e-19 
0.900449 0.450485 -6.33909e-19 
0.820062 0.43361 6.79192e-19 
0.802666 0.429396 4.05675e-19 
0.773402 0.415428 -3.98668e-19 
1.02738 -0.000431688 6.98956e-19 
1.02002 -0.000146374 0 
1.01849 0.000793274 4.55247e-19 
1.02154 -0.00197435 -1.03138e-18 
1.02224 0.00420245 5.01135e-19 
1.02043 0.0110573 -1.04973e-18 
1.0214 0.0104534 0 
1.02074 0.0107084 -2.18615e-19 
1.01601 0.00759614 5.4849e-19 
1.01676 0.0103434 -2.73612e-19 
1.01745 0.00968749 2.01557e-19 
0.0316787 1.31099 0 
0.0356375 1.34386 0 
0.0401826 1.31162 0 
0.0447862 1.27435 0 
0.0707895 1.37222 6.16568e-20 
0.0771664 1.34536 -1.11138e-20 
0.109928 1.5003 -4.16574e-20 
0.0932427 1.34958 2.31534e-20 
0.0343213 1.4431 -6.70952e-20 
0.0384781 1.43561 5.21761e-20 
0.0621633 1.35508 -6.68983e-21 
0.0549211 1.35622 -2.92056e-20 
0.0475353 1.33284 -4.6107e-21 
0.0401361 1.35426 -7.41034e-21 
0.109509 2.37881 -2.0368e-19 
0.0971655 2.42438 0 
0.173987 2.0531 1.29679e-19 
0.112318 1.7104 6.28067e-20 
0.232215 2.04674 -1.06154e-19 
0.207592 2.44067 0 
0.26756 2.39177 -6.6171e-19 
0.306388 2.38964 4.69319e-19 
0.234287 2.00609 -2.95582e-19 
0.156057 2.16878 1.91876e-19 
0.146178 2.28267 0 
0.0181709 1.87687 -7.17517e-20 
-0.00509533 2.40889 -1.32575e-19 
0.00158696 2.16006 0 
0.0121493 2.46744 -1.41941e-20 
0.0268897 2.31146 4.75097e-20 
0.0211694 1.3905 4.41644e-21 
0.0148374 1.37633 -7.33192e-20 
0.015088 1.38119 1.94563e-20 
0.0211435 1.37906 2.49416e-20 
0.0268071 1.40845 0 
0.0107001 1.36376 0 
0.00569393 1.27901 3.10851e-20 
0.00272537 1.35318 -1.06211e-20 
0.0107501 1.35073 0 
0.0101701 1.27789 1.99305e-20 
0.0064222 1.19237 -4.19567e-20 
1.03994 0.0109168 0 
1.04621 0.00722577 -7.34396e-20 
1.03868 0.0205145 -5.28876e-19 
1.04787 0.0194378 0 
1.05136 0.0193562 0 
1.03641 0.0108482 -6.64545e-21 
1.03097 0.0107091 8.48069e-19 
1.03196 0.0157855 1.02928e-18 
1.02596 0.0198105 0 
1.02324 0.0202382 0 
1.03525 0.0241816 5.27718e-19 
1.02632 0.0255692 0 
1.02461 0.0256253 0 
-0.0324303 2.0294 0 
0.0021086 1.65332 -7.14138e-21 
-0.0146261 1.76987 -1.83035e-20 
0.00432386 1.36042 0 
-0.013224 1.55827 2.51662e-20 
0.00182005 1.45553 -1.68688e-20 
0.0190235 1.38048 0 
0.391221 1.6705 0 
0.367832 1.2974 -1.57655e-19 
0.304707 1.34214 0 
0.423845 1.29559 1.14257e-19 
0.467298 1.45352 0 
0.448546 1.39948 -2.30109e-20 
1.03503 2.68652 -1.64714e-20 
0.964797 2.4092 -9.67866e-19 
0.914576 2.18929 1.10809e-18 
0.848721 2.3734 2.54728e-19 
0.84643 2.49703 0 
0.916499 2.49355 0 
0.926666 2.37166 0 
0.905058 2.35803 -9.89819e-19 
0.689087 2.46536 -4.37694e-19 
0.800835 2.45587 -1.067e-19 
0.811251 2.4297 8.13824e-20 
0.694084 2.39027 0 
0.798316 2.38559 0 
0.757227 2.39816 -3.82199e-19 
0.768719 2.4869 0 
0.611825 1.09888 0 
0.4827 0.928095 -5.45142e-19 
0.549492 0.963019 -3.46311e-20 
0.518703 1.05489 0 
0.519532 1.00494 8.18615e-19 
0.771613 0.879767 -1.49944e-19 
0.781098 1.01549 0 
0.754837 0.974045 2.22898e-19 
0.641528 1.03501 0 
0.64599 0.943558 0 
1.16422 2.76313 -2.59977e-19 
1.14182 2.82685 -1.17945e-19 
0.931398 2.34762 1.35187e-19 
0.899241 2.32531 -9.45354e-20 
1.12897 2.73561 0 
1.08237 2.70567 1.13795e-19 
1.08886 2.48692 -3.41235e-19 
0.982691 2.2342 -3.03584e-20 
0.495437 1.35485 0 
0.508552 1.07431 -1.41428e-19 
0.561554 1.16396 0 
0.860549 0.218211 0 
0.789871 0.169238 0 
0.736458 0.137972 0 
0.855907 0.222114 -6.96921e-19 
0.765002 0.209381 4.07933e-19 
0.934391 0.0736536 -4.3929e-19 
0.949303 0.119576 0 
0.928552 0.1302 1.88315e-19 
0.868915 0.10717 7.55083e-19 
0.842451 0.0649746 -4.72633e-19 
1.16191 3.36146 -7.0144e-19 
1.20943 3.28081 0 
1.16049 3.38937 -1.4514e-18 
0.64802 3.55018 1.23207e-18 
0.872936 3.11747 4.78824e-20 
0.514177 0.853113 6.34602e-19 
0.43133 0.846701 0 
0.339652 0.491292 -1.60552e-19 
0.451226 0.681004 9.14365e-19 
0.535643 0.461277 -2.21792e-19 
0.509466 0.514269 2.52302e-19 
0.661988 0.530933 5.4977e-19 
0.692286 0.554366 0 
0.644251 0.612643 0 
0.602049 0.550687 0 
0.978177 0.601232 1.19694e-19 
0.898439 0.536483 -5.84343e-19 
0.922294 0.570522 4.5111e-19 
0.958849 0.505432 -4.53262e-19 
1.06231 0.479428 0 
1.06948 0.570407 -1.16665e-19 
0.844059 0.385208 -9.26356e-19 
0.847577 0.371553 -1.14669e-18 
0.795689 0.379647 7.22012e-19 
0.791516 0.350216 -7.3698e-19 
0.841671 0.306023 -5.76242e-19 
0.794101 0.305256 7.07906e-19 
1.02669 0.00550556 -5.35964e-19 
1.02644 0.0057297 1.09289e-18 
1.02914 -0.000255511 6.78276e-19 
1.03329 0.000670318 -8.17139e-19 
1.03338 0.00824196 0 
1.03008 0.00880172 -1.32721e-18 
0.0644483 1.64068 3.44594e-20 
0.0462662 1.56842 0 
0.0866162 1.69221 2.2401e-19 
0.0966023 1.67528 -2.00053e-19 
0.0875605 1.5202 7.81717e-20 
0.0880769 1.50096 0 
0.00413622 1.68444 0 
-0.00234648 1.4899 -1.35987e-20 
-0.00615031 1.4262 1.22205e-20 
-0.00720836 1.54981 1.18766e-21 
-0.00384941 1.89141 -2.36356e-20 
-0.0222792 1.94344 1.34199e-20 
0.494762 1.37259 -3.4522e-19 
0.489057 1.37578 3.77653e-19 
0.445257 1.29176 -8.59826e-20 
0.433403 1.29299 1.17343e-20 
0.625517 1.29814 0 
0.544346 1.38536 4.95754e-20 
0.560266 1.39325 -4.82508e-20 
0.455837 1.27764 8.29879e-20 
0.509107 1.23237 0 
0.561642 1.19765 0 
0.655732 2.42435 6.42981e-19 
0.670101 2.4611 1.35074e-18 
0.715609 2.473 -9.30399e-19 
0.614987 2.44862 -2.1566e-19 
0.561423 2.5406 3.06289e-19 
0.511281 2.51395 -8.13027e-19 
0.975588 2.37864 -6.20715e-19 
1.01165 2.39278 0 
0.921147 2.16763 -7.16305e-19 
1.05254 2.68466 0 
1.05463 2.6713 0 
0.61319 2.27672 -1.38728e-19 
1.04239 3.16433 1.12214e-19 
0.913635 3.03437 -1.49863e-20 
0.281979 0.915173 0 
0.323498 0.776628 -3.34211e-19 
0.481704 0.732038 -3.40071e-19 
0.392184 2.02382 0 
0.467799 2.78617 -3.33317e-20 
0.424709 2.55018 0 
0.686668 0.679754 -9.12776e-19 
0.768394 0.680146 1.25002e-18 
0.788814 0.622657 -1.23861e-18 
0.669935 0.642382 -1.17878e-19 
0.726126 0.5965 -4.89737e-19 
1.00435 2.76786 -8.53236e-20 
1.04117 2.82487 -2.00453e-19 
0.641606 2.15501 7.0281e-19 
0.597181 1.71821 -4.98515e-19 
0.699964 1.90996 -4.46719e-19 
0.98984 2.45104 -1.18024e-19 
0.994524 2.44563 3.35488e-19 
0.661735 1.85089 3.06812e-20 
0.451869 1.33648 1.63242e-19 
))
(300 (2 10 3 0 0 919 1018)(
0 0 0 
0 0 0 
0 0 0 
0 0 0 
0 0 0 
0 0 0 
0 0 0 
0 0 0 
0 0 0 
0 0 0 
0 0 0 
0 0 0 
0 0 0 
0 0 0 
0 0 0 
0 0 0 
0 0 0 
0 0 0 
0 0 0 
0 0 0 
0 0 0 
0 0 0 
0 0 0 
0 0 0 
0 0 0 
0 0 0 
0 0 0 
0 0 0 
0 0 0 
0 0 0 
0 0 0 
0 0 0 
0 0 0 
0 0 0 
0 0 0 
0 0 0 
0 0 0 
0 0 0 
0 0 0 
0 0 0 
0 0 0 
0 0 0 
0 0 0 
0 0 0 
0 0 0 
0 0 0 
0 0 0 
0 0 0 
0 0 0 
0 0 0 
0 0 0 
0 0 0 
0 0 0 
0 0 0 
0 0 0 
0 0 0 
0 0 0 
0 0 0 
0 0 0 
0 0 0 
0 0 0 
0 0 0 
0 0 0 
0 0 0 
0 0 0 
0 0 0 
0 0 0 
0 0 0 
0 0 0 
0 0 0 
0 0 0 
0 0 0 
0 0 0 
0 0 0 
0 0 0 
0 0 0 
0 0 0 
0 0 0 
0 0 0 
0 0 0 
0 0 0 
0 0 0 
0 0 0 
0 0 0 
0 0 0 
0 0 0 
0 0 0 
0 0 0 
0 0 0 
0 0 0 
0 0 0 
0 0 0 
0 0 0 
0 0 0 
0 0 0 
0 0 0 
0 0 0 
0 0 0 
0 0 0 
0 0 0 
))
(300 (2 11 3 0 0 1019 1026)(
1 0 0 
1 0 0 
1 0 0 
1 0 0 
1 0 0 
1 0 0 
1 0 0 
1 0 0 
))
(300 (2 12 3 0 0 1027 1030)(
0 3 0 
0 3 0 
0 3 0 
0 3 0 
))
(300 (2 13 3 0 0 1031 1038)(
-0.00834599 0.798187 0 
-0.055909 1.9579 1.54676e-20 
0.00198238 1.0446 0 
-0.0484077 2.58958 0 
-0.0100353 2.13093 0 
0.0605841 1.35877 0 
0.0474888 1.68402 0 
-0.0506522 2.4382 0 
))
(300 (2 14 3 0 0 1039 1072)(
0 0 0 
0 0 0 
0 0 0 
0 0 0 
0 0 0 
0 0 0 
0 0 0 
0 0 0 
0 0 0 
0 0 0 
0 0 0 
0 0 0 
0 0 0 
0 0 0 
0 0 0 
0 0 0 
0 0 0 
0 0 0 
0 0 0 
0 0 0 
0 0 0 
0 0 0 
0 0 0 
0 0 0 
0 0 0 
0 0 0 
0 0 0 
0 0 0 
0 0 0 
0 0 0 
0 0 0 
0 0 0 
0 0 0 
0 0 0 
))
(300 (2 15 3 0 0 1073 1072)(
))
